#1	GLOBAL	6217000.000000		6384000.000000			39840000.000000		23520000.000000		677800000.000000	-23110000.000000				5414000000.000000						957200000.000000
#10	GLOBAL	6217000.000000		6384000.000000			39840000.000000		23520000.000000		677800000.000000	-23110000.000000				5414000000.000000						957200000.000000
#11	GLOBAL	6217000.000000		6384000.000000			39840000.000000		23520000.000000		677800000.000000	-23110000.000000				5414000000.000000						957200000.000000
#12	GLOBAL	6217000.000000		6384000.000000			39840000.000000		23520000.000000		677800000.000000	-23110000.000000				5414000000.000000						957200000.000000
#13	GLOBAL	6217000.000000		6384000.000000			39840000.000000		23520000.000000		677800000.000000	-23110000.000000				5414000000.000000						957200000.000000
#14	GLOBAL	6217000.000000		6384000.000000			39840000.000000		23520000.000000		677800000.000000	-23110000.000000				5414000000.000000						957200000.000000
#15	GLOBAL	6217000.000000		6384000.000000			39840000.000000		23520000.000000		677800000.000000	-23110000.000000				5414000000.000000						957200000.000000
#16	GLOBAL	6217000.000000		6384000.000000			39840000.000000		23520000.000000		677800000.000000	-23110000.000000				5414000000.000000						957200000.000000
#2	GLOBAL	6217000.000000		6384000.000000			39840000.000000		23520000.000000		677800000.000000	-23110000.000000				5414000000.000000						957200000.000000
#3	GLOBAL	6217000.000000		6384000.000000			39840000.000000		23520000.000000		677800000.000000	-23110000.000000				5414000000.000000						957200000.000000
#4	GLOBAL	6217000.000000		6384000.000000			39840000.000000		23520000.000000		677800000.000000	-23110000.000000				5414000000.000000						957200000.000000
#5	GLOBAL	6217000.000000		6384000.000000			39840000.000000		23520000.000000		677800000.000000	-23110000.000000				5414000000.000000						957200000.000000
#6	GLOBAL	6217000.000000		6384000.000000			39840000.000000		23520000.000000		677800000.000000	-23110000.000000				5414000000.000000						957200000.000000
#7	GLOBAL	6217000.000000		6384000.000000			39840000.000000		23520000.000000		677800000.000000	-23110000.000000				5414000000.000000						957200000.000000
#8	GLOBAL	6217000.000000		6384000.000000			39840000.000000		23520000.000000		677800000.000000	-23110000.000000				5414000000.000000						957200000.000000
#9	GLOBAL	6217000.000000		6384000.000000			39840000.000000		23520000.000000		677800000.000000	-23110000.000000				5414000000.000000						957200000.000000
pile_group40	GLOBAL	5699000.000000		7258000.000000			36480000.000000		24890000.000000		541400000.000000	-21180000.000000				4850000000.000000						1029000000.000000
pile_group50	GLOBAL	6217000.000000		6384000.000000			39840000.000000		23520000.000000		677800000.000000	-23110000.000000				5414000000.000000						957200000.000000
