#1	GLOBAL	6217000.000000		6384000.000000			39840000.000000		23520000.000000		677800000.000000	-23110000.000000				5414000000.000000						957200000.000000
#2	GLOBAL	6217000.000000		6384000.000000			39840000.000000		23520000.000000		677800000.000000	-23110000.000000				5414000000.000000						957200000.000000
#3	GLOBAL	6217000.000000		6384000.000000			39840000.000000		23520000.000000		677800000.000000	-23110000.000000				5414000000.000000						957200000.000000
#4	GLOBAL	6217000.000000		6384000.000000			39840000.000000		23520000.000000		677800000.000000	-23110000.000000				5414000000.000000						957200000.000000
#5	GLOBAL	6217000.000000		6384000.000000			39840000.000000		23520000.000000		677800000.000000	-23110000.000000				5414000000.000000						957200000.000000
#6	GLOBAL	6217000.000000		6384000.000000			39840000.000000		23520000.000000		677800000.000000	-23110000.000000				5414000000.000000						957200000.000000
#7	GLOBAL	6217000.000000		6384000.000000			39840000.000000		23520000.000000		677800000.000000	-23110000.000000				5414000000.000000						957200000.000000
#8	GLOBAL	6217000.000000		6384000.000000			39840000.000000		23520000.000000		677800000.000000	-23110000.000000				5414000000.000000						957200000.000000
#9	GLOBAL	6217000.000000		6384000.000000			39840000.000000		23520000.000000		677800000.000000	-23110000.000000				5414000000.000000						957200000.000000
#10	GLOBAL	6217000.000000		6384000.000000			39840000.000000		23520000.000000		677800000.000000	-23110000.000000				5414000000.000000						957200000.000000
#11	GLOBAL	6217000.000000		6384000.000000			39840000.000000		23520000.000000		677800000.000000	-23110000.000000				5414000000.000000						957200000.000000
#12	GLOBAL	6217000.000000		6384000.000000			39840000.000000		23520000.000000		677800000.000000	-23110000.000000				5414000000.000000						957200000.000000
#13	GLOBAL	6217000.000000		6384000.000000			39840000.000000		23520000.000000		677800000.000000	-23110000.000000				5414000000.000000						957200000.000000
#14	GLOBAL	6217000.000000		6384000.000000			39840000.000000		23520000.000000		677800000.000000	-23110000.000000				5414000000.000000						957200000.000000
#15	GLOBAL	6217000.000000		6384000.000000			39840000.000000		23520000.000000		677800000.000000	-23110000.000000				5414000000.000000						957200000.000000
#16	GLOBAL	6217000.000000		6384000.000000			39840000.000000		23520000.000000		677800000.000000	-23110000.000000				5414000000.000000						957200000.000000
#17	GLOBAL	6217000.000000		6384000.000000			39840000.000000		23520000.000000		677800000.000000	-23110000.000000				5414000000.000000						957200000.000000
#18	GLOBAL	6217000.000000		6384000.000000			39840000.000000		23520000.000000		677800000.000000	-23110000.000000				5414000000.000000						957200000.000000
#19	GLOBAL	6217000.000000		6384000.000000			39840000.000000		23520000.000000		677800000.000000	-23110000.000000				5414000000.000000						957200000.000000
#20	GLOBAL	6217000.000000		6384000.000000			39840000.000000		23520000.000000		677800000.000000	-23110000.000000				5414000000.000000						957200000.000000
#21	GLOBAL	6217000.000000		6384000.000000			39840000.000000		23520000.000000		677800000.000000	-23110000.000000				5414000000.000000						957200000.000000
#22	GLOBAL	6217000.000000		6384000.000000			39840000.000000		23520000.000000		677800000.000000	-23110000.000000				5414000000.000000						957200000.000000
#23	GLOBAL	6217000.000000		6384000.000000			39840000.000000		23520000.000000		677800000.000000	-23110000.000000				5414000000.000000						957200000.000000
#24	GLOBAL	6217000.000000		6384000.000000			39840000.000000		23520000.000000		677800000.000000	-23110000.000000				5414000000.000000						957200000.000000
#25	GLOBAL	6217000.000000		6384000.000000			39840000.000000		23520000.000000		677800000.000000	-23110000.000000				5414000000.000000						957200000.000000
#26	GLOBAL	6217000.000000		6384000.000000			39840000.000000		23520000.000000		677800000.000000	-23110000.000000				5414000000.000000						957200000.000000
#27	GLOBAL	6217000.000000		6384000.000000			39840000.000000		23520000.000000		677800000.000000	-23110000.000000				5414000000.000000						957200000.000000
#28	GLOBAL	6217000.000000		6384000.000000			39840000.000000		23520000.000000		677800000.000000	-23110000.000000				5414000000.000000						957200000.000000
#29	GLOBAL	6217000.000000		6384000.000000			39840000.000000		23520000.000000		677800000.000000	-23110000.000000				5414000000.000000						957200000.000000
#30	GLOBAL	6217000.000000		6384000.000000			39840000.000000		23520000.000000		677800000.000000	-23110000.000000				5414000000.000000						957200000.000000
