T/s	S(T)/ms-2
0	1.608184
0.01	1.97806632
0.02	2.34794864
0.03	2.71783096
0.04	3.08771328
0.05	3.4575956
0.06	3.82747792
0.07	4.19736024
0.08	4.56724256
0.09	4.93712488
0.1	5.3070072
0.11	5.3070072
0.12	5.3070072
0.13	5.3070072
0.14	5.3070072
0.15	5.3070072
0.16	5.3070072
0.17	5.3070072
0.18	5.3070072
0.19	5.3070072
0.2	5.3070072
0.21	5.3070072
0.22	5.3070072
0.23	5.3070072
0.24	5.3070072
0.25	5.3070072
0.26	5.3070072
0.27	5.3070072
0.28	5.3070072
0.29	5.3070072
0.3	5.3070072
0.31	5.3070072
0.32	5.3070072
0.33	5.3070072
0.34	5.3070072
0.35	5.3070072
0.36	5.3070072
0.37	5.3070072
0.38	5.3070072
0.39	5.3070072
0.4	5.3070072
0.41	5.3070072
0.42	5.3070072
0.43	5.3070072
0.44	5.3070072
0.45	5.3070072
0.46	5.3070072
0.47	5.3070072
0.48	5.3070072
0.49	5.3070072
0.5	5.3070072
0.51	5.3070072
0.52	5.3070072
0.53	5.3070072
0.54	5.3070072
0.55	5.3070072
0.56	5.3070072
0.57	5.3070072
0.58	5.3070072
0.59	5.3070072
0.6	5.3070072
0.61	5.3070072
0.62	5.3070072
0.63	5.3070072
0.64	5.3070072
0.65	5.3070072
0.66	5.3070072
0.67	5.3070072
0.68	5.3070072
0.69	5.3070072
0.7	5.3070072
0.71	5.3070072
0.72	5.3070072
0.73	5.3070072
0.74	5.3070072
0.75	5.3070072
0.76	5.3070072
0.77	5.3070072
0.78	5.3070072
0.79	5.3070072
0.8	5.3070072
0.81	5.241488593
0.82	5.177568
0.83	5.115187663
0.84	5.054292571
0.85	4.994830306
0.86	4.936750884
0.87	4.880006621
0.88	4.824552
0.89	4.770343551
0.9	4.717339733
0.91	4.665500835
0.92	4.61478887
0.93	4.565167484
0.94	4.516601872
0.95	4.469058695
0.96	4.422506
0.97	4.376913155
0.98	4.332250776
0.99	4.288490667
1	4.24560576
1.01	4.203570059
1.02	4.162358588
1.03	4.12194734
1.04	4.082313231
1.05	4.043434057
1.06	4.005288453
1.07	3.96785585
1.08	3.931116444
1.09	3.895051156
1.1	3.8596416
1.11	3.824870054
1.12	3.790719429
1.13	3.757173239
1.14	3.724215579
1.15	3.691831096
1.16	3.660004966
1.17	3.628722872
1.18	3.597970983
1.19	3.567735933
1.2	3.5380048
1.21	3.508765091
1.22	3.480004721
1.23	3.451712
1.24	3.423875613
1.25	3.396484608
1.26	3.369528381
1.27	3.342996661
1.28	3.3168795
1.29	3.291167256
1.3	3.265850585
1.31	3.240920427
1.32	3.216368
1.33	3.192184782
1.34	3.168362507
1.35	3.144893156
1.36	3.121768941
1.37	3.098982307
1.38	3.076525913
1.39	3.054392633
1.4	3.032575543
1.41	3.011067915
1.42	2.989863211
1.43	2.968955077
1.44	2.948337333
1.45	2.928003972
1.46	2.907949151
1.47	2.888167184
1.48	2.868652541
1.49	2.849399839
1.5	2.83040384
1.51	2.811659444
1.52	2.793161684
1.53	2.774905725
1.54	2.756886857
1.55	2.73910049
1.56	2.721542154
1.57	2.70420749
1.58	2.687092253
1.59	2.670192302
1.6	2.6535036
1.61	2.637022211
1.62	2.620744296
1.63	2.60466611
1.64	2.588784
1.65	2.5730944
1.66	2.557593831
1.67	2.542278898
1.68	2.527146286
1.69	2.512192757
1.7	2.497415153
1.71	2.482810386
1.72	2.468375442
1.73	2.454107376
1.74	2.44000331
1.75	2.426060434
1.76	2.412276
1.77	2.398647322
1.78	2.385171775
1.79	2.371846793
1.8	2.358669867
1.81	2.345638541
1.82	2.332750418
1.83	2.320003148
1.84	2.307394435
1.85	2.294922032
1.86	2.282583742
1.87	2.270377412
1.88	2.258300936
1.89	2.246352254
1.9	2.234529347
1.91	2.222830241
1.92	2.211253
1.93	2.199795731
1.94	2.188456577
1.95	2.177233723
1.96	2.166125388
1.97	2.155129827
1.98	2.144245333
1.99	2.133470231
2	2.12280288
2.01	2.112241672
2.02	2.10178503
2.03	2.091431409
2.04	2.081179294
2.05	2.0710272
2.06	2.06097367
2.07	2.051017275
2.08	2.041156615
2.09	2.031390316
2.1	2.021717029
2.11	2.012135431
2.12	2.002644226
2.13	1.993242141
2.14	1.983927925
2.15	1.974700353
2.16	1.965558222
2.17	1.95650035
2.18	1.947525578
2.19	1.938632767
2.2	1.9298208
2.21	1.921088579
2.22	1.912435027
2.23	1.903859085
2.24	1.895359714
2.25	1.886935893
2.26	1.878586619
2.27	1.870310907
2.28	1.862107789
2.29	1.853976314
2.3	1.845915548
2.31	1.837924571
2.32	1.830002483
2.33	1.822148395
2.34	1.814361436
2.35	1.806640749
2.36	1.798985492
2.37	1.791394835
2.38	1.783867966
2.39	1.776404084
2.4	1.7690024
2.41	1.761662141
2.42	1.754382545
2.43	1.747162864
2.44	1.740002361
2.45	1.73290031
2.46	1.725856
2.47	1.718868729
2.48	1.711937806
2.49	1.705062554
2.5	1.698242304
2.51	1.691476398
2.52	1.68476419
2.53	1.678105043
2.54	1.671498331
2.55	1.664943435
2.56	1.65843975
2.57	1.651986677
2.58	1.645583628
2.59	1.639230023
2.6	1.632925292
2.61	1.626668874
2.62	1.620460214
2.63	1.614298768
2.64	1.608184
2.65	1.602115381
2.66	1.596092391
2.67	1.590114517
2.68	1.584181254
2.69	1.578292104
2.7	1.572446578
2.71	1.566644192
2.72	1.560884471
2.73	1.555166945
2.74	1.549491153
2.75	1.54385664
2.76	1.538262957
2.77	1.532709661
2.78	1.527196317
2.79	1.521722495
2.8	1.516287771
2.81	1.51089173
2.82	1.505533957
2.83	1.500214049
2.84	1.494931606
2.85	1.489686232
2.86	1.484477538
2.87	1.479305143
2.88	1.474168667
2.89	1.469067737
2.9	1.464001986
2.91	1.458971052
2.92	1.453974575
2.93	1.449012205
2.94	1.444083592
2.95	1.439188393
2.96	1.43432627
2.97	1.429496889
2.98	1.424699919
2.99	1.419935037
3	1.41520192
3.01	1.410500252
3.02	1.405829722
3.03	1.40119002
3.04	1.396580842
3.05	1.392001889
3.06	1.387452863
3.07	1.382933472
3.08	1.378443429
3.09	1.373982447
3.1	1.369550245
3.11	1.365146547
3.12	1.360771077
3.13	1.356423565
3.14	1.352103745
3.15	1.347811352
3.16	1.343546127
3.17	1.339307811
3.18	1.335096151
3.19	1.330910897
3.2	1.3267518
3.21	1.322618617
3.22	1.318511106
3.23	1.314429028
3.24	1.310372148
3.25	1.306340234
3.26	1.302333055
3.27	1.298350385
3.28	1.294392
3.29	1.290457678
3.3	1.2865472
3.31	1.28266035
3.32	1.278796916
3.33	1.274956685
3.34	1.271139449
3.35	1.267345003
3.36	1.263573143
3.37	1.259823668
3.38	1.256096379
3.39	1.25239108
3.4	1.248707576
3.41	1.245045677
3.42	1.241405193
3.43	1.237785936
3.44	1.234187721
3.45	1.230610365
3.46	1.227053688
3.47	1.22351751
3.48	1.220001655
3.49	1.216505948
3.5	1.213030217
3.51	1.209574291
3.52	1.206138
3.53	1.202721178
3.54	1.199323661
3.55	1.195945285
3.56	1.192585888
3.57	1.189245311
3.58	1.185923397
3.59	1.182619989
3.6	1.179334933
3.61	1.176068078
3.62	1.172819271
3.63	1.169588364
3.64	1.166375209
3.65	1.16317966
3.66	1.160001574
3.67	1.156840807
3.68	1.153697217
3.69	1.150570667
3.7	1.147461016
3.71	1.144368129
3.72	1.141291871
3.73	1.138232107
3.74	1.135188706
3.75	1.132161536
3.76	1.129150468
3.77	1.126155374
3.78	1.123176127
3.79	1.120212602
3.8	1.117264674
3.81	1.11433222
3.82	1.11141512
3.83	1.108513253
3.84	1.1056265
3.85	1.102754743
3.86	1.099897865
3.87	1.097055752
3.88	1.094228289
3.89	1.091415362
3.9	1.088616862
3.91	1.085832675
3.92	1.083062694
3.93	1.080306809
3.94	1.077564914
3.95	1.074836901
3.96	1.072122667
3.97	1.069422106
3.98	1.066735116
3.99	1.064061594
4	1.06140144
4.01	1.058754554
4.02	1.056120836
4.03	1.053500189
4.04	1.050892515
4.05	1.048297719
4.06	1.045715704
4.07	1.043146378
4.08	1.040589647
4.09	1.038045418
4.1	1.0355136
4.11	1.032994102
4.12	1.030486835
4.13	1.027991709
4.14	1.025508638
4.15	1.023037533
4.16	1.020578308
4.17	1.018130878
4.18	1.015695158
4.19	1.013271064
4.2	1.010858514
4.21	1.008457425
4.22	1.006067716
4.23	1.003689305
4.24	1.001322113
4.25	0.998966061
4.26	0.99662107
4.27	0.994287063
4.28	0.991963963
4.29	0.989651692
4.3	0.987350177
4.31	0.985059341
4.32	0.982779111
4.33	0.980509413
4.34	0.978250175
4.35	0.976001324
4.36	0.973762789
4.37	0.971534499
4.38	0.969316384
4.39	0.967108374
4.4	0.9649104
4.41	0.962722395
4.42	0.96054429
4.43	0.958376018
4.44	0.956217514
4.45	0.95406871
4.46	0.951929543
4.47	0.949799946
4.48	0.947679857
4.49	0.945569212
4.5	0.943467947
4.51	0.941376
4.52	0.93929331
4.53	0.937219815
4.54	0.935155454
4.55	0.933100167
4.56	0.931053895
4.57	0.929016578
4.58	0.926988157
4.59	0.924968575
4.6	0.922957774
4.61	0.920955696
4.62	0.918962286
4.63	0.916977486
4.64	0.915001241
4.65	0.913033497
4.66	0.911074197
4.67	0.909123289
4.68	0.907180718
4.69	0.905246431
4.7	0.903320374
4.71	0.901402497
4.72	0.899492746
4.73	0.89759107
4.74	0.895697418
4.75	0.893811739
4.76	0.891933983
4.77	0.890064101
4.78	0.888202042
4.79	0.886347758
4.8	0.8845012
4.81	0.88266232
4.82	0.880831071
4.83	0.879007404
4.84	0.877191273
4.85	0.875382631
4.86	0.873581432
4.87	0.87178763
4.88	0.87000118
4.89	0.868222037
4.9	0.866450155
4.91	0.864685491
4.92	0.862928
4.93	0.861177639
4.94	0.859434364
4.95	0.857698133
4.96	0.855968903
4.97	0.854246632
4.98	0.852531277
4.99	0.850822798
5	0.849121152
5.01	0.847426299
5.02	0.845738199
5.03	0.844056811
5.04	0.842382095
5.05	0.840714012
5.06	0.839052522
5.07	0.837397586
5.08	0.835749165
5.09	0.834107222
5.1	0.832471718
5.11	0.830842614
5.12	0.829219875
5.13	0.827603462
5.14	0.825993339
5.15	0.824389468
5.16	0.822791814
5.17	0.82120034
5.18	0.819615012
5.19	0.818035792
5.2	0.816462646
5.21	0.814895539
5.22	0.813334437
5.23	0.811779304
5.24	0.810230107
5.25	0.808686811
5.26	0.807149384
5.27	0.805617791
5.28	0.804092
5.29	0.802571977
5.3	0.801057691
5.31	0.799549107
5.32	0.798046195
5.33	0.796548923
5.34	0.795057258
5.35	0.79357117
5.36	0.792090627
5.37	0.790615598
5.38	0.789146052
5.39	0.787681959
5.4	0.786223289
5.41	0.784770011
5.42	0.783322096
5.43	0.781879514
5.44	0.780442235
5.45	0.779010231
5.46	0.777583473
5.47	0.776161931
5.48	0.774745577
5.49	0.773334383
5.5	0.77192832
5.51	0.770527361
5.52	0.769131478
5.53	0.767740644
5.54	0.76635483
5.55	0.764974011
5.56	0.763598158
5.57	0.762227246
5.58	0.760861247
5.59	0.759500136
5.6	0.758143886
5.61	0.756792471
5.62	0.755445865
5.63	0.754104043
5.64	0.752766979
5.65	0.751434648
5.66	0.750107025
5.67	0.748784085
5.68	0.747465803
5.69	0.746152155
5.7	0.744843116
5.71	0.743538662
5.72	0.742238769
5.73	0.740943414
5.74	0.739652571
5.75	0.738366219
5.76	0.737084333
5.77	0.735806891
5.78	0.734533869
5.79	0.733265244
5.8	0.732000993
5.81	0.730741095
5.82	0.729485526
5.83	0.728234264
5.84	0.726987288
5.85	0.725744574
5.86	0.724506102
5.87	0.72327185
5.88	0.722041796
5.89	0.720815919
5.9	0.719594197
5.91	0.718376609
5.92	0.717163135
5.93	0.715953754
5.94	0.714748444
5.95	0.713547187
5.96	0.71234996
5.97	0.711156744
5.98	0.709967518
5.99	0.708782264
6	0.70760096
6.01	0.706423587
6.02	0.705250126
6.03	0.704080557
6.04	0.702914861
6.05	0.701753018
6.06	0.70059501
6.07	0.699440817
6.08	0.698290421
6.09	0.697143803
6.1	0.696000944
6.11	0.694861827
6.12	0.693726431
6.13	0.692594741
6.14	0.691466736
6.15	0.6903424
6.16	0.689221714
6.17	0.688104661
6.18	0.686991223
6.19	0.685881383
6.2	0.684775123
6.21	0.683672425
6.22	0.682573273
6.23	0.68147765
6.24	0.680385538
6.25	0.679296922
6.26	0.678211783
6.27	0.677130105
6.28	0.676051873
6.29	0.674977068
6.3	0.673905676
6.31	0.67283768
6.32	0.671773063
6.33	0.67071181
6.34	0.669653905
6.35	0.668599332
6.36	0.667548075
6.37	0.666500119
6.38	0.665455448
6.39	0.664414047
6.4	0.6633759
6.41	0.662340992
6.42	0.661309308
6.43	0.660280834
6.44	0.659255553
6.45	0.658233451
6.46	0.657214514
6.47	0.656198726
6.48	0.655186074
6.49	0.654176542
6.5	0.653170117
6.51	0.652166783
6.52	0.651166528
6.53	0.650169335
6.54	0.649175193
6.55	0.648184085
6.56	0.647196
6.57	0.646210922
6.58	0.645228839
6.59	0.644249736
6.6	0.6432736
6.61	0.642300418
6.62	0.641330175
6.63	0.64036286
6.64	0.639398458
6.65	0.638436956
6.66	0.637478342
6.67	0.636522603
6.68	0.635569725
6.69	0.634619695
6.7	0.633672501
6.71	0.632728131
6.72	0.631786571
6.73	0.63084781
6.74	0.629911834
6.75	0.628978631
6.76	0.628048189
6.77	0.627120496
6.78	0.62619554
6.79	0.625273308
6.8	0.624353788
6.81	0.623436969
6.82	0.622522839
6.83	0.621611385
6.84	0.620702596
6.85	0.619796461
6.86	0.618892968
6.87	0.617992105
6.88	0.61709386
6.89	0.616198224
6.9	0.615305183
6.91	0.614414726
6.92	0.613526844
6.93	0.612641524
6.94	0.611758755
6.95	0.610878527
6.96	0.610000828
6.97	0.609125647
6.98	0.608252974
6.99	0.607382798
7	0.606515109
7.01	0.605649894
7.02	0.604787145
7.03	0.603926851
7.04	0.603069
7.05	0.602213583
7.06	0.601360589
7.07	0.600510008
7.08	0.599661831
7.09	0.598816045
7.1	0.597972642
7.11	0.597131612
7.12	0.596292944
7.13	0.595456628
7.14	0.594622655
7.15	0.593791015
7.16	0.592961698
7.17	0.592134695
7.18	0.591309994
7.19	0.590487588
7.2	0.589667467
7.21	0.58884962
7.22	0.588034039
7.23	0.587220714
7.24	0.586409635
7.25	0.585600794
7.26	0.584794182
7.27	0.583989788
7.28	0.583187604
7.29	0.582387621
7.3	0.58158983
7.31	0.580794222
7.32	0.580000787
7.33	0.579209517
7.34	0.578420403
7.35	0.577633437
7.36	0.576848609
7.37	0.57606591
7.38	0.575285333
7.39	0.574506869
7.4	0.573730508
7.41	0.572956243
7.42	0.572184065
7.43	0.571413965
7.44	0.570645935
7.45	0.569879968
7.46	0.569116054
7.47	0.568354185
7.48	0.567594353
7.49	0.56683655
7.5	0.566080768
7.51	0.565326999
7.52	0.564575234
7.53	0.563825466
7.54	0.563077687
7.55	0.562331889
7.56	0.561588063
7.57	0.560846203
7.58	0.560106301
7.59	0.559368348
7.6	0.558632337
7.61	0.55789826
7.62	0.55716611
7.63	0.556435879
7.64	0.55570756
7.65	0.554981145
7.66	0.554256627
7.67	0.553533997
7.68	0.55281325
7.69	0.552094377
7.7	0.551377371
7.71	0.550662226
7.72	0.549948933
7.73	0.549237485
7.74	0.548527876
7.75	0.547820098
7.76	0.547114144
7.77	0.546410008
7.78	0.545707681
7.79	0.545007158
7.8	0.544308431
7.81	0.543611493
7.82	0.542916338
7.83	0.542222958
7.84	0.541531347
7.85	0.540841498
7.86	0.540153405
7.87	0.53946706
7.88	0.538782457
7.89	0.538099589
7.9	0.537418451
7.91	0.536739034
7.92	0.536061333
7.93	0.535385342
7.94	0.534711053
7.95	0.53403846
7.96	0.533367558
7.97	0.532698339
7.98	0.532030797
7.99	0.531364926
8	0.53070072
8.01	0.530038172
8.02	0.529377277
8.03	0.528718027
8.04	0.528060418
8.05	0.527404442
8.06	0.526750094
8.07	0.526097368
8.08	0.525446257
8.09	0.524796756
8.1	0.524148859
8.11	0.52350256
8.12	0.522857852
8.13	0.522214731
8.14	0.521573189
8.15	0.520933222
8.16	0.520294824
8.17	0.519657988
8.18	0.519022709
8.19	0.518388982
8.2	0.5177568
8.21	0.517126158
8.22	0.516497051
8.23	0.515869473
8.24	0.515243417
8.25	0.51461888
8.26	0.513995855
8.27	0.513374336
8.28	0.512754319
8.29	0.512135797
8.3	0.511518766
8.31	0.51090322
8.32	0.510289154
8.33	0.509676562
8.34	0.509065439
8.35	0.50845578
8.36	0.507847579
8.37	0.507240832
8.38	0.506635532
8.39	0.506031676
8.4	0.505429257
8.41	0.504828271
8.42	0.504228713
8.43	0.503630577
8.44	0.503033858
8.45	0.502438551
8.46	0.501844652
8.47	0.501252156
8.48	0.500661057
8.49	0.50007135
8.5	0.499483031
8.51	0.498896094
8.52	0.498310535
8.53	0.497726349
8.54	0.497143532
8.55	0.496562077
8.56	0.495981981
8.57	0.495403239
8.58	0.494825846
8.59	0.494249797
8.6	0.493675088
8.61	0.493101714
8.62	0.492529671
8.63	0.491958952
8.64	0.491389556
8.65	0.490821475
8.66	0.490254707
8.67	0.489689246
8.68	0.489125088
8.69	0.488562228
8.7	0.488000662
8.71	0.487440386
8.72	0.486881394
8.73	0.486323684
8.74	0.485767249
8.75	0.485212087
8.76	0.484658192
8.77	0.48410556
8.78	0.483554187
8.79	0.483004068
8.8	0.4824552
8.81	0.481907578
8.82	0.481361197
8.83	0.480816054
8.84	0.480272145
8.85	0.479729464
8.86	0.479188009
8.87	0.478647775
8.88	0.478108757
8.89	0.477570952
8.9	0.477034355
8.91	0.476498963
8.92	0.475964771
8.93	0.475431776
8.94	0.474899973
8.95	0.474369359
8.96	0.473839929
8.97	0.473311679
8.98	0.472784606
8.99	0.472258705
9	0.471733973
9.01	0.471210406
9.02	0.470688
9.03	0.470166751
9.04	0.469646655
9.05	0.469127708
9.06	0.468609907
9.07	0.468093248
9.08	0.467577727
9.09	0.46706334
9.1	0.466550084
9.11	0.466037954
9.12	0.465526947
9.13	0.46501706
9.14	0.464508289
9.15	0.46400063
9.16	0.463494079
9.17	0.462988632
9.18	0.462484288
9.19	0.46198104
9.2	0.461478887
9.21	0.460977824
9.22	0.460477848
9.23	0.459978956
9.24	0.459481143
9.25	0.458984406
9.26	0.458488743
9.27	0.457994149
9.28	0.457500621
9.29	0.457008155
9.3	0.456516748
9.31	0.456026397
9.32	0.455537099
9.33	0.455048849
9.34	0.454561645
9.35	0.454075482
9.36	0.453590359
9.37	0.453106271
9.38	0.452623215
9.39	0.452141188
9.4	0.451660187
9.41	0.451180208
9.42	0.450701248
9.43	0.450223304
9.44	0.449746373
9.45	0.449270451
9.46	0.448795535
9.47	0.448321622
9.48	0.447848709
9.49	0.447376792
9.5	0.446905869
9.51	0.446435937
9.52	0.445966992
9.53	0.44549903
9.54	0.44503205
9.55	0.444566048
9.56	0.444101021
9.57	0.443636966
9.58	0.443173879
9.59	0.442711758
9.6	0.4422506
9.61	0.441790402
9.62	0.44133116
9.63	0.440872872
9.64	0.440415535
9.65	0.439959146
9.66	0.439503702
9.67	0.4390492
9.68	0.438595636
9.69	0.438143009
9.7	0.437691315
9.71	0.437240552
9.72	0.436790716
9.73	0.436341805
9.74	0.435893815
9.75	0.435446745
9.76	0.43500059
9.77	0.434555349
9.78	0.434111018
9.79	0.433667596
9.8	0.433225078
9.81	0.432783462
9.82	0.432342745
9.83	0.431902926
9.84	0.431464
9.85	0.431025965
9.86	0.430588819
9.87	0.430152559
9.88	0.429717182
9.89	0.429282686
9.9	0.428849067
9.91	0.428416323
9.92	0.427984452
9.93	0.42755345
9.94	0.427123316
9.95	0.426694046
9.96	0.426265639
9.97	0.42583809
9.98	0.425411399
9.99	0.424985562
10	0.424560576
10.01	0.42413644
10.02	0.42371315
10.03	0.423290704
10.04	0.4228691
10.05	0.422448334
10.06	0.422028406
10.07	0.421609311
10.08	0.421191048
10.09	0.420773613
10.1	0.420357006
10.11	0.419941223
10.12	0.419526261
10.13	0.419112118
10.14	0.418698793
10.15	0.418286282
10.16	0.417874583
10.17	0.417463693
10.18	0.417053611
10.19	0.416644334
10.2	0.416235859
10.21	0.415828184
10.22	0.415421307
10.23	0.415015226
10.24	0.414609938
10.25	0.41420544
10.26	0.413801731
10.27	0.413398808
10.28	0.412996669
10.29	0.412595312
10.3	0.412194734
10.31	0.411794933
10.32	0.411395907
10.33	0.410997653
10.34	0.41060017
10.35	0.410203455
10.36	0.409807506
10.37	0.40941232
10.38	0.409017896
10.39	0.408624231
10.4	0.408231323
10.41	0.40783917
10.42	0.40744777
10.43	0.40705712
10.44	0.406667218
10.45	0.406278063
10.46	0.405889652
10.47	0.405501983
10.48	0.405115053
10.49	0.404728862
10.5	0.404343406
10.51	0.403958683
10.52	0.403574692
10.53	0.40319143
10.54	0.402808896
10.55	0.402427086
10.56	0.402046
10.57	0.401665635
10.58	0.401285989
10.59	0.400907059
10.6	0.400528845
10.61	0.400151344
10.62	0.399774554
10.63	0.399398472
10.64	0.399023098
10.65	0.398648428
10.66	0.398274462
10.67	0.397901196
10.68	0.397528629
10.69	0.39715676
10.7	0.396785585
10.71	0.396415104
10.72	0.396045313
10.73	0.395676212
10.74	0.395307799
10.75	0.394940071
10.76	0.394573026
10.77	0.394206663
10.78	0.39384098
10.79	0.393475974
10.8	0.393111644
10.81	0.392747989
10.82	0.392385006
10.83	0.392022693
10.84	0.391661048
10.85	0.39130007
10.86	0.390939757
10.87	0.390580107
10.88	0.390221118
10.89	0.389862788
10.9	0.389505116
10.91	0.389148099
10.92	0.388791736
10.93	0.388436026
10.94	0.388080965
10.95	0.387726553
10.96	0.387372788
10.97	0.387019668
10.98	0.386667191
10.99	0.386315356
11	0.38596416
11.01	0.385613602
11.02	0.385263681
11.03	0.384914393
11.04	0.384565739
11.05	0.384217716
11.06	0.383870322
11.07	0.383523556
11.08	0.383177415
11.09	0.382831899
11.1	0.382487005
11.11	0.382142733
11.12	0.381799079
11.13	0.381456043
11.14	0.381113623
11.15	0.380771817
11.16	0.380430624
11.17	0.380090041
11.18	0.379750068
11.19	0.379410702
11.2	0.379071943
11.21	0.378733788
11.22	0.378396235
11.23	0.378059284
11.24	0.377722932
11.25	0.377387179
11.26	0.377052021
11.27	0.376717459
11.28	0.376383489
11.29	0.376050112
11.3	0.375717324
11.31	0.375385125
11.32	0.375053512
11.33	0.374722485
11.34	0.374392042
11.35	0.374062181
11.36	0.373732901
11.37	0.373404201
11.38	0.373076077
11.39	0.37274853
11.4	0.372421558
11.41	0.372095159
11.42	0.371769331
11.43	0.371444073
11.44	0.371119385
11.45	0.370795263
11.46	0.370471707
11.47	0.370148715
11.48	0.369826286
11.49	0.369504418
11.5	0.36918311
11.51	0.36886236
11.52	0.368542167
11.53	0.368222529
11.54	0.367903445
11.55	0.367584914
11.56	0.367266934
11.57	0.366949504
11.58	0.366632622
11.59	0.366316286
11.6	0.366000497
11.61	0.365685251
11.62	0.365370547
11.63	0.365056385
11.64	0.364742763
11.65	0.364429679
11.66	0.364117132
11.67	0.363805121
11.68	0.363493644
11.69	0.3631827
11.7	0.362872287
11.71	0.362562405
11.72	0.362253051
11.73	0.361944225
11.74	0.361635925
11.75	0.36132815
11.76	0.361020898
11.77	0.360714168
11.78	0.360407959
11.79	0.36010227
11.8	0.359797098
11.81	0.359492444
11.82	0.359188305
11.83	0.35888468
11.84	0.358581568
11.85	0.358278967
11.86	0.357976877
11.87	0.357675296
11.88	0.357374222
11.89	0.357073655
11.9	0.356773593
11.91	0.356474035
11.92	0.35617498
11.93	0.355876426
11.94	0.355578372
11.95	0.355280817
11.96	0.354983759
11.97	0.354687198
11.98	0.354391132
11.99	0.35409556
12	0.35380048
12.01	0.353505892
12.02	0.353211794
12.03	0.352918185
12.04	0.352625063
12.05	0.352332428
12.06	0.352040279
12.07	0.351748613
12.08	0.35145743
12.09	0.35116673
12.1	0.350876509
12.11	0.350586768
12.12	0.350297505
12.13	0.350008719
12.14	0.349720409
12.15	0.349432573
12.16	0.349145211
12.17	0.34885832
12.18	0.348571901
12.19	0.348285952
12.2	0.348000472
12.21	0.347715459
12.22	0.347430913
12.23	0.347146832
12.24	0.346863216
12.25	0.346580062
12.26	0.34629737
12.27	0.346015139
12.28	0.345733368
12.29	0.345452055
12.3	0.3451712
12.31	0.344890801
12.32	0.344610857
12.33	0.344331367
12.34	0.344052331
12.35	0.343773746
12.36	0.343495612
12.37	0.343217927
12.38	0.342940691
12.39	0.342663903
12.4	0.342387561
12.41	0.342111665
12.42	0.341836213
12.43	0.341561204
12.44	0.341286637
12.45	0.341012511
12.46	0.340738825
12.47	0.340465578
12.48	0.340192769
12.49	0.339920397
12.5	0.339648461
12.51	0.339376959
12.52	0.339105891
12.53	0.338835256
12.54	0.338565053
12.55	0.33829528
12.56	0.338025936
12.57	0.337757021
12.58	0.337488534
12.59	0.337220473
12.6	0.336952838
12.61	0.336685627
12.62	0.33641884
12.63	0.336152475
12.64	0.335886532
12.65	0.335621009
12.66	0.335355905
12.67	0.33509122
12.68	0.334826953
12.69	0.334563102
12.7	0.334299666
12.71	0.334036645
12.72	0.333774038
12.73	0.333511843
12.74	0.33325006
12.75	0.332988687
12.76	0.332727724
12.77	0.33246717
12.78	0.332207023
12.79	0.331947284
12.8	0.33168795
12.81	0.331429021
12.82	0.331170496
12.83	0.330912374
12.84	0.330654654
12.85	0.330397335
12.86	0.330140417
12.87	0.329883897
12.88	0.329627776
12.89	0.329372053
12.9	0.329116726
12.91	0.328861794
12.92	0.328607257
12.93	0.328353114
12.94	0.328099363
12.95	0.327846005
12.96	0.327593037
12.97	0.32734046
12.98	0.327088271
12.99	0.326836471
13	0.326585058
13.01	0.326334032
13.02	0.326083392
13.03	0.325833136
13.04	0.325583264
13.05	0.325333775
13.06	0.325084668
13.07	0.324835942
13.08	0.324587596
13.09	0.32433963
13.1	0.324092043
13.11	0.323844833
13.12	0.323598
13.13	0.323351543
13.14	0.323105461
13.15	0.322859754
13.16	0.322614419
13.17	0.322369458
13.18	0.322124868
13.19	0.321880649
13.2	0.3216368
13.21	0.32139332
13.22	0.321150209
13.23	0.320907465
13.24	0.320665088
13.25	0.320423076
13.26	0.32018143
13.27	0.319940148
13.28	0.319699229
13.29	0.319458673
13.3	0.319218478
13.31	0.318978645
13.32	0.318739171
13.33	0.318500057
13.34	0.318261301
13.35	0.318022903
13.36	0.317784862
13.37	0.317547177
13.38	0.317309848
13.39	0.317072872
13.4	0.316836251
13.41	0.316599982
13.42	0.316364066
13.43	0.3161285
13.44	0.315893286
13.45	0.315658421
13.46	0.315423905
13.47	0.315189737
13.48	0.314955917
13.49	0.314722443
13.5	0.314489316
13.51	0.314256533
13.52	0.314024095
13.53	0.313792
13.54	0.313560248
13.55	0.313328838
13.56	0.31309777
13.57	0.312867042
13.58	0.312636654
13.59	0.312406605
13.6	0.312176894
13.61	0.311947521
13.62	0.311718485
13.63	0.311489784
13.64	0.311261419
13.65	0.311033389
13.66	0.310805693
13.67	0.310578329
13.68	0.310351298
13.69	0.310124599
13.7	0.309898231
13.71	0.309672193
13.72	0.309446484
13.73	0.309221104
13.74	0.308996052
13.75	0.308771328
13.76	0.30854693
13.77	0.308322858
13.78	0.308099112
13.79	0.30787569
13.8	0.307652591
13.81	0.307429816
13.82	0.307207363
13.83	0.306985232
13.84	0.306763422
13.85	0.306541932
13.86	0.306320762
13.87	0.306099911
13.88	0.305879378
13.89	0.305659162
13.9	0.305439263
13.91	0.305219681
13.92	0.305000414
13.93	0.304781462
13.94	0.304562824
13.95	0.304344499
13.96	0.304126487
13.97	0.303908787
13.98	0.303691399
13.99	0.303474322
14	0.303257554
14.01	0.303041096
14.02	0.302824947
14.03	0.302609106
14.04	0.302393573
14.05	0.302178346
14.06	0.301963425
14.07	0.30174881
14.08	0.3015345
14.09	0.301320494
14.1	0.301106791
14.11	0.300893392
14.12	0.300680295
14.13	0.300467499
14.14	0.300255004
14.15	0.30004281
14.16	0.299830915
14.17	0.29961932
14.18	0.299408023
14.19	0.299197023
14.2	0.298986321
14.21	0.298775916
14.22	0.298565806
14.23	0.298355992
14.24	0.298146472
14.25	0.297937246
14.26	0.297728314
14.27	0.297519675
14.28	0.297311328
14.29	0.297103272
14.3	0.296895508
14.31	0.296688034
14.32	0.296480849
14.33	0.296273954
14.34	0.296067347
14.35	0.295861029
14.36	0.295654997
14.37	0.295449253
14.38	0.295243794
14.39	0.295038621
14.4	0.294833733
14.41	0.29462913
14.42	0.29442481
14.43	0.294220773
14.44	0.294017019
14.45	0.293813547
14.46	0.293610357
14.47	0.293407447
14.48	0.293204818
14.49	0.293002468
14.5	0.292800397
14.51	0.292598605
14.52	0.292397091
14.53	0.292195854
14.54	0.291994894
14.55	0.29179421
14.56	0.291593802
14.57	0.291393669
14.58	0.291193811
14.59	0.290994226
14.6	0.290794915
14.61	0.290595877
14.62	0.290397111
14.63	0.290198617
14.64	0.290000393
14.65	0.289802441
14.66	0.289604759
14.67	0.289407346
14.68	0.289210202
14.69	0.289013326
14.7	0.288816718
14.71	0.288620378
14.72	0.288424304
14.73	0.288228497
14.74	0.288032955
14.75	0.287837679
14.76	0.287642667
14.77	0.287447919
14.78	0.287253434
14.79	0.287059213
14.8	0.286865254
14.81	0.286671557
14.82	0.286478121
14.83	0.286284947
14.84	0.286092032
14.85	0.285899378
14.86	0.285706983
14.87	0.285514846
14.88	0.285322968
14.89	0.285131347
14.9	0.284939984
14.91	0.284748877
14.92	0.284558027
14.93	0.284367432
14.94	0.284177092
14.95	0.283987007
14.96	0.283797176
14.97	0.283607599
14.98	0.283418275
14.99	0.283229203
15	0.283040384
15.01	0.282851816
15.02	0.282663499
15.03	0.282475433
15.04	0.282287617
15.05	0.28210005
15.06	0.281912733
15.07	0.281725664
15.08	0.281538844
15.09	0.28135227
15.1	0.281165944
15.11	0.280979865
15.12	0.280794032
15.13	0.280608444
15.14	0.280423102
15.15	0.280238004
15.16	0.28005315
15.17	0.279868541
15.18	0.279684174
15.19	0.27950005
15.2	0.279316168
15.21	0.279132529
15.22	0.27894913
15.23	0.278765972
15.24	0.278583055
15.25	0.278400378
15.26	0.27821794
15.27	0.278035741
15.28	0.27785378
15.29	0.277672058
15.3	0.277490573
15.31	0.277309325
15.32	0.277128313
15.33	0.276947538
15.34	0.276766999
15.35	0.276586694
15.36	0.276406625
15.37	0.27622679
15.38	0.276047189
15.39	0.275867821
15.4	0.275688686
15.41	0.275509783
15.42	0.275331113
15.43	0.275152674
15.44	0.274974466
15.45	0.274796489
15.46	0.274618743
15.47	0.274441226
15.48	0.274263938
15.49	0.274086879
15.5	0.273910049
15.51	0.273733447
15.52	0.273557072
15.53	0.273380925
15.54	0.273205004
15.55	0.273029309
15.56	0.272853841
15.57	0.272678597
15.58	0.272503579
15.59	0.272328785
15.6	0.272154215
15.61	0.271979869
15.62	0.271805746
15.63	0.271631846
15.64	0.271458169
15.65	0.271284713
15.66	0.271111479
15.67	0.270938466
15.68	0.270765673
15.69	0.270593101
15.7	0.270420749
15.71	0.270248616
15.72	0.270076702
15.73	0.269905007
15.74	0.26973353
15.75	0.26956227
15.76	0.269391228
15.77	0.269220403
15.78	0.269049795
15.79	0.268879402
15.8	0.268709225
15.81	0.268539264
15.82	0.268369517
15.83	0.268199985
15.84	0.268030667
15.85	0.267861562
15.86	0.267692671
15.87	0.267523992
15.88	0.267355526
15.89	0.267187272
15.9	0.26701923
15.91	0.266851399
15.92	0.266683779
15.93	0.266516369
15.94	0.266349169
15.95	0.266182179
15.96	0.266015398
15.97	0.265848827
15.98	0.265682463
15.99	0.265516308
16	0.26535036
16.01	0.26518462
16.02	0.265019086
16.03	0.264853759
16.04	0.264688638
16.05	0.264523723
16.06	0.264359014
16.07	0.264194509
16.08	0.264030209
16.09	0.263866113
16.1	0.263702221
16.11	0.263538533
16.12	0.263375047
16.13	0.263211764
16.14	0.263048684
16.15	0.262885806
16.16	0.262723129
16.17	0.262560653
16.18	0.262398378
16.19	0.262236304
16.2	0.26207443
16.21	0.261912755
16.22	0.26175128
16.23	0.261590004
16.24	0.261428926
16.25	0.261268047
16.26	0.261107365
16.27	0.260946881
16.28	0.260786595
16.29	0.260626505
16.3	0.260466611
16.31	0.260306914
16.32	0.260147412
16.33	0.259988105
16.34	0.259828994
16.35	0.259670077
16.36	0.259511355
16.37	0.259352826
16.38	0.259194491
16.39	0.259036349
16.4	0.2588784
16.41	0.258720644
16.42	0.258563079
16.43	0.258405707
16.44	0.258248526
16.45	0.258091536
16.46	0.257934736
16.47	0.257778128
16.48	0.257621709
16.49	0.25746548
16.5	0.25730944
16.51	0.257153589
16.52	0.256997927
16.53	0.256842454
16.54	0.256687168
16.55	0.25653207
16.56	0.256377159
16.57	0.256222436
16.58	0.256067899
16.59	0.255913548
16.6	0.255759383
16.61	0.255605404
16.62	0.25545161
16.63	0.255298001
16.64	0.255144577
16.65	0.254991337
16.66	0.254838281
16.67	0.254685409
16.68	0.254532719
16.69	0.254380213
16.7	0.25422789
16.71	0.254075749
16.72	0.253923789
16.73	0.253772012
16.74	0.253620416
16.75	0.253469001
16.76	0.253317766
16.77	0.253166712
16.78	0.253015838
16.79	0.252865144
16.8	0.252714629
16.81	0.252564293
16.82	0.252414136
16.83	0.252264157
16.84	0.252114356
16.85	0.251964734
16.86	0.251815288
16.87	0.25166602
16.88	0.251516929
16.89	0.251368014
16.9	0.251219276
16.91	0.251070713
16.92	0.250922326
16.93	0.250774115
16.94	0.250626078
16.95	0.250478216
16.96	0.250330528
16.97	0.250183015
16.98	0.250035675
16.99	0.249888509
17	0.249741515
17.01	0.249594695
17.02	0.249448047
17.03	0.249301571
17.04	0.249155268
17.05	0.249009135
17.06	0.248863175
17.07	0.248717385
17.08	0.248571766
17.09	0.248426317
17.1	0.248281039
17.11	0.24813593
17.12	0.247990991
17.13	0.247846221
17.14	0.24770162
17.15	0.247557187
17.16	0.247412923
17.17	0.247268827
17.18	0.247124899
17.19	0.246981138
17.2	0.246837544
17.21	0.246694117
17.22	0.246550857
17.23	0.246407763
17.24	0.246264835
17.25	0.246122073
17.26	0.245979476
17.27	0.245837045
17.28	0.245694778
17.29	0.245552676
17.3	0.245410738
17.31	0.245268964
17.32	0.245127353
17.33	0.244985907
17.34	0.244844623
17.35	0.244703502
17.36	0.244562544
17.37	0.244421748
17.38	0.244281114
17.39	0.244140642
17.4	0.244000331
17.41	0.243860182
17.42	0.243720193
17.43	0.243580365
17.44	0.243440697
17.45	0.24330119
17.46	0.243161842
17.47	0.243022654
17.48	0.242883625
17.49	0.242744755
17.5	0.242606043
17.51	0.242467491
17.52	0.242329096
17.53	0.242190859
17.54	0.24205278
17.55	0.241914858
17.56	0.241777093
17.57	0.241639485
17.58	0.241502034
17.59	0.241364739
17.6	0.2412276
17.61	0.241090617
17.62	0.240953789
17.63	0.240817116
17.64	0.240680599
17.65	0.240544236
17.66	0.240408027
17.67	0.240271973
17.68	0.240136072
17.69	0.240000326
17.7	0.239864732
17.71	0.239729292
17.72	0.239594005
17.73	0.23945887
17.74	0.239323887
17.75	0.239189057
17.76	0.239054378
17.77	0.238919851
17.78	0.238785476
17.79	0.238651251
17.8	0.238517178
17.81	0.238383254
17.82	0.238249481
17.83	0.238115859
17.84	0.237982386
17.85	0.237849062
17.86	0.237715888
17.87	0.237582863
17.88	0.237449987
17.89	0.237317259
17.9	0.237184679
17.91	0.237052248
17.92	0.236919964
17.93	0.236787828
17.94	0.236655839
17.95	0.236523998
17.96	0.236392303
17.97	0.236260755
17.98	0.236129353
17.99	0.235998097
18	0.235866987
18.01	0.235736022
18.02	0.235605203
18.03	0.235474529
18.04	0.235344
18.05	0.235213616
18.06	0.235083375
18.07	0.234953279
18.08	0.234823327
18.09	0.234693519
18.1	0.234563854
18.11	0.234434332
18.12	0.234304954
18.13	0.234175718
18.14	0.234046624
18.15	0.233917673
18.16	0.233788863
18.17	0.233660196
18.18	0.23353167
18.19	0.233403285
18.2	0.233275042
18.21	0.233146939
18.22	0.233018977
18.23	0.232891155
18.24	0.232763474
18.25	0.232635932
18.26	0.23250853
18.27	0.232381268
18.28	0.232254144
18.29	0.23212716
18.3	0.232000315
18.31	0.231873608
18.32	0.231747039
18.33	0.231620609
18.34	0.231494316
18.35	0.231368161
18.36	0.231242144
18.37	0.231116263
18.38	0.23099052
18.39	0.230864914
18.4	0.230739443
18.41	0.23061411
18.42	0.230488912
18.43	0.23036385
18.44	0.230238924
18.45	0.230114133
18.46	0.229989478
18.47	0.229864957
18.48	0.229740571
18.49	0.22961632
18.5	0.229492203
18.51	0.22936822
18.52	0.229244371
18.53	0.229120656
18.54	0.228997074
18.55	0.228873626
18.56	0.22875031
18.57	0.228627128
18.58	0.228504078
18.59	0.22838116
18.6	0.228258374
18.61	0.228135721
18.62	0.228013199
18.63	0.227890808
18.64	0.227768549
18.65	0.227646421
18.66	0.227524424
18.67	0.227402558
18.68	0.227280822
18.69	0.227159217
18.7	0.227037741
18.71	0.226916396
18.72	0.226795179
18.73	0.226674093
18.74	0.226553136
18.75	0.226432307
18.76	0.226311608
18.77	0.226191037
18.78	0.226070594
18.79	0.22595028
18.8	0.225830094
18.81	0.225710035
18.82	0.225590104
18.83	0.225470301
18.84	0.225350624
18.85	0.225231075
18.86	0.225111652
18.87	0.224992356
18.88	0.224873186
18.89	0.224754143
18.9	0.224635225
18.91	0.224516434
18.92	0.224397767
18.93	0.224279227
18.94	0.224160811
18.95	0.22404252
18.96	0.223924354
18.97	0.223806313
18.98	0.223688396
18.99	0.223570603
19	0.223452935
19.01	0.22333539
19.02	0.223217968
19.03	0.223100671
19.04	0.222983496
19.05	0.222866444
19.06	0.222749515
19.07	0.222632709
19.08	0.222516025
19.09	0.222399464
19.1	0.222283024
19.11	0.222166706
19.12	0.22205051
19.13	0.221934436
19.14	0.221818483
19.15	0.221702651
19.16	0.221586939
19.17	0.221471349
19.18	0.221355879
19.19	0.221240529
19.2	0.2211253
19.21	0.221010191
19.22	0.220895201
19.23	0.220780331
19.24	0.22066558
19.25	0.220550949
19.26	0.220436436
19.27	0.220322043
19.28	0.220207768
19.29	0.220093611
19.3	0.219979573
19.31	0.219865653
19.32	0.219751851
19.33	0.219638167
19.34	0.2195246
19.35	0.21941115
19.36	0.219297818
19.37	0.219184603
19.38	0.219071505
19.39	0.218958523
19.4	0.218845658
19.41	0.218732909
19.42	0.218620276
19.43	0.218507759
19.44	0.218395358
19.45	0.218283072
19.46	0.218170902
19.47	0.218058847
19.48	0.217946908
19.49	0.217835083
19.5	0.217723372
19.51	0.217611777
19.52	0.217500295
19.53	0.217388928
19.54	0.217277675
19.55	0.217166535
19.56	0.217055509
19.57	0.216944597
19.58	0.216833798
19.59	0.216723112
19.6	0.216612539
19.61	0.216502079
19.62	0.216391731
19.63	0.216281496
19.64	0.216171373
19.65	0.216061362
19.66	0.215951463
19.67	0.215841676
19.68	0.215732
19.69	0.215622436
19.7	0.215512983
19.71	0.215403641
19.72	0.21529441
19.73	0.215185289
19.74	0.21507628
19.75	0.21496738
19.76	0.214858591
19.77	0.214749912
19.78	0.214641343
19.79	0.214532883
19.8	0.214424533
19.81	0.214316293
19.82	0.214208161
19.83	0.214100139
19.84	0.213992226
19.85	0.213884421
19.86	0.213776725
19.87	0.213669137
19.88	0.213561658
19.89	0.213454287
19.9	0.213347023
19.91	0.213239867
19.92	0.213132819
19.93	0.213025879
19.94	0.212919045
19.95	0.212812319
19.96	0.212705699
19.97	0.212599187
19.98	0.212492781
19.99	0.212386481
20	0.212280288
20.01	0.212280288
20.02	0.212280288
20.03	0.212280288
20.04	0.212280288
20.05	0.212280288
20.06	0.212280288
20.07	0.212280288
20.08	0.212280288
20.09	0.212280288
20.1	0.212280288
20.11	0.212280288
20.12	0.212280288
20.13	0.212280288
20.14	0.212280288
20.15	0.212280288
20.16	0.212280288
20.17	0.212280288
20.18	0.212280288
20.19	0.212280288
20.2	0.212280288
20.21	0.212280288
20.22	0.212280288
20.23	0.212280288
20.24	0.212280288
20.25	0.212280288
20.26	0.212280288
20.27	0.212280288
20.28	0.212280288
20.29	0.212280288
20.3	0.212280288
20.31	0.212280288
20.32	0.212280288
20.33	0.212280288
20.34	0.212280288
20.35	0.212280288
20.36	0.212280288
20.37	0.212280288
20.38	0.212280288
20.39	0.212280288
20.4	0.212280288
20.41	0.212280288
20.42	0.212280288
20.43	0.212280288
20.44	0.212280288
20.45	0.212280288
20.46	0.212280288
20.47	0.212280288
20.48	0.212280288
20.49	0.212280288
20.5	0.212280288
20.51	0.212280288
20.52	0.212280288
20.53	0.212280288
20.54	0.212280288
20.55	0.212280288
20.56	0.212280288
20.57	0.212280288
20.58	0.212280288
20.59	0.212280288
20.6	0.212280288
20.61	0.212280288
20.62	0.212280288
20.63	0.212280288
20.64	0.212280288
20.65	0.212280288
20.66	0.212280288
20.67	0.212280288
20.68	0.212280288
20.69	0.212280288
20.7	0.212280288
20.71	0.212280288
20.72	0.212280288
20.73	0.212280288
20.74	0.212280288
20.75	0.212280288
20.76	0.212280288
20.77	0.212280288
20.78	0.212280288
20.79	0.212280288
20.8	0.212280288
20.81	0.212280288
20.82	0.212280288
20.83	0.212280288
20.84	0.212280288
20.85	0.212280288
20.86	0.212280288
20.87	0.212280288
20.88	0.212280288
20.89	0.212280288
20.9	0.212280288
20.91	0.212280288
20.92	0.212280288
20.93	0.212280288
20.94	0.212280288
20.95	0.212280288
20.96	0.212280288
20.97	0.212280288
20.98	0.212280288
20.99	0.212280288
21	0.212280288
21.01	0.212280288
21.02	0.212280288
21.03	0.212280288
21.04	0.212280288
21.05	0.212280288
21.06	0.212280288
21.07	0.212280288
21.08	0.212280288
21.09	0.212280288
21.1	0.212280288
21.11	0.212280288
21.12	0.212280288
21.13	0.212280288
21.14	0.212280288
21.15	0.212280288
21.16	0.212280288
21.17	0.212280288
21.18	0.212280288
21.19	0.212280288
21.2	0.212280288
21.21	0.212280288
21.22	0.212280288
21.23	0.212280288
21.24	0.212280288
21.25	0.212280288
21.26	0.212280288
21.27	0.212280288
21.28	0.212280288
21.29	0.212280288
21.3	0.212280288
21.31	0.212280288
21.32	0.212280288
21.33	0.212280288
21.34	0.212280288
21.35	0.212280288
21.36	0.212280288
21.37	0.212280288
21.38	0.212280288
21.39	0.212280288
21.4	0.212280288
21.41	0.212280288
21.42	0.212280288
21.43	0.212280288
21.44	0.212280288
21.45	0.212280288
21.46	0.212280288
21.47	0.212280288
21.48	0.212280288
21.49	0.212280288
21.5	0.212280288
21.51	0.212280288
21.52	0.212280288
21.53	0.212280288
21.54	0.212280288
21.55	0.212280288
21.56	0.212280288
21.57	0.212280288
21.58	0.212280288
21.59	0.212280288
21.6	0.212280288
21.61	0.212280288
21.62	0.212280288
21.63	0.212280288
21.64	0.212280288
21.65	0.212280288
21.66	0.212280288
21.67	0.212280288
21.68	0.212280288
21.69	0.212280288
21.7	0.212280288
21.71	0.212280288
21.72	0.212280288
21.73	0.212280288
21.74	0.212280288
21.75	0.212280288
21.76	0.212280288
21.77	0.212280288
21.78	0.212280288
21.79	0.212280288
21.8	0.212280288
21.81	0.212280288
21.82	0.212280288
21.83	0.212280288
21.84	0.212280288
21.85	0.212280288
21.86	0.212280288
21.87	0.212280288
21.88	0.212280288
21.89	0.212280288
21.9	0.212280288
21.91	0.212280288
21.92	0.212280288
21.93	0.212280288
21.94	0.212280288
21.95	0.212280288
21.96	0.212280288
21.97	0.212280288
21.98	0.212280288
21.99	0.212280288
22	0.212280288
22.01	0.212280288
22.02	0.212280288
22.03	0.212280288
22.04	0.212280288
22.05	0.212280288
22.06	0.212280288
22.07	0.212280288
22.08	0.212280288
22.09	0.212280288
22.1	0.212280288
22.11	0.212280288
22.12	0.212280288
22.13	0.212280288
22.14	0.212280288
22.15	0.212280288
22.16	0.212280288
22.17	0.212280288
22.18	0.212280288
22.19	0.212280288
22.2	0.212280288
22.21	0.212280288
22.22	0.212280288
22.23	0.212280288
22.24	0.212280288
22.25	0.212280288
22.26	0.212280288
22.27	0.212280288
22.28	0.212280288
22.29	0.212280288
22.3	0.212280288
22.31	0.212280288
22.32	0.212280288
22.33	0.212280288
22.34	0.212280288
22.35	0.212280288
22.36	0.212280288
22.37	0.212280288
22.38	0.212280288
22.39	0.212280288
22.4	0.212280288
22.41	0.212280288
22.42	0.212280288
22.43	0.212280288
22.44	0.212280288
22.45	0.212280288
22.46	0.212280288
22.47	0.212280288
22.48	0.212280288
22.49	0.212280288
22.5	0.212280288
22.51	0.212280288
22.52	0.212280288
22.53	0.212280288
22.54	0.212280288
22.55	0.212280288
22.56	0.212280288
22.57	0.212280288
22.58	0.212280288
22.59	0.212280288
22.6	0.212280288
22.61	0.212280288
22.62	0.212280288
22.63	0.212280288
22.64	0.212280288
22.65	0.212280288
22.66	0.212280288
22.67	0.212280288
22.68	0.212280288
22.69	0.212280288
22.7	0.212280288
22.71	0.212280288
22.72	0.212280288
22.73	0.212280288
22.74	0.212280288
22.75	0.212280288
22.76	0.212280288
22.77	0.212280288
22.78	0.212280288
22.79	0.212280288
22.8	0.212280288
22.81	0.212280288
22.82	0.212280288
22.83	0.212280288
22.84	0.212280288
22.85	0.212280288
22.86	0.212280288
22.87	0.212280288
22.88	0.212280288
22.89	0.212280288
22.9	0.212280288
22.91	0.212280288
22.92	0.212280288
22.93	0.212280288
22.94	0.212280288
22.95	0.212280288
22.96	0.212280288
22.97	0.212280288
22.98	0.212280288
22.99	0.212280288
23	0.212280288
23.01	0.212280288
23.02	0.212280288
23.03	0.212280288
23.04	0.212280288
23.05	0.212280288
23.06	0.212280288
23.07	0.212280288
23.08	0.212280288
23.09	0.212280288
23.1	0.212280288
23.11	0.212280288
23.12	0.212280288
23.13	0.212280288
23.14	0.212280288
23.15	0.212280288
23.16	0.212280288
23.17	0.212280288
23.18	0.212280288
23.19	0.212280288
23.2	0.212280288
23.21	0.212280288
23.22	0.212280288
23.23	0.212280288
23.24	0.212280288
23.25	0.212280288
23.26	0.212280288
23.27	0.212280288
23.28	0.212280288
23.29	0.212280288
23.3	0.212280288
23.31	0.212280288
23.32	0.212280288
23.33	0.212280288
23.34	0.212280288
23.35	0.212280288
23.36	0.212280288
23.37	0.212280288
23.38	0.212280288
23.39	0.212280288
23.4	0.212280288
23.41	0.212280288
23.42	0.212280288
23.43	0.212280288
23.44	0.212280288
23.45	0.212280288
23.46	0.212280288
23.47	0.212280288
23.48	0.212280288
23.49	0.212280288
23.5	0.212280288
23.51	0.212280288
23.52	0.212280288
23.53	0.212280288
23.54	0.212280288
23.55	0.212280288
23.56	0.212280288
23.57	0.212280288
23.58	0.212280288
23.59	0.212280288
23.6	0.212280288
23.61	0.212280288
23.62	0.212280288
23.63	0.212280288
23.64	0.212280288
23.65	0.212280288
23.66	0.212280288
23.67	0.212280288
23.68	0.212280288
23.69	0.212280288
23.7	0.212280288
23.71	0.212280288
23.72	0.212280288
23.73	0.212280288
23.74	0.212280288
23.75	0.212280288
23.76	0.212280288
23.77	0.212280288
23.78	0.212280288
23.79	0.212280288
23.8	0.212280288
23.81	0.212280288
23.82	0.212280288
23.83	0.212280288
23.84	0.212280288
23.85	0.212280288
23.86	0.212280288
23.87	0.212280288
23.88	0.212280288
23.89	0.212280288
23.9	0.212280288
23.91	0.212280288
23.92	0.212280288
23.93	0.212280288
23.94	0.212280288
23.95	0.212280288
23.96	0.212280288
23.97	0.212280288
23.98	0.212280288
23.99	0.212280288
24	0.212280288
24.01	0.212280288
24.02	0.212280288
24.03	0.212280288
24.04	0.212280288
24.05	0.212280288
24.06	0.212280288
24.07	0.212280288
24.08	0.212280288
24.09	0.212280288
24.1	0.212280288
24.11	0.212280288
24.12	0.212280288
24.13	0.212280288
24.14	0.212280288
24.15	0.212280288
24.16	0.212280288
24.17	0.212280288
24.18	0.212280288
24.19	0.212280288
24.2	0.212280288
24.21	0.212280288
24.22	0.212280288
24.23	0.212280288
24.24	0.212280288
24.25	0.212280288
24.26	0.212280288
24.27	0.212280288
24.28	0.212280288
24.29	0.212280288
24.3	0.212280288
24.31	0.212280288
24.32	0.212280288
24.33	0.212280288
24.34	0.212280288
24.35	0.212280288
24.36	0.212280288
24.37	0.212280288
24.38	0.212280288
24.39	0.212280288
24.4	0.212280288
24.41	0.212280288
24.42	0.212280288
24.43	0.212280288
24.44	0.212280288
24.45	0.212280288
24.46	0.212280288
24.47	0.212280288
24.48	0.212280288
24.49	0.212280288
24.5	0.212280288
24.51	0.212280288
24.52	0.212280288
24.53	0.212280288
24.54	0.212280288
24.55	0.212280288
24.56	0.212280288
24.57	0.212280288
24.58	0.212280288
24.59	0.212280288
24.6	0.212280288
24.61	0.212280288
24.62	0.212280288
24.63	0.212280288
24.64	0.212280288
24.65	0.212280288
24.66	0.212280288
24.67	0.212280288
24.68	0.212280288
24.69	0.212280288
24.7	0.212280288
24.71	0.212280288
24.72	0.212280288
24.73	0.212280288
24.74	0.212280288
24.75	0.212280288
24.76	0.212280288
24.77	0.212280288
24.78	0.212280288
24.79	0.212280288
24.8	0.212280288
24.81	0.212280288
24.82	0.212280288
24.83	0.212280288
24.84	0.212280288
24.85	0.212280288
24.86	0.212280288
24.87	0.212280288
24.88	0.212280288
24.89	0.212280288
24.9	0.212280288
24.91	0.212280288
24.92	0.212280288
24.93	0.212280288
24.94	0.212280288
24.95	0.212280288
24.96	0.212280288
24.97	0.212280288
24.98	0.212280288
24.99	0.212280288
25	0.212280288
25.01	0.212280288
25.02	0.212280288
25.03	0.212280288
25.04	0.212280288
25.05	0.212280288
25.06	0.212280288
25.07	0.212280288
25.08	0.212280288
25.09	0.212280288
25.1	0.212280288
25.11	0.212280288
25.12	0.212280288
25.13	0.212280288
25.14	0.212280288
25.15	0.212280288
25.16	0.212280288
25.17	0.212280288
25.18	0.212280288
25.19	0.212280288
25.2	0.212280288
25.21	0.212280288
25.22	0.212280288
25.23	0.212280288
25.24	0.212280288
25.25	0.212280288
25.26	0.212280288
25.27	0.212280288
25.28	0.212280288
25.29	0.212280288
25.3	0.212280288
25.31	0.212280288
25.32	0.212280288
25.33	0.212280288
25.34	0.212280288
25.35	0.212280288
25.36	0.212280288
25.37	0.212280288
25.38	0.212280288
25.39	0.212280288
25.4	0.212280288
25.41	0.212280288
25.42	0.212280288
25.43	0.212280288
25.44	0.212280288
25.45	0.212280288
25.46	0.212280288
25.47	0.212280288
25.48	0.212280288
25.49	0.212280288
25.5	0.212280288
25.51	0.212280288
25.52	0.212280288
25.53	0.212280288
25.54	0.212280288
25.55	0.212280288
25.56	0.212280288
25.57	0.212280288
25.58	0.212280288
25.59	0.212280288
25.6	0.212280288
25.61	0.212280288
25.62	0.212280288
25.63	0.212280288
25.64	0.212280288
25.65	0.212280288
25.66	0.212280288
25.67	0.212280288
25.68	0.212280288
25.69	0.212280288
25.7	0.212280288
25.71	0.212280288
25.72	0.212280288
25.73	0.212280288
25.74	0.212280288
25.75	0.212280288
25.76	0.212280288
25.77	0.212280288
25.78	0.212280288
25.79	0.212280288
25.8	0.212280288
25.81	0.212280288
25.82	0.212280288
25.83	0.212280288
25.84	0.212280288
25.85	0.212280288
25.86	0.212280288
25.87	0.212280288
25.88	0.212280288
25.89	0.212280288
25.9	0.212280288
25.91	0.212280288
25.92	0.212280288
25.93	0.212280288
25.94	0.212280288
25.95	0.212280288
25.96	0.212280288
25.97	0.212280288
25.98	0.212280288
25.99	0.212280288
26	0.212280288
26.01	0.212280288
26.02	0.212280288
26.03	0.212280288
26.04	0.212280288
26.05	0.212280288
26.06	0.212280288
26.07	0.212280288
26.08	0.212280288
26.09	0.212280288
26.1	0.212280288
26.11	0.212280288
26.12	0.212280288
26.13	0.212280288
26.14	0.212280288
26.15	0.212280288
26.16	0.212280288
26.17	0.212280288
26.18	0.212280288
26.19	0.212280288
26.2	0.212280288
26.21	0.212280288
26.22	0.212280288
26.23	0.212280288
26.24	0.212280288
26.25	0.212280288
26.26	0.212280288
26.27	0.212280288
26.28	0.212280288
26.29	0.212280288
26.3	0.212280288
26.31	0.212280288
26.32	0.212280288
26.33	0.212280288
26.34	0.212280288
26.35	0.212280288
26.36	0.212280288
26.37	0.212280288
26.38	0.212280288
26.39	0.212280288
26.4	0.212280288
26.41	0.212280288
26.42	0.212280288
26.43	0.212280288
26.44	0.212280288
26.45	0.212280288
26.46	0.212280288
26.47	0.212280288
26.48	0.212280288
26.49	0.212280288
26.5	0.212280288
26.51	0.212280288
26.52	0.212280288
26.53	0.212280288
26.54	0.212280288
26.55	0.212280288
26.56	0.212280288
26.57	0.212280288
26.58	0.212280288
26.59	0.212280288
26.6	0.212280288
26.61	0.212280288
26.62	0.212280288
26.63	0.212280288
26.64	0.212280288
26.65	0.212280288
26.66	0.212280288
26.67	0.212280288
26.68	0.212280288
26.69	0.212280288
26.7	0.212280288
26.71	0.212280288
26.72	0.212280288
26.73	0.212280288
26.74	0.212280288
26.75	0.212280288
26.76	0.212280288
26.77	0.212280288
26.78	0.212280288
26.79	0.212280288
26.8	0.212280288
26.81	0.212280288
26.82	0.212280288
26.83	0.212280288
26.84	0.212280288
26.85	0.212280288
26.86	0.212280288
26.87	0.212280288
26.88	0.212280288
26.89	0.212280288
26.9	0.212280288
26.91	0.212280288
26.92	0.212280288
26.93	0.212280288
26.94	0.212280288
26.95	0.212280288
26.96	0.212280288
26.97	0.212280288
26.98	0.212280288
26.99	0.212280288
27	0.212280288
27.01	0.212280288
27.02	0.212280288
27.03	0.212280288
27.04	0.212280288
27.05	0.212280288
27.06	0.212280288
27.07	0.212280288
27.08	0.212280288
27.09	0.212280288
27.1	0.212280288
27.11	0.212280288
27.12	0.212280288
27.13	0.212280288
27.14	0.212280288
27.15	0.212280288
27.16	0.212280288
27.17	0.212280288
27.18	0.212280288
27.19	0.212280288
27.2	0.212280288
27.21	0.212280288
27.22	0.212280288
27.23	0.212280288
27.24	0.212280288
27.25	0.212280288
27.26	0.212280288
27.27	0.212280288
27.28	0.212280288
27.29	0.212280288
27.3	0.212280288
27.31	0.212280288
27.32	0.212280288
27.33	0.212280288
27.34	0.212280288
27.35	0.212280288
27.36	0.212280288
27.37	0.212280288
27.38	0.212280288
27.39	0.212280288
27.4	0.212280288
27.41	0.212280288
27.42	0.212280288
27.43	0.212280288
27.44	0.212280288
27.45	0.212280288
27.46	0.212280288
27.47	0.212280288
27.48	0.212280288
27.49	0.212280288
27.5	0.212280288
27.51	0.212280288
27.52	0.212280288
27.53	0.212280288
27.54	0.212280288
27.55	0.212280288
27.56	0.212280288
27.57	0.212280288
27.58	0.212280288
27.59	0.212280288
27.6	0.212280288
27.61	0.212280288
27.62	0.212280288
27.63	0.212280288
27.64	0.212280288
27.65	0.212280288
27.66	0.212280288
27.67	0.212280288
27.68	0.212280288
27.69	0.212280288
27.7	0.212280288
27.71	0.212280288
27.72	0.212280288
27.73	0.212280288
27.74	0.212280288
27.75	0.212280288
27.76	0.212280288
27.77	0.212280288
27.78	0.212280288
27.79	0.212280288
27.8	0.212280288
27.81	0.212280288
27.82	0.212280288
27.83	0.212280288
27.84	0.212280288
27.85	0.212280288
27.86	0.212280288
27.87	0.212280288
27.88	0.212280288
27.89	0.212280288
27.9	0.212280288
27.91	0.212280288
27.92	0.212280288
27.93	0.212280288
27.94	0.212280288
27.95	0.212280288
27.96	0.212280288
27.97	0.212280288
27.98	0.212280288
27.99	0.212280288
28	0.212280288
28.01	0.212280288
28.02	0.212280288
28.03	0.212280288
28.04	0.212280288
28.05	0.212280288
28.06	0.212280288
28.07	0.212280288
28.08	0.212280288
28.09	0.212280288
28.1	0.212280288
28.11	0.212280288
28.12	0.212280288
28.13	0.212280288
28.14	0.212280288
28.15	0.212280288
28.16	0.212280288
28.17	0.212280288
28.18	0.212280288
28.19	0.212280288
28.2	0.212280288
28.21	0.212280288
28.22	0.212280288
28.23	0.212280288
28.24	0.212280288
28.25	0.212280288
28.26	0.212280288
28.27	0.212280288
28.28	0.212280288
28.29	0.212280288
28.3	0.212280288
28.31	0.212280288
28.32	0.212280288
28.33	0.212280288
28.34	0.212280288
28.35	0.212280288
28.36	0.212280288
28.37	0.212280288
28.38	0.212280288
28.39	0.212280288
28.4	0.212280288
28.41	0.212280288
28.42	0.212280288
28.43	0.212280288
28.44	0.212280288
28.45	0.212280288
28.46	0.212280288
28.47	0.212280288
28.48	0.212280288
28.49	0.212280288
28.5	0.212280288
28.51	0.212280288
28.52	0.212280288
28.53	0.212280288
28.54	0.212280288
28.55	0.212280288
28.56	0.212280288
28.57	0.212280288
28.58	0.212280288
28.59	0.212280288
28.6	0.212280288
28.61	0.212280288
28.62	0.212280288
28.63	0.212280288
28.64	0.212280288
28.65	0.212280288
28.66	0.212280288
28.67	0.212280288
28.68	0.212280288
28.69	0.212280288
28.7	0.212280288
28.71	0.212280288
28.72	0.212280288
28.73	0.212280288
28.74	0.212280288
28.75	0.212280288
28.76	0.212280288
28.77	0.212280288
28.78	0.212280288
28.79	0.212280288
28.8	0.212280288
28.81	0.212280288
28.82	0.212280288
28.83	0.212280288
28.84	0.212280288
28.85	0.212280288
28.86	0.212280288
28.87	0.212280288
28.88	0.212280288
28.89	0.212280288
28.9	0.212280288
28.91	0.212280288
28.92	0.212280288
28.93	0.212280288
28.94	0.212280288
28.95	0.212280288
28.96	0.212280288
28.97	0.212280288
28.98	0.212280288
28.99	0.212280288
29	0.212280288
29.01	0.212280288
29.02	0.212280288
29.03	0.212280288
29.04	0.212280288
29.05	0.212280288
29.06	0.212280288
29.07	0.212280288
29.08	0.212280288
29.09	0.212280288
29.1	0.212280288
29.11	0.212280288
29.12	0.212280288
29.13	0.212280288
29.14	0.212280288
29.15	0.212280288
29.16	0.212280288
29.17	0.212280288
29.18	0.212280288
29.19	0.212280288
29.2	0.212280288
29.21	0.212280288
29.22	0.212280288
29.23	0.212280288
29.24	0.212280288
29.25	0.212280288
29.26	0.212280288
29.27	0.212280288
29.28	0.212280288
29.29	0.212280288
29.3	0.212280288
29.31	0.212280288
29.32	0.212280288
29.33	0.212280288
29.34	0.212280288
29.35	0.212280288
29.36	0.212280288
29.37	0.212280288
29.38	0.212280288
29.39	0.212280288
29.4	0.212280288
29.41	0.212280288
29.42	0.212280288
29.43	0.212280288
29.44	0.212280288
29.45	0.212280288
29.46	0.212280288
29.47	0.212280288
29.48	0.212280288
29.49	0.212280288
29.5	0.212280288
29.51	0.212280288
29.52	0.212280288
29.53	0.212280288
29.54	0.212280288
29.55	0.212280288
29.56	0.212280288
29.57	0.212280288
29.58	0.212280288
29.59	0.212280288
29.6	0.212280288
29.61	0.212280288
29.62	0.212280288
29.63	0.212280288
29.64	0.212280288
29.65	0.212280288
29.66	0.212280288
29.67	0.212280288
29.68	0.212280288
29.69	0.212280288
29.7	0.212280288
29.71	0.212280288
29.72	0.212280288
29.73	0.212280288
29.74	0.212280288
29.75	0.212280288
29.76	0.212280288
29.77	0.212280288
29.78	0.212280288
29.79	0.212280288
29.8	0.212280288
29.81	0.212280288
29.82	0.212280288
29.83	0.212280288
29.84	0.212280288
29.85	0.212280288
29.86	0.212280288
29.87	0.212280288
29.88	0.212280288
29.89	0.212280288
29.9	0.212280288
29.91	0.212280288
29.92	0.212280288
29.93	0.212280288
29.94	0.212280288
29.95	0.212280288
29.96	0.212280288
29.97	0.212280288
29.98	0.212280288
29.99	0.212280288
30	0.212280288
