-0.0
-0.00018999999999999998
-0.00018999999999999998
-0.00016
-0.00018999999999999998
-0.00018999999999999998
-7.000000000000001e-05
-0.00018999999999999998
-0.00018999999999999998
-0.00047
-0.0002
-0.0002
-0.00061
-0.0002
-0.00021
-0.0009
-0.00021
-0.00021999999999999998
-0.00128
-0.00021999999999999998
-0.00021999999999999998
-0.00167
-0.00025
-0.00025
-0.00212
-0.00027
-0.00027
-0.00263
-0.00033
-0.00035000000000000005
-0.00317
-0.00039
-0.00042
-0.00384
-0.00048
-0.00048
-0.00421
-0.00062
-0.00061
-0.00529
-0.00067
-0.00063
-0.005889999999999999
-0.0007099999999999999
-0.00073
-0.00697
-0.0007199999999999999
-0.00077
-0.00791
-0.0008
-0.00086
-0.00762
-0.0008500000000000001
-0.00098
-0.00885
-0.0010199999999999999
-0.0011200000000000001
-0.00964
-0.00113
-0.00125
-0.01109
-0.00132
-0.0014399999999999999
-0.01348
-0.00158
-0.0016
-0.01477
-0.0018
-0.0018599999999999999
-0.01613
-0.0025
-0.00251
-0.01755
-0.00435
-0.00386
-0.01902
-0.00594
-0.006670000000000001
-0.020560000000000002
-0.01811
-0.013049999999999999
-0.01883
-0.0016300000000000002
0.0006900000000000001
0.00749
0.023620000000000002
0.017410000000000002
0.01598
0.02572
0.00859
0.013269999999999999
0.02109
0.01262
0.017
0.01978
0.013919999999999998
0.02443
0.01988
0.014190000000000001
0.025179999999999998
0.01754
0.02044
0.031920000000000004
0.02009
0.0245
0.03671
0.02751
0.030440000000000002
0.028319999999999998
0.0288
0.0403
0.03261
0.02346
0.03026
0.02859
0.024540000000000003
0.03438
0.02874
0.023330000000000004
0.03557
0.04445
0.028319999999999998
0.03143
0.04691
0.04113000000000001
0.02344
0.03964
0.03191
0.02419
0.04468
0.04388
0.03651
0.042409999999999996
0.02993
0.03943
0.045149999999999996
0.042350000000000006
0.05479
0.0558
0.04356
0.053579999999999996
0.06634999999999999
0.03422
0.032029999999999996
0.026680000000000002
0.03557
0.055279999999999996
0.04552
0.02634
-0.013229999999999999
0.01973
0.0078000000000000005
0.01665
-0.00482
-0.052309999999999995
-0.03563
-0.05716
-0.02641
0.00995
-0.01719
-0.00743
-0.02075
-0.05102
-0.04029
-0.04151
-0.01901
-0.04316
-0.04066
-0.06346
-0.030289999999999997
-0.00293
-0.012929999999999999
-0.00732
-0.00035999999999999997
0.0012900000000000001
-0.01163
-0.00116
-0.00799
-0.00198
-0.00504
-0.02395
0.010669999999999999
0.00586
-0.00843
-0.01157
0.0125
0.03042
0.01978
0.02073
0.05411
0.04861
0.019110000000000002
0.029169999999999998
0.02173
-0.027000000000000003
-0.02564
-0.02618
0.010009999999999998
-0.0208
-0.03939
-0.05547
-0.07014999999999999
-0.041100000000000005
-0.0409
-0.03839
-0.01732
0.013260000000000001
0.00035999999999999997
-0.03023
-0.0848
-0.00672
0.01403
0.060540000000000004
0.02136
-0.0242
0.00494
-0.026019999999999998
-0.045540000000000004
0.00981
0.05056
0.040670000000000005
0.1459
0.13173
0.11914
0.06205
0.08513
0.14906
0.13356
0.08269
0.09095
0.16774
0.1436
0.12593
0.15256
0.18306999999999998
0.16698000000000002
0.17315999999999998
0.12101
0.15728999999999999
0.14303000000000002
0.15865
0.14725
0.04952
0.041319999999999996
-0.02897
-0.07962
0.04127
0.02659
0.0529
0.043070000000000004
-0.08453
-0.09570000000000001
-0.08055999999999999
-0.11662
-0.151
-0.1176
-0.11785
-0.05313
-0.12026999999999999
-0.14829
-0.15960000000000002
-0.1888
-0.1559
-0.1213
-0.11983
-0.22246
-0.12039
-0.04418999999999999
0.00123
0.03863
-0.05077
-0.01099
0.03184
0.01968
-0.012769999999999998
0.027370000000000002
0.04874
0.25661
0.11954000000000001
0.06364
0.052770000000000004
0.09833
0.06965
0.04714
-0.039009999999999996
-0.13443
0.05449
0.07339999999999999
0.16435
0.1192
0.02466
0.07176
0.09849000000000001
0.15325
-0.04436
-0.0764
-0.13923
-0.10484
-0.09836
-0.07959
-0.08804000000000001
-0.03817
-0.07706
-0.07055
-0.1629
-0.08464
0.05016
0.012580000000000001
0.035840000000000004
-0.10822
-0.07281
-0.01218
0.03837
-0.00148
-0.13827
-0.08637
-0.11103
0.04535
0.09016
0.0359
-0.0008100000000000001
0.00855
0.21048999999999998
0.18425
0.24077
0.19258
0.11660999999999999
0.13202999999999998
0.16972
0.17155
-0.08763
-0.08927
-0.06558
-0.029830000000000002
-0.22434
-0.17079999999999998
-0.23616
-0.01672
-0.10122999999999999
-0.14977000000000001
-0.19104
-0.03036
-0.14172
-0.16702999999999998
-0.26507000000000003
-0.39856
-0.24458
-0.21867
-0.27864
-0.09019
-0.13021000000000002
-0.17123000000000002
-0.14424
0.07736
0.11792
0.02496
0.0077
0.10893000000000001
0.06332
-0.02524
0.03505
0.13471
0.08006
0.03614
-0.03678
-0.07908
-0.0349
-0.02858
0.03963
0.23146999999999998
0.053
0.02027
-0.10279999999999999
-0.20331
-0.06753
-0.08373
-0.14175000000000001
0.050519999999999995
0.03737
-0.06709999999999999
-0.13272
-0.25273
-0.14368999999999998
-0.15251
-0.16010000000000002
0.06996000000000001
0.04472
-0.09298999999999999
0.00483
0.09433
0.007209999999999999
-0.031110000000000002
-0.10707000000000001
-0.22907
-0.18401
-0.26122
-0.23122
-0.24799
-0.30716
-0.24958
-0.25529
-0.53839
-0.31781
-0.15713
-0.07786
0.2707
-0.01696
-0.056479999999999995
-0.06616
0.15539
0.28253
0.21631
0.22932
0.28679
0.19377
0.08548
0.07647
-0.2005
-0.025539999999999997
0.11595000000000001
0.08527
0.09451000000000001
0.25695
0.24169000000000002
0.3627
0.52533
0.30831
0.24015
0.20711
-0.14439
-0.16479
-0.02762
-0.022250000000000002
0.32738
0.10961
-0.030899999999999997
-0.15221
-0.50271
-0.15442
0.018009999999999998
0.05241
0.28073
0.35557
0.23149999999999998
0.23023
-0.16777999999999998
-0.20047
-0.03947
-0.11956
-0.1989
0.11356999999999999
0.18664000000000003
0.19954999999999998
0.35868
0.39884000000000003
0.35228000000000004
0.33011
0.28324
0.13153
0.15206
-0.036469999999999995
-0.041319999999999996
0.062119999999999995
0.09927
0.024249999999999997
0.08339
0.55726
0.52074
0.6650100000000001
0.47158
0.008239999999999999
0.02351
-0.19921
-0.07738
0.30966
0.20315999999999998
0.12105
-0.59692
-0.37761
-0.27843
-0.38614
-0.70042
-0.36848
-0.23836
-0.2386
-0.19137
-0.31998
-0.24388
-0.25395
-0.22679
0.09970000000000001
0.15405
0.23861000000000002
-0.060410000000000005
-0.20362
-0.18047999999999997
-0.17731000000000002
-0.41281999999999996
-0.40938
-0.13467
-0.08055
0.11752000000000001
0.135
0.11217
0.06249
-0.10844
0.28261
0.3726
0.49003
-0.00709
0.07622
0.30335
0.45054
0.85976
0.17065000000000002
0.21464
0.20376000000000002
0.34299
0.12183
0.048
-0.06198000000000001
-0.11634
0.08441000000000001
0.06509999999999999
0.30357
0.4514
-0.251
-0.19562000000000002
-0.42917
-0.55445
-0.09132
-0.14429999999999998
-0.04397
-0.41959
-0.3751
-0.3062
-0.20902
-0.37912
-0.48109999999999997
-0.21495999999999998
-0.19967
0.62178
0.41720999999999997
0.2026
0.27627
0.00515
-0.43164
-0.31831
-0.46987
-0.22449000000000002
-0.15102000000000002
-0.12645
-0.044480000000000006
0.62907
0.7187
0.60436
0.80637
0.44162
0.05973
0.02541
-0.07647999999999999
0.16189
0.51207
0.32274
0.6532899999999999
0.47994
0.1474
0.20817
0.46149999999999997
0.56271
0.028399999999999998
0.053849999999999995
0.16205999999999998
-0.35037999999999997
-0.47783000000000003
-0.10522999999999999
0.17228000000000002
0.30097999999999997
-0.51704
-0.32147
-0.57838
0.06414
-0.35766
-0.46222
-0.86799
-0.6093
0.12909
0.15750999999999998
0.25521
0.28985
0.17962
0.18471
0.19987
0.48556
0.14793
0.14529
0.18159
0.56384
0.07889
-0.07692
-0.48046999999999995
-0.18045999999999998
0.09978999999999999
-0.00366
-0.35448
-0.43585
0.19588999999999998
0.05015
-0.259
-0.58335
-0.08214
-0.06788999999999999
-0.06847
0.31834
-0.12345
-0.28721
-0.6956100000000001
-0.07721
0.5437
0.00911
-0.18142
-0.18932
0.39616
0.23172
0.25146999999999997
-0.56584
-0.54247
-0.25656
-0.47713
-0.43811999999999995
-0.26061
-0.17169
-0.037309999999999996
0.17690999999999998
-0.33021999999999996
-0.34243
-0.7741899999999999
-0.48786999999999997
0.32263
0.20182
-0.03146
0.55542
1.24594
0.86478
0.78413
0.09021000000000001
0.60791
0.46226999999999996
0.72057
-0.0827
-0.44351
-0.12081
-0.17795000000000002
-0.59331
-0.22062
0.25639
0.16756000000000001
0.84013
0.53288
0.13047
-0.13058999999999998
-0.6644100000000001
-0.29245
-0.1437
-0.31845
-0.68297
0.09051999999999999
0.15323
0.16005
-0.71934
-0.6229
-0.26556
-0.36694000000000004
-0.69664
-0.12204000000000001
-0.017159999999999998
0.1765
-0.12231
-0.27885000000000004
-0.07382
0.1597
-0.11115
-0.88447
-0.6677599999999999
-1.2129699999999999
-0.51526
0.08628999999999999
-0.10686999999999999
-0.0707
0.24183
0.57826
0.32956
0.42933
-0.31074
-0.5466799999999999
-0.29412
-0.35703
0.16338999999999998
0.025849999999999998
0.04736
0.09368
0.54214
0.52478
0.37401
0.69537
0.68228
-0.10276
0.06979
-0.07719000000000001
0.764
0.70186
0.29599
-0.0010299999999999999
-0.38697000000000004
0.37363999999999997
0.11810999999999999
0.25212
-1.08087
-0.5091100000000001
-0.2079
-0.08872999999999999
-0.19774999999999998
0.43021
0.43261000000000005
0.9740300000000001
0.28946
-0.36090000000000005
0.01221
0.39243
0.44004
-0.19754000000000002
0.02477
0.23678999999999997
0.10598
-0.36804000000000003
0.11262
0.1386
0.18468
-0.28735
0.0023599999999999997
-0.28563
-0.08799
0.37354
0.44018999999999997
0.7230500000000001
-0.31657
-0.47688
0.08036
0.25543
0.92411
0.35506
0.25584
0.03646
0.72745
1.42042
1.03934
1.48686
1.63981
0.9859399999999999
0.79914
1.21129
0.85104
-0.16235
0.12375
0.22268000000000002
-0.15788
-0.45175
-0.18166000000000002
0.1331
0.64728
-0.2964
-0.33324
-0.51927
-0.55219
-0.82663
-0.74548
-1.09089
-0.7311
0.21329
0.03096
0.32045999999999997
-0.126
-0.08773
0.16277999999999998
0.7565500000000001
1.4565100000000002
0.11911
0.18957999999999997
0.37987000000000004
0.98786
0.55787
0.54265
0.76319
0.92731
0.30870000000000003
0.2727
0.23434999999999997
-0.08532999999999999
-0.33274000000000004
-0.05048
-0.28661000000000003
-0.42691
-0.21223
-0.12086999999999999
-0.07716
-0.29639
-0.37503
-0.42295
-0.39893
-0.79631
-1.17654
-0.86696
-1.09657
-0.52864
-0.12785
-0.0702
-0.27071
-1.1474
-0.83843
-0.37640999999999997
-0.41442999999999997
0.27015999999999996
0.15204
0.23007000000000002
0.33622
0.85625
-0.17742999999999998
-0.03495
-0.38778
0.81553
0.8557899999999999
0.20859000000000003
-0.26573
-0.99019
0.50705
0.44972
0.78326
0.9311
0.54842
0.37587000000000004
0.7372
0.5031
-0.40091
-0.21936
-0.50251
-1.09473
-0.79589
-0.41734000000000004
-0.29228000000000004
0.8449500000000001
0.16376000000000002
0.14132999999999998
-0.011399999999999999
1.03148
0.39929000000000003
0.21882000000000001
0.00715
0.85089
0.67604
0.28563
0.26745
-0.64805
-0.27577
-0.13409000000000001
-0.22121
-0.77944
-0.54705
-0.37170000000000003
-0.17754999999999999
-0.45744
-0.7460800000000001
-0.5268999999999999
-0.90205
-1.5434100000000002
-0.75896
-0.42467
-0.37839
-0.42895000000000005
-0.6804300000000001
-0.24517
-0.87845
-0.19675
0.51766
0.4733
0.23467
1.12656
0.65378
0.26856
-0.26913
-1.27624
-0.49219999999999997
-0.16951
-0.54598
-0.73687
-0.33139
-0.29472000000000004
-0.45637
-0.42628
-0.23584
-0.16689
-0.59808
-0.17238
0.52537
0.06767000000000001
0.054400000000000004
-0.8290000000000001
-0.7953199999999999
-0.49243000000000003
-0.9504600000000001
-1.14799
-0.16766999999999999
-0.20614999999999997
-0.35159
-0.19543
0.12693
0.1589
0.35436999999999996
0.84443
0.72603
0.54138
0.56714
0.7075199999999999
-0.11431
-0.28216
-0.37734
-0.75945
-0.29242999999999997
-0.052300000000000006
0.0121
0.3367
-0.12701
-0.11255000000000001
-0.08481999999999999
0.6517000000000001
0.23363
0.11596999999999999
-0.11800000000000001
-0.38858
0.3734
0.43638
0.5726
1.09173
0.15597
-0.03394
-0.47944000000000003
-0.20055
0.33045
0.18664999999999998
0.20593
0.47213
0.30361
0.08345000000000001
0.13976
0.11471999999999999
0.37034
0.29427
0.30862
-0.20980000000000001
-0.54286
-0.56759
-0.9442
-0.7418
0.06762
-0.06103
-0.04056
-0.84506
0.14454
0.37131000000000003
0.90056
0.53505
-0.35276
0.10671
0.24658999999999998
1.10571
0.47745
0.33423
0.16957
0.6692400000000001
0.9469
0.54004
0.9385899999999999
0.79256
0.20543
0.22431
0.35575
-0.05593
-0.38539
-0.06154
0.31263
0.65172
0.08123
0.04042
0.43393
0.88644
-0.12314
-0.13541999999999998
-0.11132
0.9609000000000001
0.77968
0.5557
0.94218
0.70818
-0.06596
0.19998000000000002
0.40078
0.65549
0.17310999999999999
0.24271
0.52661
0.65782
-0.02085
0.03896
0.07915
0.09587999999999999
-0.43475
-0.33187
-0.70093
-0.79254
-0.35454
-0.34914
-0.43271
-1.2683799999999998
-1.1288200000000002
-0.56248
-0.5608299999999999
-0.05541
-0.24771
-0.12157
-0.36579
-0.10543
-0.22537
-0.2625
-0.64191
-1.04848
-0.20356000000000002
0.03848
-0.13721
-0.30303
-0.51327
-0.26846
-0.69636
-0.18316
0.2853
0.012969999999999999
-0.39731
-1.11205
-0.62391
-0.3893
-0.65899
0.35930999999999996
0.5102300000000001
0.06727999999999999
-0.34417000000000003
-0.89618
-0.5067499999999999
-0.39279000000000003
-0.62559
0.11227999999999999
0.7269100000000001
0.5149900000000001
0.81461
0.9195699999999999
0.54256
0.4707
0.35545000000000004
-0.053259999999999995
0.28535
0.33521
0.36817999999999995
0.30225
-0.22801
-0.39633
-0.7044400000000001
-1.05985
-0.48308999999999996
-0.39128
-0.51793
-0.6065999999999999
0.06117
0.2846
0.38332
0.70607
0.42024
0.33132
0.18902000000000002
-0.35960000000000003
-0.32162
-0.12397999999999999
0.08018
0.31885
-0.69529
-0.48024
-0.9451900000000001
-0.05838
0.45382
0.11814999999999999
-0.16713
-0.1837
0.69881
0.48418
0.71211
0.12409
0.28058
0.39186
0.52901
-0.12816
-0.5737
-0.24515
-0.48786999999999997
0.55009
1.13817
0.82369
1.0536
1.308
1.04034
0.88802
1.0704900000000002
0.75779
0.27257000000000003
0.41652
0.6692100000000001
0.86078
0.5490999999999999
0.54418
1.10074
0.74843
-0.21597000000000002
-0.15311
0.0072299999999999994
-0.39798
-0.34283
-0.0882
-0.00887
-0.45478999999999997
-0.38744999999999996
-0.18722999999999998
-0.18742999999999999
-0.56739
-0.76358
-0.55637
0.058280000000000005
0.00227
-1.36745
-0.73178
-0.6602800000000001
0.15069000000000002
-0.7486
-0.6733499999999999
-1.02647
-0.49656999999999996
-0.31541
-0.19649
-0.25024
0.1839
0.38086
0.19418
0.46389
0.43365000000000004
-0.15776
-0.0403
0.12552
-0.32687
-0.59328
-0.28242
-0.45561
0.35397
0.47723
0.26975
0.65596
0.27516999999999997
-0.42666
-0.06736
-0.39268000000000003
-1.18656
-0.8168500000000001
-0.27512000000000003
-0.4068
0.54657
0.32528
0.39858
0.06809
0.6845600000000001
1.00864
0.7171
0.71002
0.9503400000000001
-0.034820000000000004
-0.19532
-0.53447
-1.3159100000000001
-0.86994
-0.26066
-0.38328
0.7881900000000001
0.41225
0.02706
-0.20421
-0.87726
-0.7426
-0.40218000000000004
-1.032
-1.12191
0.03718
-0.08226000000000001
-0.37545
-0.16192
-0.05837
-0.17204
-0.49016
-0.19585
0.64545
0.44399
0.6281300000000001
1.25315
1.12975
0.75033
1.11682
0.65667
-0.41631
-0.17848
-0.66593
-0.61235
-0.37790999999999997
-0.38581000000000004
-0.50268
-0.19443000000000002
0.17338
-0.01077
-0.19033999999999998
-0.70057
-0.21877
0.03515
0.32348999999999994
1.0227899999999999
0.04442
-0.01907
0.06198000000000001
0.44621
0.04005
-0.17184000000000002
-0.37335
-1.14377
-1.06027
-0.8386100000000001
-1.29619
-0.95521
-0.33845
-0.09566000000000001
-0.44037
0.006999999999999999
0.56092
0.40954
0.30614
0.48719
0.7174200000000001
0.5906199999999999
0.81759
1.46504
0.87628
0.77723
0.6446999999999999
1.1539
0.57586
0.13997
-0.24459
-0.72359
0.23029
0.11821
0.07027
-1.15862
-0.52527
-0.20111
-0.20446
0.52148
-0.09022999999999999
-0.47808
-0.7604900000000001
-1.58125
-0.93242
-0.53051
-0.16862
0.44375
-0.38956
-0.46573
-0.30295
0.31326
-0.61507
-0.40201
-0.83955
-0.71693
-0.15297
-0.34952
-0.5055
-0.20293
0.6834699999999999
0.43273000000000006
0.8119
-0.35784
-0.48479999999999995
-0.09731
-0.03798
0.95626
0.44337000000000004
0.23039
0.3667
-0.27061
-0.60638
-0.10957
-0.42479999999999996
0.17529
0.21739
0.08744
0.15983
0.89953
-0.03565
-0.09278
-0.53075
-1.00757
-0.5067
-0.61651
-0.7365600000000001
-0.28828
0.54577
0.21981
0.5608299999999999
-0.7270300000000001
-0.17934999999999998
0.15085
0.43310000000000004
0.22893999999999998
-0.40838
-0.20571
0.08583
-0.6416200000000001
-1.03462
-0.09785
-0.28719
0.66375
0.34096
0.23619
-0.16532
0.8540300000000001
0.23518999999999998
0.21677
-0.45942
-0.25265
0.6184499999999999
0.30577000000000004
0.043019999999999996
-0.11349000000000001
0.30156
0.0405
0.32905999999999996
-0.23881
-0.63762
-0.4586
-0.7156100000000001
-0.06602999999999999
0.45395
-0.05635
0.07163
-0.84417
-0.89082
-0.60468
-0.9076099999999999
-0.60882
-0.33831000000000006
-0.53947
-0.64985
-0.52
-0.76997
-0.5069400000000001
-0.51294
0.62101
0.97759
0.58646
0.5134599999999999
0.8173699999999999
1.02867
0.7895300000000001
1.17667
1.13103
0.7409300000000001
0.6659
0.8161
0.19251000000000001
-0.015629999999999998
0.19015
0.57272
0.79521
-0.26706
-0.30748000000000003
-0.78289
-1.08707
-0.37955
-0.27017
-0.22541
-0.6531699999999999
-0.8650100000000001
-0.49924
-0.6322
-1.07864
-1.11967
-0.83348
-1.29046
-0.73925
0.01269
-0.19061
-0.27064
0.5710999999999999
0.9493300000000001
0.44214
0.35457
-0.41866
-0.07131
-0.02637
-0.048949999999999994
-0.69563
-0.58264
-0.09266999999999999
0.09666999999999999
0.86442
0.29953
0.25018
0.14254
0.81927
0.66255
0.54211
0.58872
1.38706
0.86682
0.41161000000000003
0.02199
-0.18114999999999998
0.7752800000000001
0.48162999999999995
0.75653
0.15985
0.27915
0.2163
0.44835
-0.20193000000000003
-0.10851000000000001
0.13913999999999999
0.48062
0.46369
0.061340000000000006
0.09777
0.28472000000000003
0.447
-0.39602
-0.10665
-0.22818000000000002
0.51908
-0.08819
-0.10965
-0.4445
-0.60443
-0.39942
-0.15231
-0.09147999999999999
-0.87548
-1.0018500000000001
-0.5252300000000001
-0.7873699999999999
-1.00612
-0.12109
-0.02375
-0.045739999999999996
-0.8320000000000001
-0.27628
-0.28273
-0.39966
-1.21153
0.07893
0.31081
0.7172799999999999
0.14071
0.017589999999999998
0.32866
0.56793
0.03049
-0.8752
-0.16606
-0.35031
-0.17183
-0.19385000000000002
0.10458
0.17557999999999999
0.51762
-0.38866999999999996
-0.15267
-0.18597000000000002
0.53533
-0.16619
-0.2357
-0.79731
-1.1451
-0.28318
-0.31937
-0.30696999999999997
-0.74496
-0.14974
-0.11939999999999999
-0.12093
-0.72114
-0.62708
-0.28078
-0.10191
0.9914700000000001
0.0356
-0.00477
-0.47119999999999995
0.12673
0.6792
0.39988
0.23157
0.83966
0.57275
0.29801
0.40563000000000005
0.89752
0.47407
0.29377
0.00846
0.21434999999999998
0.91649
0.39171999999999996
0.62334
-0.54798
-0.02185
0.14834
0.30035
-0.8412099999999999
-0.60121
-0.08762
0.1032
1.12459
0.20067000000000002
0.0268
-0.02702
-0.82853
-1.06288
-0.74929
-1.01397
-0.59404
-0.53635
-0.37884
-0.33240000000000003
-0.17607
0.12386
0.39537
0.41948
0.63693
0.88564
0.423
0.90545
-0.2546
-0.46633
0.00361
0.1435
-0.28675
-0.24387
-0.13361
-0.09455
0.43717
-0.08274
0.01319
0.31129
0.32425
-0.13244999999999998
-0.05339000000000001
-0.02144
0.35453
-0.35213
-0.26907
-0.12691
0.34543
-0.6839799999999999
-0.45441000000000004
-0.9223600000000001
0.5704699999999999
0.97284
0.08527
0.7553
0.8412999999999999
0.18861
0.33052
0.8007599999999999
1.16452
0.21392
0.07673
1e-05
0.54908
0.14023
-0.043289999999999995
0.16481
-0.6228199999999999
-0.7290399999999999
-0.25959
-0.19408999999999998
0.5891299999999999
-0.07218
-0.14766
-0.5071800000000001
-0.45881
-0.45771
-0.21475000000000002
-0.7554500000000001
0.30659
0.9718899999999999
0.27818000000000004
0.52634
-0.10192999999999999
-0.6434300000000001
-0.41792999999999997
-0.6811799999999999
-1.63242
-1.3469200000000001
-0.7904800000000001
-0.98807
-0.13648
-0.0175
-0.11237
-0.37468
-1.25755
-0.37973
-0.25952000000000003
-0.675
-0.71393
-0.43841
-0.41290999999999994
-0.77884
-0.12003
0.8216899999999999
0.67187
0.62471
0.22627
0.15404
0.06423
0.27062
1.08183
0.43067999999999995
0.34110999999999997
0.17464
0.85125
0.16225
-0.15947
-0.62849
0.22005
0.2695
-0.18431999999999998
-0.5112
-1.2937299999999998
-0.28876
-0.06662
-0.02574
0.50845
-0.29073
-0.58855
-1.09723
-1.0013800000000002
-0.10676999999999999
-0.17706
-0.39973
-0.0166
0.7977500000000001
0.36738
0.47119
0.57409
0.70794
0.46592
0.18398
-0.10489000000000001
0.52689
0.5213300000000001
0.53397
1.12438
1.12241
0.58381
0.56933
-0.69403
-0.11257999999999999
0.17498000000000002
0.31876
-0.43473999999999996
-0.67049
-0.19204000000000002
-0.17931999999999998
-0.41739
-0.68526
-0.45834
-0.86222
-1.64019
-0.81108
-0.61574
-0.59023
-0.99508
-0.6648099999999999
-0.33476
-0.41097
-0.18542000000000003
0.46424
0.33165
0.56255
-0.34018
-0.25085999999999997
-0.00083
0.36433
-0.44525
-0.57984
-0.06348
0.23579
0.12712
-0.52535
-0.1394
-0.13812
-0.0179
-0.33208
-0.21317
-0.49139000000000005
-0.6307200000000001
-0.05833
0.07754
0.3099
0.6133500000000001
0.25451
0.29312
0.61895
1.00681
0.31271
0.25409
0.41883000000000004
0.03902
-0.40091
-0.19136
-0.14874
0.65074
0.6603600000000001
0.6108100000000001
0.7586499999999999
0.90931
0.48583
0.32577
0.5002
0.19628
-0.36593000000000003
-0.13218
0.14554
1.01258
0.52662
0.39277999999999996
0.28425
0.6519499999999999
0.83809
0.6266700000000001
0.9884499999999999
0.33819000000000005
-0.05452
0.34048
0.56749
-0.16191
-0.77607
-0.19699000000000003
-0.21489999999999998
0.07214000000000001
-0.70295
-0.53272
-1.1233199999999999
-1.10684
-0.3154
-0.23157
-0.52982
-0.12455
0.7375799999999999
0.49659
0.8038
-0.10766
-0.32415
0.11097
0.08834
0.7481699999999999
0.45039
0.18192
0.18345
0.58257
0.01575
-0.18389
-0.29424
-0.70672
-0.9167000000000001
-0.6410800000000001
-0.71004
0.12578
-0.42099
-0.39781999999999995
-0.6462300000000001
-0.47414
-0.36756999999999995
-0.35355
-0.81757
-0.01131
0.29473
-0.09378
-0.19893999999999998
0.22014
0.39336
0.033690000000000005
-0.03108
-0.17328
-0.01941
-0.15516
-0.038290000000000005
0.38755
0.09960000000000001
0.03645
0.00114
0.50874
0.6680800000000001
0.21512
0.35162
-0.5371
-0.97568
-0.73641
-0.78523
-1.06175
-1.00279
-0.62501
-1.04296
-0.19002
0.3861
-0.10507999999999999
-0.16867000000000001
-0.90113
-0.5723199999999999
-0.27899999999999997
-0.21780000000000002
-0.43023000000000006
-0.45492
-0.18774999999999997
-0.07909
0.52815
-0.06719
0.03233
-0.16624
0.5796800000000001
1.1515900000000001
0.85185
0.9554300000000001
1.02041
0.9991800000000001
0.8479399999999999
1.0582
1.24456
0.48917
0.29229
-0.01933
-0.45999
-0.07173
-0.11628
0.09789999999999999
-0.39848
-0.29513
-0.04963
-0.09759000000000001
-0.8173999999999999
-0.93434
-0.31044
-0.59045
0.49091999999999997
0.40264000000000005
-0.08972
-0.60305
-1.4487299999999999
-0.9031100000000001
-0.7425700000000001
-0.80488
-0.51233
-0.39085000000000003
-0.47098
-0.55771
-0.34503999999999996
0.17763
0.13521
0.42199
-0.10143
-0.06129
0.00827
0.07045
-0.67994
-0.33789
-0.1623
-0.18978
-0.8293699999999999
-0.95777
-0.53221
-0.79609
-0.013879999999999998
0.29862
0.20393999999999998
0.52606
0.9350700000000001
0.44753
0.39814
0.56409
0.26642
-0.76988
-0.42779000000000006
-0.89371
-0.19672
0.41704
0.38162
0.41973
-0.68378
-0.7944499999999999
-0.30902999999999997
-0.45142000000000004
-0.34907
0.22168
0.39884000000000003
0.28648
1.03378
0.9893899999999999
0.56255
0.46598
0.3995
0.37479999999999997
0.14709
-0.08955
-0.66309
0.51924
0.7478100000000001
1.09313
0.27898
-0.34362000000000004
0.12237
-0.15564999999999998
0.0668
-0.64289
-0.54468
-1.25541
-0.49433
0.16585999999999998
-0.16715
-0.24874
0.41905000000000003
0.14714
-0.15378999999999998
-0.63275
-0.22399999999999998
0.51402
0.34271
0.63603
0.88681
0.90776
0.51119
0.8874599999999999
0.02702
-0.46499
-0.31083
-0.61067
-0.07719999999999999
0.09448000000000001
-0.08606
-0.31223
0.15469
0.9612900000000001
0.61125
0.94011
0.1993
-0.6966
-0.40346
-0.43851999999999997
0.8781
0.22582000000000002
-0.09773
-0.6734300000000001
-0.98657
-0.31567
-0.42472
-0.51057
-0.91794
-0.42089
-0.33030000000000004
-0.30097
-0.7042100000000001
-0.12211
0.01949
0.25788
0.93637
0.30248
-0.11192
-0.08253
-0.4153
-0.16416
-0.16102
-0.18867
-0.67904
-0.21184
-0.13551
0.05164
-0.58938
-0.7665099999999999
-0.24681999999999998
-0.24622
0.38937
0.26689
0.15132
0.20434000000000002
0.89224
0.74994
0.46393
0.6415500000000001
0.74292
0.59586
0.5438000000000001
0.73583
1.34786
0.49668
0.23947
0.68568
-0.20007999999999998
-1.0660800000000001
-0.55546
-0.80696
-1.1591500000000001
-1.0331000000000001
-0.78007
-0.98542
-0.8421
-0.5254800000000001
-0.43388
-0.66219
-0.36883000000000005
0.46076999999999996
0.14797000000000002
0.47448999999999997
0.6759099999999999
0.19847
0.0028000000000000004
0.2582
-0.33608
-0.07058
0.13566
0.35018
0.07565000000000001
-0.03209
0.36234
1.01029
1.20697
-0.0588
0.26952000000000004
0.07625
0.28350000000000003
0.16798
0.32969000000000004
0.35893
1.13569
0.55369
0.53042
0.37606
0.98368
0.7475700000000001
0.46216
0.65833
0.24883
-0.48257
-0.20454999999999998
0.050019999999999995
-0.26493
-0.82209
-0.53284
-0.87335
-0.73095
-0.42869999999999997
-0.47472000000000003
-0.8221299999999999
-1.12344
-0.73619
-0.5776
-1.0499
-0.50703
0.25257999999999997
-0.00083
0.00136
-0.41372
-1.05363
-0.63753
-0.9665699999999999
-0.04026
0.2027
0.12029999999999999
-0.27321
-0.14075
0.20325
0.31945
0.07435
0.7236
0.90744
0.36473
-0.30263
-0.58218
0.20693
-0.00047
-0.21836
0.10207000000000001
0.8562099999999999
0.3422
0.19309
-0.27491
0.37457999999999997
0.27122
0.71048
1.05503
0.52575
0.4929
0.6953900000000001
0.60108
-0.21978999999999999
-0.053070000000000006
-0.18841000000000002
0.14972
-0.06781
-0.14957
-0.5003799999999999
-0.7807200000000001
-0.43286
-0.45268
-0.50222
-0.40601
-0.25297000000000003
-0.20021999999999998
-0.35584000000000005
-0.45982999999999996
0.24465
0.25334
0.4339
0.23957
0.32482
0.17375
0.24808
-0.23847000000000002
-0.38875
0.008539999999999999
0.35223
1.38374
0.04686
-0.23512
-0.6707
-0.88054
-0.70001
-0.7059799999999999
-1.18679
-1.3643299999999998
-0.6250800000000001
-0.52527
-0.68928
0.23327
0.52302
0.22129000000000001
0.049089999999999995
-0.00739
0.7651600000000001
0.62092
0.75863
1.10893
0.33615
0.03995
-0.24958
0.26494
0.43693
0.20581
0.00567
-0.21672999999999998
-0.37225
-0.36965000000000003
-0.64239
0.07965
0.9275100000000001
0.57372
0.66227
-0.05765
-0.025249999999999998
-0.01732
-0.21779
-0.06888
0.53559
0.1516
0.16536
-0.83423
-0.36149000000000003
-0.26064
-0.15325
0.12087999999999999
0.35642
0.30763999999999997
0.65547
0.22837
-0.42582000000000003
0.0616
-0.01762
0.22264
0.25224
0.28232
0.25306
0.7323000000000001
0.43363
0.19088000000000002
0.14092000000000002
0.41683
0.23838
0.2614
0.11452999999999999
0.36981
0.76823
0.56296
0.8671800000000001
0.59911
0.57389
0.46671999999999997
0.80262
0.40722
-0.20687
-0.09519
0.14980000000000002
0.42679
-0.33163
-0.24416000000000002
-0.79372
-1.23049
-0.14259
-0.17722000000000002
-0.25049
-0.90006
-0.48921
-0.06689
0.19282
1.07323
0.6487999999999999
0.49682000000000004
0.4105
0.34740000000000004
-0.21033000000000002
-0.25056
-0.46341
-0.14067
0.6717700000000001
0.42381
0.60067
0.70958
0.50478
0.37075
0.5815699999999999
0.294
-0.48786999999999997
-0.40074
-0.73726
-1.43099
-0.60771
-0.42345999999999995
-0.036309999999999995
0.4597
-0.02638
0.03568
0.14003
0.06739
-0.18256
-0.02978
-0.22902999999999998
0.10976000000000001
0.30252
0.23146
0.32674
0.46771
1.0037
0.76054
1.0344
0.8641500000000001
0.49274
0.5522699999999999
1.0532299999999999
0.98163
-0.09229
0.14096999999999998
0.22275999999999999
-0.20434999999999998
-0.02841
0.26354
0.6712600000000001
0.89057
0.10282
0.25126000000000004
0.16454999999999997
-0.26947
-0.9801300000000001
-0.68231
-1.3337
-0.72896
0.29643
-0.01928
0.17896
-0.43238
-0.2446
0.018779999999999998
0.32857
1.49003
0.58158
0.1649
0.04325999999999999
-0.46088
-0.58467
-0.15652
-0.015229999999999999
0.63169
0.40027
0.09349
0.01853
-0.25214
-0.84154
-0.59288
-0.6595099999999999
0.25291
0.27243
0.03801
-0.35009
-0.23071000000000003
0.51948
0.11365
0.3876
-0.5848
-0.48310000000000003
-0.14275000000000002
0.05128
0.26924
-0.21869
-0.14693
0.01221
0.47009999999999996
0.31665
0.40488
0.36493000000000003
0.61469
0.36597
0.04687
-0.13724
0.15025
-0.08385
-0.01816
0.19576000000000002
0.32901
-0.16285
-0.15308
-0.28966000000000003
0.06431
0.33671
0.17454999999999998
0.467
0.3557
-0.38674
-0.26762
-0.62676
-0.53071
0.12202
0.21228000000000002
0.48014
1.19187
0.30442
0.014950000000000001
-0.19105
-0.27449999999999997
-0.30274
-0.25112
-0.19518000000000002
1.15148
0.7064100000000001
0.18011
0.10769999999999999
-0.1703
0.29114999999999996
0.18769
0.3935
-0.43441
-0.8026000000000001
-0.58839
-0.6514700000000001
-0.43962
-0.57829
-0.41001
-0.7753
-0.36626
0.39281
0.29077000000000003
0.31793
0.8930500000000001
0.30296
0.10654999999999999
0.00123
0.5791299999999999
0.01389
-0.08974
-0.44632
0.007940000000000001
0.05065
-0.28337
-0.6605
-0.80777
0.28824
0.07431
0.03896
-0.35258
-0.05808
-0.15819
-0.20010000000000003
0.11936
0.79976
0.53167
0.7842
0.8614
0.57048
0.35850000000000004
0.3741
0.60048
0.35865
0.25067
0.29955
0.32159999999999994
-0.2285
-0.040979999999999996
-0.17756
-0.24492
-0.42518
-0.28826
-0.6877800000000001
-0.47421
0.09992000000000001
-0.07246000000000001
-0.26463000000000003
-0.28168
0.33703000000000005
0.22769999999999999
0.22633
-0.06756000000000001
0.44228
0.26733
0.34898
-0.55169
-0.0027900000000000004
0.23768999999999998
0.42071
-0.13716
-0.18313
0.09848000000000001
-0.08444000000000002
0.45291
0.79769
0.64075
0.7114400000000001
-0.07516
-0.16349
0.13746
0.02809
0.08927
-0.03727
-0.049749999999999996
-0.23753
-0.90512
-0.49014
-0.1272
-0.16182
-0.22951
-0.15363
-0.21642
-0.29515
-0.67572
-0.28679
-0.027690000000000003
0.08002000000000001
-0.28713
-0.05521
0.07947
0.11193
0.59731
0.45388
0.28701
0.54755
-0.14349
-0.65645
-0.40957
-0.57432
-0.61683
-0.42639000000000005
-0.32529
-0.20986999999999997
-0.55265
-0.69497
-0.37848
-0.6498900000000001
-1.12918
-0.74468
-0.60375
-0.6493300000000001
-0.63296
-0.47409999999999997
-0.35622
-0.48741
-0.7559600000000001
-0.8327800000000001
-0.63571
-0.8184
0.14754
0.37938000000000005
0.17645
0.16079999999999997
-0.25024
-0.1032
0.19082000000000002
0.2455
1.02717
1.03771
0.6704000000000001
0.6227900000000001
-0.07146
-0.19963
-0.03127
-0.22133
-0.06272
0.44299999999999995
0.24694
0.13032
-0.45693
-0.2146
-0.06718
-0.04641
-0.11028
0.21721000000000001
0.34087
0.6765399999999999
0.9945099999999999
0.04704
-0.08185
-0.35408
-0.6071
-0.36154000000000003
-0.27085000000000004
-0.34973
-0.6742900000000001
-0.7706999999999999
-0.77499
-0.9206399999999999
-0.958
-0.57768
-0.46007
-0.38768
-0.8377899999999999
-0.77858
-0.55165
-0.51922
-0.57274
-0.32652000000000003
-0.01734
0.13149
0.7520399999999999
0.37594
0.15753999999999999
0.13262000000000002
0.51859
0.5299
0.47039000000000003
0.49628
0.9392
0.85631
0.53309
0.53301
-0.08945
-0.20872
-0.04693
0.18669
0.10795
-0.09188
0.00769
0.16344
0.14443
-0.37912999999999997
-0.16439
-0.20385
0.29297
0.47365999999999997
0.30788
0.34997
0.29566
0.04855
-0.065
0.10815
-0.16447
-0.76143
-0.6225
-0.82343
-0.87237
-0.54019
-0.38343000000000005
-0.27627
-0.49609000000000003
-0.6695
-0.43354
-0.58358
-0.8056699999999999
-0.5510499999999999
-0.40735999999999994
-0.54228
-0.17923999999999998
-0.14575
-0.10327
-0.06472
0.5654699999999999
0.19939
-0.03562
-0.22267
0.16305
0.37278
0.12394999999999999
0.30269999999999997
-0.06315
0.02721
0.22169
0.13333
0.10561
-0.10865
-0.08671
-0.29862
0.13569
0.34169
0.16195
0.21864
0.13507
-0.01756
-0.06193
-0.05173
0.7088599999999999
0.4169
0.18438
0.08699
0.36951999999999996
-0.10027
-0.28556000000000004
-0.58202
-0.55476
0.1174
0.049729999999999996
0.19106
-0.50944
-0.6537900000000001
-0.25800999999999996
-0.5372399999999999
0.05438
0.17955
0.0027800000000000004
-0.45110999999999996
-0.24928
0.19182
-0.06648
-0.20501999999999998
-0.21996
0.36936
0.22882999999999998
0.23765
-0.00106
-0.29816
-0.27264
-0.51796
-0.33165
0.26303
0.13054
0.05886
-0.4072
-0.20469
-0.3318
-0.54266
-1.08896
-0.77905
-0.56717
-0.7624
-0.50823
-0.13618
-0.15355
-0.15548
0.28269
0.37075
0.31059000000000003
0.47369
0.72966
0.68341
0.54085
0.54775
0.16803
-0.20053
-0.02157
-0.11148
0.20622
0.28096
0.198
-0.09037
-0.27237
0.39734
0.35350000000000004
0.51834
0.95304
0.98289
0.71602
0.74421
0.44262999999999997
0.35366
0.28245000000000003
0.42125
0.63885
0.061130000000000004
-0.058280000000000005
-0.11016999999999999
-0.11878999999999999
-0.15245
-0.21786000000000003
-0.50757
-0.9702299999999999
-0.39838
-0.22109
-0.04287
0.06573999999999999
-0.53521
-0.45765
-0.83488
-0.53193
0.09484
-0.004739999999999999
0.20376999999999998
0.7553
0.4965
0.23268999999999998
0.15053
0.35265
0.8640399999999999
0.7405700000000001
0.97619
1.14171
0.8709
0.584
0.6803
-0.20302
-0.045270000000000005
0.15698
0.40643999999999997
0.40324
-0.08973
-0.11407
0.01787
0.07434
-0.49288
-0.45813000000000004
-0.7092400000000001
-0.69587
-0.10669000000000001
-0.06451
0.042699999999999995
-0.09098
-0.46409999999999996
-0.41636
-0.53821
-0.74497
-0.5908
-0.40240000000000004
-0.40617
-0.35194000000000003
-0.44229999999999997
-0.27246
-0.21222000000000002
0.5188
0.62868
0.26050999999999996
0.20838
-0.14293
-0.046079999999999996
-0.15494
0.03818
-0.21721000000000001
-0.04839
0.09762
0.36934
0.23693999999999998
-0.26852
-0.28812
-0.42637
-0.88151
-0.45704999999999996
-0.11848
0.01195
0.46948999999999996
0.21154
0.08965999999999999
-0.022850000000000002
-0.54063
-0.7151099999999999
-0.35259999999999997
-0.29697
-0.09835
-0.42915
-0.30848
-0.46183
0.29123
0.44595
0.25263
0.30009
0.12601
0.24021
0.18319
-0.025920000000000002
-0.24428
0.44222
0.42906
0.70053
0.61298
0.41548
0.38826
0.51876
0.65902
0.13317
0.10010999999999999
0.057
0.19754000000000002
-0.07046999999999999
-0.02979
-0.21075
-0.35111
-0.15541
-0.05395
-0.006500000000000001
0.39159
-0.0032
-0.09803
-0.29972
-0.22056
-0.10571
-0.29597
-0.42416
-0.34164
-0.04511999999999999
-0.24359000000000003
-0.20402
-0.33224
-0.19725
-0.1696
-0.13035
-0.28977
-0.26305
-0.14181
0.02198
0.24681999999999998
-0.16484000000000001
-0.05409
-0.26712
-0.07203
0.16241
0.10933999999999999
0.0026
0.42712000000000006
0.28514
-0.044649999999999995
-0.23885
-0.5774900000000001
-0.24318
-0.23591
-0.43972
-0.68463
-0.21278
-0.23896
-0.33153
-0.35514
-0.034230000000000003
0.0054800000000000005
0.0928
0.10875
-0.21272
-0.27585
-0.50117
-0.40951
-0.17291
-0.1454
-0.31236
-0.03757
0.20638
0.009519999999999999
-0.27091
-0.21837
0.044950000000000004
-0.13202
-0.04769999999999999
-0.37140999999999996
0.19628
0.30327000000000004
0.48737
0.30303
0.05863
-0.0175
-0.14798999999999998
-0.00755
0.18986
0.0256
0.00391
-0.65129
-0.31281
-0.18428
-0.019870000000000002
0.00441
-0.14831
-0.05842
-0.027610000000000003
-0.41816000000000003
-0.68526
-0.41966000000000003
-0.47908
0.06289
0.18306999999999998
0.12973
0.30604
0.21660000000000001
-0.13985
-0.1813
-0.38802
-0.62857
-0.28611000000000003
-0.26713000000000003
-0.24946000000000002
-0.25132
-0.24282
-0.1316
-0.15849
-0.29427
0.28761
0.33465000000000006
0.62701
0.44273
-0.21318
-0.09307
-0.22488
0.04476
-0.0348
0.08319000000000001
-0.12633
0.47448999999999997
0.64547
0.30666
0.13308999999999999
-0.11236
0.24423999999999998
0.23677
0.15631
0.25699
0.31829
0.11079
0.22264
0.08789999999999999
-0.16111
-0.07824
-0.09926
-0.3625
-0.28004999999999997
-0.17934
-0.46624000000000004
-0.26135
0.012849999999999999
-0.05696
-0.17837
-0.14730000000000001
0.1449
0.12857
0.05224
0.29425
0.22768
0.04521
0.03932
0.37553
0.44958
0.17533
0.05896
-0.16890999999999998
0.33635
0.35812
0.61492
0.5674199999999999
0.41635
0.39565
0.3674
-0.21681
-0.25271
-0.00902
-0.15714
0.02867
0.044969999999999996
0.0039000000000000003
-0.09227
0.34846
0.46712000000000004
0.26224000000000003
0.34503999999999996
0.040940000000000004
-0.29193
-0.32425
-0.46536
-0.35040999999999994
0.013049999999999999
-0.11814999999999999
-0.0322
-0.58631
-0.31664000000000003
-0.2666
-0.17972000000000002
-0.73407
-0.8400700000000001
-0.5536099999999999
-0.55078
-0.17606000000000002
0.16861
0.19882999999999998
0.37451999999999996
0.24387
-0.15438000000000002
-0.04745
-0.05561
0.53484
0.30686
0.2305
0.08372
0.22030000000000002
0.38067999999999996
0.35459
0.3002
0.6434799999999999
0.91438
0.64554
0.89985
0.45071
0.09781000000000001
0.22938
0.25638
0.63542
0.33813000000000004
0.02673
-0.08764
-0.28371999999999997
-0.09053000000000001
-0.08564
-0.01932
0.07181
0.29816
0.18655000000000002
0.43802
0.26004
-0.18955
-0.06052
-0.02069
0.07243000000000001
0.02598
0.08539
0.03279
0.48799
0.43042
0.13846
0.30442
0.24508
-0.06232
-0.054240000000000003
-0.14495
-0.15593
0.019790000000000002
0.07717
0.25390999999999997
0.5369700000000001
0.16716999999999999
0.0252
-0.04753
-0.49927
-0.29695
-0.21086
-0.02121
0.11283
-0.47881
-0.45338999999999996
-0.7114199999999999
-0.40826999999999997
0.02794
-0.11145
-0.22565000000000002
0.01165
0.35345999999999994
0.09058
0.29689
0.08170999999999999
-0.14673
-0.12958999999999998
-0.16182
-0.66408
-0.62465
-0.3899
-0.44633
-0.26048
-0.21901
-0.18617
-0.30962
-0.26546
0.036629999999999996
0.023940000000000003
-0.00198
0.31412
0.47749
0.39276000000000005
0.39679000000000003
0.72726
0.7769799999999999
0.45262
0.43448
-0.16908
-0.05986
0.0027300000000000002
0.17489999999999997
-0.31682
-0.27577999999999997
-0.03854
0.01351
-0.28244
-0.271
-0.037309999999999996
-0.17142
-0.35509999999999997
-0.13376
-0.07972
-0.15413
0.13785
0.32459000000000005
0.2535
0.2809
0.28854
0.1521
0.09648
0.04304
0.06881999999999999
0.42810000000000004
0.45037
0.6717
0.42828000000000005
0.08352
0.18671
0.25795999999999997
-0.01014
-0.06956999999999999
0.05713
0.15137
0.10601000000000001
-0.28311
-0.2755
-0.49962
-0.70528
-0.31516
-0.16991
-0.21103000000000002
-0.24077
0.09914999999999999
0.11337
0.1298
-0.22877
-0.05545
0.12242000000000001
0.29835
0.43729
0.06095
0.06764
-0.05077
0.08248
0.11779999999999999
0.18286999999999998
0.12852
0.46177999999999997
0.55852
0.33037999999999995
0.17989999999999998
-0.41453
-0.18207
-0.04736
0.06039
0.09035
-0.29881
-0.28515
-0.41696
-0.21178999999999998
-0.15184
-0.25368999999999997
-0.33253
-0.47707
-0.21670999999999999
-0.19318000000000002
-0.18335
-0.011430000000000001
0.04518
-0.049
-0.14722
-0.12408
0.07498
0.06068
0.09391999999999999
0.31183
0.4238
0.30494
0.35765
0.35612
0.59826
0.60452
0.9840800000000001
1.3024799999999999
0.71967
0.5583100000000001
0.65913
0.52097
0.29707
0.3097
0.46026000000000006
0.49116
0.07046999999999999
0.01324
-0.08845
-0.48641
-0.06556000000000001
0.11146
0.28904
0.17934
0.0675
0.18495
0.30053
0.31279
-0.0471
0.02448
0.004
-0.07786
-0.13080999999999998
-0.10795
-0.0863
-0.19146000000000002
-0.40047
-0.25187000000000004
-0.25697
-0.043230000000000005
0.00872
0.042960000000000005
0.01996
0.00229
-0.08237
-0.05939
-0.08827
-0.33228
0.12493
0.22253
0.32133
0.028159999999999998
-0.11364
-0.05686
0.06019
0.18264
-0.07211000000000001
0.01822
0.07746
0.25923999999999997
0.23278
0.12066
0.21256
0.16239
-0.12079000000000001
-0.06305
0.03689
-0.19073
-0.5178499999999999
-0.32564
-0.44438
-0.04644
-0.00658
-0.06148
0.030899999999999997
0.32584
-0.020110000000000003
-0.07504
-0.26252
-0.01773
0.1099
0.05772
0.13963
0.43762
0.17449
0.13644
0.14496
0.24278
0.06034
-0.025310000000000003
-0.16603
-0.10708999999999999
-0.02568
-0.0537
-0.11141999999999999
-0.08769
0.10099
0.01919
-0.18433
-0.13589
0.23712
0.0159
0.13835
0.023559999999999998
-0.14989
-0.17492000000000002
-0.24858
-0.40567
-0.015309999999999999
0.06746
0.27249
0.15216
-0.1796
-0.01472
-0.15176
-0.28469
-0.16291
-0.13987
-0.28835
-0.17004999999999998
-0.029079999999999998
0.022879999999999998
0.09345
0.33566
0.07357999999999999
-2e-05
-0.21857
-0.12639
0.17789000000000002
0.013420000000000001
0.17535
-0.07979
-0.21353000000000003
-0.06331
-0.08396
0.03243
0.20492999999999997
0.10539
0.10443
-0.02854
-0.1197
-0.13028
-0.2256
-0.31852
0.19444
0.22558
0.45418
0.61259
0.27575
0.24226
0.35694000000000004
0.42097
0.13037
0.17527
0.13724999999999998
0.45915999999999996
0.33427999999999997
0.17273
0.19027000000000002
-0.06872
0.030350000000000002
0.16390000000000002
0.18123
-0.00916
-0.12564
-0.03003
-0.09856999999999999
0.30549
0.37687
0.25311
0.37103
0.23582999999999998
0.15856
0.14969
0.26106
0.34049
-0.03207
-0.0676
-0.15523
-0.34753
-0.09134
-0.07885
-0.09936
-0.22679
-0.2561
-0.19216
-0.2774
-0.54716
-0.3104
-0.18103000000000002
-0.34567
-0.53622
-0.47751
-0.40982
-0.49581000000000003
-0.19167
-0.08306
-0.1096
-0.07662
0.17367999999999997
0.1355
0.013540000000000002
0.050309999999999994
-0.00105
-0.19689
-0.23735
-0.43548000000000003
-0.69583
-0.20306000000000002
-0.19363
-0.29717
-0.35432
-0.005829999999999999
-0.02495
0.08494
-0.09958
-0.34175
-0.27507000000000004
-0.35009
-0.08972
0.042539999999999994
-0.0333
0.12925
0.27051
-0.20782
-0.26005
-0.41237999999999997
-0.20071000000000003
0.00579
-0.13538
-0.17565
-0.5568
-0.36582000000000003
-0.23918
-0.27178
-0.28786
0.10614000000000001
0.12789999999999999
0.26398
0.22789
-0.005620000000000001
-0.02428
0.034780000000000005
0.21024
0.00974
-0.02059
-0.042089999999999995
0.11859
0.18981
0.14519
0.12029999999999999
0.13763
0.5348700000000001
0.5484100000000001
0.68574
0.55021
0.34005
0.3519
0.36469
0.35711
0.38522
0.36491
0.48005000000000003
0.49957999999999997
0.1848
0.13714
0.19846
0.40482
0.1589
0.10554999999999999
-0.005620000000000001
-0.07368000000000001
0.19013000000000002
0.20687
0.3184
0.17056000000000002
-0.026539999999999998
0.005809999999999999
-0.06599000000000001
-0.44335
-0.39454999999999996
-0.20174
-0.13707
-0.12377
-0.34095
-0.21484999999999999
-0.24772
0.24343
0.32628999999999997
0.15498
0.09092
0.06341000000000001
0.39720999999999995
0.31031
0.48611
0.32141
0.18501
0.18403
0.13961
-0.12579
0.06011999999999999
0.15073999999999999
0.35186999999999996
0.16354
-0.23797999999999997
-0.15259999999999999
-0.15259999999999999
-0.03997
-0.42479
-0.30884
-0.37416
-0.00733
-0.25505
-0.30207999999999996
-0.44808
-0.21282
0.08556
-0.0006
0.03572
-0.00612
-0.09563
-0.09176000000000001
-0.11762
-0.09858
0.12372
0.04449
0.10878
-0.14037
0.08252000000000001
0.15368
0.30594
0.23323
-0.30338
-0.2227
-0.36154000000000003
-0.02859
0.29093
0.27888
0.40695
0.37783
0.06762
0.11227999999999999
-0.00484
0.17165
0.33039
0.24125
0.1906
-0.02537
0.0101
0.00931
-0.05229
-0.01668
0.25801999999999997
0.16996
0.32987
0.00043
-0.06268
0.08549
0.17412
0.33723
0.09766999999999999
0.16611
0.19832999999999998
0.60567
0.34129
0.16776
0.07986
-0.13535
-0.0032
0.08788
0.19204999999999997
0.64927
0.31654
0.14018
0.07112
0.04687
0.15021
0.11109
0.23425
0.25782
0.27533
0.18922999999999998
0.31092
0.24539000000000002
-0.01876
0.03102
-0.0053300000000000005
-0.00043
0.0034200000000000003
0.050730000000000004
0.14394
0.26392
-0.029300000000000003
-0.058789999999999995
-0.1462
-0.051390000000000005
-0.0066300000000000005
-0.04449
-0.040369999999999996
0.15407
-0.17582
-0.28883
-0.46969
-0.44212
0.02538
-0.05376
0.022940000000000002
-0.33658
-0.14498
-0.1233
0.0008500000000000001
-0.02259
-0.30389
-0.22568000000000002
-0.21861
0.26205
0.16139
-0.030590000000000003
-0.03198
-0.25219
-0.2039
-0.13307
0.018420000000000002
0.02804
-0.29748
-0.16536
-0.32348
-0.16491
-0.14255
-0.11342
-0.22622
0.07986
0.48003999999999997
0.24447
0.30518999999999996
-0.0935
-0.10404
-0.04018
-0.06498
0.22043
0.37646999999999997
0.25455
0.37415
0.33726
0.21045999999999998
0.14756
0.2325
-0.0461
-0.24137
-0.19558
-0.17314
-0.36359
-0.55291
-0.41042
-0.62342
-0.56145
-0.14279
-0.12539
-0.12614
-0.14901
-0.0518
-0.09951
-0.17274
-0.3636
-0.01914
0.08588
0.21946000000000002
0.32809
0.14972
0.13558
0.23031
0.23248999999999997
0.12832000000000002
0.15388
0.13621
-0.02629
0.08427
0.19506
0.28584
0.47615
0.24531
0.19826
0.08662
-0.11493
0.18577000000000002
0.13893
0.19854
-0.08242000000000001
-0.11132999999999998
0.023780000000000003
0.055709999999999996
0.12912
0.22150999999999998
0.2364
0.2562
-0.00124
-0.20433
-0.12966
-0.13378
-0.30853
-0.28976
-0.09903
-0.16497
0.08833
-0.07561
-0.08184
-0.22963999999999998
0.19006
0.38720999999999994
0.16892
0.18119
-0.14856
0.17618999999999999
0.19588999999999998
0.3914
0.35001
0.11416
0.14578
0.16552
0.0066300000000000005
-0.06423
-0.00296
-0.07859
-0.10286
0.08316000000000001
0.09596
0.19436
0.19103
-0.01551
0.05891
-0.027160000000000004
0.31432
0.12872
0.04539
-0.09343
0.08621000000000001
0.04684
-0.09606999999999999
-0.12159
-0.29597
-0.05801
-0.05106
0.01303
-0.19407
-0.21764
-0.09708
-0.07371
0.21314
0.16429
0.03004
0.03128
-0.13606
0.08810000000000001
0.03866
0.14114000000000002
-0.1318
-0.22141
-0.03277
-0.00469
0.34049999999999997
0.24553
0.19566
0.21605
0.18603999999999998
0.09288
0.09021000000000001
0.16899999999999998
0.07635
0.03494
0.07384
0.06363
0.18963000000000002
0.05514
0.03018
0.06666
0.42587
0.40319000000000005
0.24324
0.3284
-0.05492
-0.01701
0.10066000000000001
0.36073
0.30335999999999996
-0.16280999999999998
-0.0066
0.011859999999999999
0.16524999999999998
-0.26847
-0.25451
-0.40734000000000004
-0.06034
0.27686
0.13971
0.18513000000000002
-0.14471
-0.20068000000000003
-0.13585
-0.26265
-0.13547
0.21350999999999998
0.18621
0.36546999999999996
0.35863999999999996
0.09685
0.10134
0.19158
0.46529000000000004
0.30979
0.24707
0.29691
0.34503999999999996
0.08273
0.1182
0.11718
0.36406999999999995
0.25951
0.18495
0.1173
0.05821
-0.06038
-0.07888
-0.21511
-0.26877
-0.01291
-0.05408
-0.08194000000000001
-0.27815
-0.18556999999999998
-0.17528
-0.13037
-0.13522
-0.0467
0.01584
0.06123
0.32015
0.15639
-0.00345
-0.08397
-0.24657
-0.00215
0.05777
0.09186
-0.20501999999999998
-0.27161
-0.14773
-0.11745
-0.015220000000000001
-0.28319
-0.18119
-0.38384
-0.43622999999999995
-0.13605
-0.16929
-0.2778
-0.30692
-0.07072
-0.08874
-0.12843
-0.47167000000000003
-0.33441000000000004
-0.23631
-0.37949
-0.32272
-0.12736
-0.1234
-0.057229999999999996
-0.04676
0.02097
0.04857
-0.07787
-0.07719000000000001
0.12546
0.11577
0.13781000000000002
0.37853000000000003
0.34375
0.25017
0.14561
-0.10898
0.19855
0.21050999999999997
0.3034
0.37817
0.20800000000000002
0.11845
0.07321
-0.2825
-0.05495
0.05989
0.09301
0.14012
0.14561
0.12967
0.21553999999999998
0.1398
-0.008960000000000001
-0.00027
-0.11576
-0.20454
-0.05436
-0.00515
0.09361000000000001
0.29003
0.14837999999999998
0.11689999999999999
0.15093
0.20506
0.28059999999999996
0.19198
0.32768
0.05508
-0.30506
-0.18928
-0.25538
-0.29913
-0.08073000000000001
0.00242
0.00151
-0.16824999999999998
-0.06655
0.0109
0.10703
0.0986
-0.13263999999999998
-0.08499000000000001
-0.14634
0.15552
0.14242000000000002
-0.00266
-0.00527
-0.23129000000000002
-0.17901
-0.17676999999999998
-0.11148
-0.24483
-0.1858
-0.15133
-0.044539999999999996
-0.29315
-0.52306
-0.40490000000000004
-0.36587000000000003
-0.38213
-0.34235
-0.2722
-0.23407
-0.35613999999999996
-0.52361
-0.46793
-0.5021800000000001
-0.49845
-0.5032099999999999
-0.34773000000000004
-0.28329
0.07203
-0.025619999999999997
-0.05657
-0.10135
-0.09047000000000001
0.01198
0.04337
0.056740000000000006
0.21541
0.26944
0.18756
0.17171
0.14047
0.13566
0.14185999999999999
0.30485
0.39762000000000003
0.05287
-0.05902
-0.07759
-0.33958
-0.24295999999999998
-0.11767
-0.012159999999999999
0.2321
-0.05868
-0.11428
-0.19251000000000001
-0.34651000000000004
-0.1761
-0.13626
-0.17602
-0.48202
-0.19960999999999998
-0.06255
0.07478
0.14859999999999998
-0.05695
0.04801999999999999
-0.00251
0.29885
0.31015
0.24803999999999998
0.35448999999999997
0.47973
0.20867000000000002
0.14608000000000002
0.15159
-0.0005099999999999999
-0.07488
0.03988
0.02758
0.28829
0.15631
0.1104
0.09497
-0.00233
-0.10996
-0.14296
-0.30308
-0.44362999999999997
-0.14189
-0.1245
-0.02888
0.10601000000000001
-0.17914000000000002
-0.18797999999999998
-0.31449
-0.04003999999999999
0.07969
-0.048639999999999996
-0.03529
-0.19718
-0.30857
-0.25911
-0.40162
-0.24453
-0.00116
-0.02149
-0.049550000000000004
0.08779999999999999
-0.11848
-0.15271
-0.18533999999999998
0.00773
0.14090999999999998
0.05303
0.05574
0.01474
-0.08344
-0.139
-0.18797999999999998
-0.06081
0.13855
0.060309999999999996
0.07506
-0.08644
0.00871
-0.00784
0.046740000000000004
-0.23658
-0.23232
-0.08668
-0.07403
0.1491
0.07867
0.017310000000000002
0.00157
0.30544
0.07579
-0.023039999999999998
-0.06017
0.06307
0.0326
-0.04414
-0.07145
0.06614
0.05684
0.02419
0.025310000000000003
0.07218
0.00804
0.00145
-0.029249999999999998
0.05641
0.08747999999999999
0.0764
0.07309
0.13422
0.15217
0.12012
0.07157
0.19979
0.27949999999999997
0.18711
0.18644
0.33641
0.31653
0.19646
0.15008
0.18056999999999998
0.47482
0.30668
0.3655
-0.00884
0.12185
0.1625
0.25457
0.04362
-0.10039999999999999
0.017509999999999998
0.019450000000000002
0.12717
0.03773
0.060899999999999996
0.05887
0.204
0.17835
0.16372
0.24059
0.33342
0.021179999999999997
0.0405
-0.028730000000000002
0.03872
0.08654
0.06385
-0.01298
-0.09031
0.24651
0.22210999999999997
0.30383
0.24887
0.28348
0.22905999999999999
0.37552
0.25121
0.09078
0.17096
0.2812
0.45716999999999997
0.29889
0.26842
0.26960999999999996
0.42584000000000005
0.42591
0.30452999999999997
0.40808
0.22962
-0.01756
0.07992
0.08981
-0.07058
-0.19405999999999998
-0.06491
-0.11158
0.04198
0.10815
0.06334
0.00361
-0.05033000000000001
-0.02957
-0.05168999999999999
-0.06319
-0.023620000000000002
-0.023780000000000003
-0.01804
-0.0297
-0.17314
-0.11567999999999999
-0.043840000000000004
-0.04375
0.13518
0.08356999999999999
-0.00911
-0.03718
-0.0512
0.02327
0.00247
-0.010920000000000001
-0.22296
-0.05929
-0.02778
-0.0025
-0.16580999999999999
-0.14396
-0.09728999999999999
-0.07908
-0.11277
-0.01988
0.03132
0.09855
0.21526
0.13475
0.08875
0.09433
-0.15005000000000002
-0.21771000000000001
-0.07794
-0.01056
0.02571
-0.25224
-0.19496
-0.20414000000000002
-0.10554000000000001
-0.18386
-0.11082
-0.1588
-0.07144
0.01345
-0.023610000000000003
-0.08281000000000001
-0.11173
0.16832
0.12744
0.27271999999999996
0.09433
-0.025910000000000002
0.04334
0.1241
0.23392
0.047060000000000005
0.040190000000000003
0.00776
0.06926
0.12439
0.10432000000000001
0.1465
0.00513
-0.10164999999999999
0.03588
0.07065
0.18538
-0.06123
-0.06368
-0.21026
-0.13826
-0.07982
-0.10153000000000001
-0.19135000000000002
-0.0072
0.19163
0.056420000000000005
0.06629
0.12231
0.22460999999999998
0.19210000000000002
0.31776
0.18276
-0.03603
-0.02388
-0.02773
-0.09766999999999999
-0.16401
-0.07966999999999999
-0.01855
0.10471
-0.18611999999999998
-0.20839
-0.34987999999999997
-0.17709
-0.07033
-0.11372
-0.18103000000000002
-0.17507
-0.014450000000000001
-0.09413
-0.11625
-0.33847
-0.26055
-0.22369
-0.13454
-0.03768
-0.12304
-0.14974
-0.11818
-0.26815
-0.30814
-0.18464
-0.09066
0.14363
-0.01008
-0.05302
-0.12525
-0.33565
-0.39041
-0.2986
-0.3094
-0.09564
-0.20495999999999998
-0.24392
-0.35833
-0.44797
-0.29539000000000004
-0.27706
-0.28251000000000004
-0.36149000000000003
-0.22866
-0.19771
-0.17347
-0.34454999999999997
-0.39669
-0.3062
-0.38524
-0.23768
-0.11336
-0.14085
-0.14377
-0.061079999999999995
-0.06256
-0.13353
-0.20524
-0.10067
0.06899
0.07013
0.14762
0.2036
0.02528
0.03261
-0.03724
-0.060270000000000004
0.08595000000000001
0.06597
0.11304
0.17603000000000002
-0.03913
-0.07622
-0.14279999999999998
-0.08391
0.053360000000000005
0.05106
0.00784
0.22547
0.38076
0.24356000000000003
0.32339
0.16263000000000002
0.11254
0.10183999999999999
0.15963
0.22299
0.12432
0.11745
0.18677
0.07751000000000001
-0.10500999999999999
-0.00633
-0.08249000000000001
0.023319999999999997
0.15524
0.09231
0.10210000000000001
0.15001
0.08449999999999999
0.04247
0.06905
0.08105000000000001
-0.011619999999999998
-0.04859
-0.09716
-0.27873000000000003
-0.24389
-0.2182
-0.17642
-0.40124000000000004
-0.40848999999999996
-0.26459
-0.24619
0.05543
-0.02572
-0.09031
-0.17362
-0.20395
-0.18170000000000003
-0.17579999999999998
-0.28055
-0.14404999999999998
0.05753
-0.04262
-0.03236
-0.11403
-0.12525
-0.05867
0.03427
0.19280999999999998
0.00122
-0.03821
-0.09383
-0.13748
-0.04827
-0.07008
-0.07219
-0.1716
-0.029990000000000003
-0.0431
-0.04184
-0.16874
-0.23721
-0.16566
-0.20468
-0.07841000000000001
0.05968
-0.013999999999999999
0.00658
-0.04518
0.06312000000000001
0.06472
0.21309999999999998
0.20126999999999998
-0.03856
-0.00814
-0.02995
-0.10673
-0.23353000000000002
-0.14538
-0.18875
-0.21624
-0.09362999999999999
-0.01203
-0.05487
0.02817
0.10096999999999999
0.12847
0.13213
0.24469000000000002
0.18642
0.15948
0.07304000000000001
0.041319999999999996
0.16337
0.13706
0.17101
0.28635
0.33279000000000003
0.24637
0.28452
0.04424
0.05715
0.11695
0.12176000000000001
0.024569999999999998
0.11301
0.13372
0.15982
-0.01879
-0.09652
-0.04259
-0.08445
0.07578
0.0691
0.03184
0.05382
-0.040350000000000004
-0.10058
0.00432
0.0042699999999999995
0.17547000000000001
0.1812
0.1436
0.17143
0.20768999999999999
0.0712
0.07966999999999999
0.05897
0.07352
0.03746
0.05915
0.04054
0.10281000000000001
0.10296
0.04989
0.02434
-0.03936
0.0653
0.06955
0.14481
0.28841
0.02766
-0.01637
-0.07173
0.04367
0.11788
0.04181
0.01269
-0.12023999999999999
-0.045899999999999996
-0.054560000000000004
-0.02751
-0.14814
-0.28574
-0.16804
-0.23975000000000002
-0.06597
-0.02212
-0.05822
-0.09836
-0.17889
-0.094
-0.07244
-0.08256999999999999
-0.07273
-0.06226
-0.03308
-0.01624
0.20067000000000002
0.11959
0.03712
-0.02311
-0.021840000000000002
0.14198
0.06692999999999999
0.12077
-0.01669
7.000000000000001e-05
0.00365
0.09964
0.053869999999999994
-0.10135
-0.01919
-0.00394
0.09494
-0.0509
-0.07679
-0.17553000000000002
-0.06885
0.05913
0.0504
0.06578
0.12883
0.02421
0.04105
0.02281
0.1192
0.0313
0.02601
0.02241
0.22654
0.20354
0.06422
0.04765
0.09183999999999999
0.09942000000000001
-0.0051
-0.05025
-0.18506
0.01034
0.0215
0.08208
-0.07661
-0.05946
-0.01546
0.07329
0.12202
0.04564
0.06256
0.09373
0.13430999999999998
-0.12932
-0.11134000000000001
-0.23545000000000002
-0.12677
-0.022029999999999998
-0.06844
-0.14782
-0.21811
-0.05466
-0.01506
-0.00418
0.15406
0.16618
0.12199
0.11965999999999999
0.1791
0.1478
0.08212
0.06283
-0.09276999999999999
-0.03162
-0.00049
0.04692
0.09112
-0.05212
-0.0716
-0.12762
-0.12856
-0.02481
-0.01552
-0.06343
-0.041440000000000005
0.05396
-0.03312
-0.09171
-0.2595
-0.061900000000000004
-0.04347
-0.02196
-0.13901
-0.20959
-0.18716000000000002
-0.21544
-0.18512
-0.14556
-0.12636
-0.15698
-0.07702
-6e-05
-0.02158
-0.00793
0.0556
-0.01141
-0.04591
-0.07859
-0.20548
-0.18248
-0.13089
-0.18566
-0.22707999999999998
-0.17081
-0.14798
-0.1928
-0.14717
0.0171
-0.0174
-0.02749
-0.21914999999999998
-0.06457
-0.03032
0.06573999999999999
0.13826
0.09228
0.03821
0.0035499999999999998
-0.23546
-0.14382
-0.08255000000000001
-0.08545
-0.16757000000000002
-0.025419999999999998
0.04604
0.12391
0.05535
-0.041550000000000004
0.042089999999999995
0.07656
0.05907
-0.10371999999999999
-0.02169
-0.04595
0.04684
0.0581
0.0565
0.01321
0.05434
0.12627
0.08614000000000001
0.06392
-0.03551
0.06881
0.06802
0.055670000000000004
-0.03078
0.04853
0.1116
0.19919
0.20818
0.055229999999999994
0.05588
0.07295
0.19343
0.09597
0.07757
0.11907
0.33148000000000005
0.14542
0.07596
-0.04825
-0.15437
0.04846
0.030289999999999997
0.0040100000000000005
-0.08886
0.11055
0.10728
0.21420999999999998
0.09876
-0.08654
-0.0421
-0.00607
0.16012
0.021419999999999998
-0.02229
-0.010129999999999998
-0.05875
-0.16802
-0.14331
-0.16358
-0.034390000000000004
-0.010409999999999999
-0.00874
0.034929999999999996
0.0508
-0.09734
-0.09461
-0.14932
-0.19624
-0.09419000000000001
-0.09365
-0.06587
-0.21567
-0.19859000000000002
-0.14909
-0.12058999999999999
-0.05923
-0.03919
0.00501
0.05116
0.26811
0.12243
0.01823
-0.0274
-0.04891
0.03454
0.05708
0.14998
0.17957
-0.04479
-0.03893
-0.06974999999999999
-0.11441000000000001
-0.17137
-0.08187
-0.08524
0.08529
0.05653
-0.01456
-0.07955
-0.03746
0.08622
0.06731
0.05824
0.1561
0.29412
0.20481000000000002
0.24425999999999998
0.07495
-0.04292
0.0175
0.0602
0.31633
0.25245
0.19405999999999998
0.19047999999999998
0.21075
0.12788
0.13244
0.09989
0.21452000000000002
0.20812999999999998
0.15765
0.10299
-0.029740000000000003
0.03487
0.07251
0.0692
0.2191
0.22702000000000003
0.14013
0.10135
0.054900000000000004
0.14245
0.1142
0.11378
0.10459
0.24674
0.21385
0.29839
0.21738
0.05891
0.09228
0.06987
0.08776
-0.01157
0.01
-0.057980000000000004
0.10038
0.11972
0.05493000000000001
0.02904
-0.00063
0.01727
0.03227
-0.01397
0.07545
0.07893
-0.00296
-0.05576
-0.11553000000000001
0.04409
0.04983
0.09391999999999999
0.14131
0.08179
0.02973
0.03676
-0.01713
-0.13071
-0.09340999999999999
-0.16641999999999998
-0.15117
-0.09069
-0.09898
-0.19405
-0.11917
0.044050000000000006
0.0070999999999999995
-0.02155
0.021320000000000002
0.13657
0.041550000000000004
0.02136
-0.11371
0.01966
0.03173
0.10818
0.1889
0.09359999999999999
0.05421
0.016040000000000002
0.05738000000000001
0.15852
0.10651
0.16324000000000002
0.00889
-0.12585000000000002
-0.07681
-0.07643
-0.13147
-0.21056999999999998
-0.14923
-0.19939
-0.1263
-0.07623
-0.11037000000000001
-0.1518
-0.1705
-0.0034699999999999996
-0.02519
-0.02268
-0.08461
0.03218
0.00922
0.06624
-0.08624000000000001
-0.03556
0.03019
0.10981
0.08202999999999999
-0.04426
0.00026
0.00823
0.12536
0.06892000000000001
0.06824
0.08278
0.15908
0.09638999999999999
0.07438
0.01914
-0.03268
0.03946
0.043890000000000005
0.0199
-0.09068
-0.0391
-0.025670000000000002
-0.040819999999999995
0.029849999999999998
0.11409000000000001
0.07966000000000001
0.13518
0.10287
0.0605
0.03233
0.07957
0.06469
0.05696
0.07789
0.11222
0.11163000000000001
-0.015029999999999998
-0.020110000000000003
-0.07693
0.00641
0.12558999999999998
0.09036
0.12416
-0.0297
-0.04899
0.01638
0.03664
0.18350999999999998
0.19681
0.14381
0.19612
0.11362
0.04896
0.03454
0.03678
0.01031
-0.03466
-0.03673
-0.03617
-0.12105
-0.1265
-0.09002
-0.06645
-0.08715
-0.10933
-0.05923
-0.016200000000000003
0.10462999999999999
-0.059519999999999997
-0.09821999999999999
-0.15957000000000002
-0.26100999999999996
-0.17089
-0.15275
-0.14758
-0.14468999999999999
-0.10482
-0.13365
-0.10147
-0.18988
-0.11414999999999999
-0.04106
0.05713
0.08631
-0.06753
-0.042699999999999995
-0.0906
-0.023700000000000002
0.05562
0.059320000000000005
0.09602000000000001
0.12971
0.04075
0.02223
0.02689
0.01117
-0.08448
-0.03402
-0.05765
0.09731
0.08481
0.03566
0.0032400000000000003
0.034780000000000005
0.10323
0.03231
0.07799
-0.0179
-0.07612000000000001
-0.048949999999999994
-0.07296
-0.18639
-0.17633
-0.12996
-0.15889
-0.13953
-0.046630000000000005
-0.0227
-0.03541
0.08922000000000001
0.11246
0.07026
0.03368
0.19401
0.22904
0.15710000000000002
0.13891
0.07438
0.026459999999999997
0.005869999999999999
-0.018879999999999997
-0.021179999999999997
0.0876
0.0783
0.14125
0.14044
0.050309999999999994
0.06298
0.06084
0.14081
0.16937000000000002
0.12954000000000002
0.12957000000000002
0.07614
0.0564
0.03276
0.03717
-0.0384
0.00469
0.043289999999999995
0.05744
0.11825
0.03128
0.00321
-0.01406
-0.00263
0.06529
0.05144
0.09178000000000001
0.03101
-0.0634
-0.05
-0.0673
-0.09071
-0.11
-0.07490000000000001
-0.10159000000000001
-0.048369999999999996
-0.06745
-0.08468
-0.11068
-0.09289
-0.03513
-0.04185
-0.02246
-0.10095000000000001
-0.14324
-0.11654999999999999
-0.18131
-0.19189
-0.14174
-0.13226000000000002
-0.17416
-0.11303
-0.022770000000000002
-0.06465
-0.09447
-0.19297
-0.08260999999999999
-0.07596
-0.08266
-0.16104
-0.1052
-0.054509999999999996
-0.0674
0.015969999999999998
0.06175
0.01222
0.02992
0.07705000000000001
0.053
0.013340000000000001
-0.010780000000000001
-0.060759999999999995
0.03746
0.031560000000000005
0.04394
-0.00688
0.06018
0.08728999999999999
0.14711
0.10888999999999999
-0.00131
0.006790000000000001
-0.029820000000000003
-0.09358000000000001
-0.0616
-0.01045
-0.00032
0.12176000000000001
0.11111
0.07794
0.03762
-0.01073
0.12636
0.13579
0.20521
0.19424
0.09519
0.09287000000000001
0.07161
0.01836
0.10044
0.10922000000000001
0.14205
0.17156
0.20187000000000002
0.15460000000000002
0.1852
0.00762
0.013040000000000001
0.09985
0.14628
0.17371999999999999
0.07152
0.07275999999999999
0.028399999999999998
-0.07625
-0.01573
0.03546
0.06474
0.07037
-0.045739999999999996
-0.03933
-0.10617000000000001
-0.11478
-0.07171999999999999
-0.06507
-0.10643000000000001
-0.12346
0.01684
-0.00804
0.0011
0.0313
0.06824
0.02569
0.08416
0.08265
0.03008
0.026760000000000003
0.07726
0.08033
-0.068
-0.06557
-0.08573
-0.06114
-0.05492
-0.03754
-0.05683
0.02395
-0.00055
-0.020569999999999998
-0.04948
0.0217
0.044509999999999994
0.030270000000000002
0.02831
0.06253
0.05801
0.01236
0.0005
0.05192
0.08945
0.044160000000000005
0.05822
0.0767
0.047670000000000004
0.0222
0.02114
0.00567
0.06321
0.022639999999999997
0.09246
-0.04857
-0.11932999999999999
-0.07381
-0.07579
-0.10368000000000001
-0.15408
-0.13505
-0.17529
-0.13224
-0.03266
-0.04337
-0.03383
-0.1206
-0.04079
-0.007039999999999999
0.025390000000000003
0.049
0.02254
0.0506
0.06819
0.19858
0.14112
0.11837999999999999
0.12765
0.15031
0.13745
0.11513999999999999
0.1487
0.163
0.07273
0.06775
0.07374
0.03008
-0.0032500000000000003
0.01593
0.00094
0.07346
0.09266
0.03825
0.03221
-0.04367
0.07124
0.07769
0.11109999999999999
0.05556
0.00045
-0.01554
-0.03223
-0.06866
-0.018879999999999997
0.0286
0.05722000000000001
0.13507999999999998
0.03418
-0.012589999999999999
-0.0673
-0.07116
-0.02817
-0.0005600000000000001
0.043230000000000005
0.07685
0.0053300000000000005
0.00398
-0.00445
0.01477
0.03003
0.01669
0.04311
-0.01184
-0.02738
-0.028900000000000002
-0.08429
-0.09231
0.07529
0.05205
0.12736
0.06157
-0.00332
0.031709999999999995
0.02843
-0.01083
-0.011659999999999998
0.04771
0.059660000000000005
0.19908
0.07522000000000001
0.03811
-0.0028199999999999996
-0.01279
-0.03841
-0.03042
-0.06485
-0.00426
0.04845
-0.011890000000000001
-0.028130000000000002
-0.13446999999999998
-0.0944
-0.08614000000000001
-0.09487
-0.18938
-0.058280000000000005
-0.040060000000000005
0.01316
-0.026760000000000003
-0.08444000000000002
-0.05481
-0.03457
-0.10861000000000001
-0.0823
-0.02859
-0.04202
0.03246
-0.01665
-0.0077
-0.01361
0.13499
0.15029
0.10392
0.08128
0.0017100000000000001
0.0313
0.04109
0.05221
0.09966
0.10619999999999999
0.09820999999999999
0.11663
0.12955
0.08685000000000001
0.08039
0.07364
0.0721
0.08124
0.08202999999999999
0.10965
0.16122
0.06639
0.03923
0.0148
0.02273
0.04304
0.03388
0.0435
0.08242000000000001
0.0208
-0.016399999999999998
-0.0716
-0.17759
-0.0158
-0.02251
-0.01845
-0.12397999999999999
-0.02023
0.00788
0.058609999999999995
0.08151
0.01983
0.045439999999999994
0.04825
0.14426
0.08444000000000002
0.05926
0.03283
0.08349999999999999
0.17531
0.16536
0.21284
0.20306999999999997
0.08971
0.09948
0.09039
0.13592
0.08094
0.057539999999999994
0.01705
-0.06248
0.03127
0.01418
0.00234
-0.0241
-0.0014199999999999998
-0.03206
-0.03595
-0.12581
-0.12656
-0.10954000000000001
-0.12803
-0.13003
-0.05846
-0.06817999999999999
-0.04981
-0.13504
-0.15124
-0.10451
-0.08257999999999999
0.04015
-0.03213
-0.05887
-0.11688000000000001
-0.15566000000000002
-0.11964999999999999
-0.10205
-0.11774
-0.12215999999999999
-0.02504
-0.02989
-0.01833
-0.06152
-0.056760000000000005
-0.05133
-0.02459
0.03716
0.010860000000000002
-0.00318
-0.013500000000000002
0.0011200000000000001
0.06675
0.03542
0.05619
0.059519999999999997
0.020259999999999997
-0.00549
0.026920000000000003
-0.06752
-0.18199
-0.12509
-0.17003000000000001
-0.06297
0.02508
0.0076300000000000005
0.061059999999999996
0.10604
0.02359
-0.01992
-0.03232
-0.14149
-0.05411
-0.02568
0.01288
-0.03649
-0.09695000000000001
-0.07962
-0.09601000000000001
-0.1757
-0.051699999999999996
-0.013839999999999998
0.01761
-0.04108
-0.07511
-0.02404
0.00947
0.14262
0.09759000000000001
0.09595000000000001
0.07902999999999999
0.0975
0.09471
0.06323000000000001
0.052919999999999995
0.10081
0.09324
0.07009
0.0839
0.10811
0.10173
0.07579
0.08564999999999999
-0.022019999999999998
-0.054610000000000006
-0.01602
0.00601
0.07086
0.036379999999999996
0.019710000000000002
0.024300000000000002
0.07224
-0.00501
-0.03352
-0.04157
-0.00843
0.009689999999999999
-0.01764
-0.030979999999999997
-0.09094
-0.01107
0.01114
0.060090000000000005
0.11863
0.05136
0.02258
0.04948
0.041440000000000005
0.0030299999999999997
-0.0014000000000000002
0.0285
0.020030000000000003
-0.03542
-0.03268
0.00988
-0.04529
-0.10196
-0.06823
-0.062380000000000005
-0.08771000000000001
-0.11632999999999999
-0.07553
-0.05203
-0.028140000000000002
-0.10693
-0.09897
-0.14800000000000002
-0.15839999999999999
-0.08961000000000001
-0.06123
-0.05546
-0.0149
-0.04682
-0.04904
-0.08487
-0.03309
0.01042
-0.0076
0.014419999999999999
0.03727
-0.03149
-0.05288
-0.07162
-0.06984
-0.02984
-0.04394
-0.056479999999999995
-0.08404
-0.05593
-0.046689999999999995
-0.06042
-0.04089
0.00321
-0.00525
-0.0191
-0.07213
-0.02099
-0.013839999999999998
-0.00447
-0.02532
-0.04906
-0.0499
-0.0694
-0.01591
0.005410000000000001
-0.0062900000000000005
-0.014790000000000001
0.01409
0.0337
0.013420000000000001
-0.0057399999999999994
-0.02007
0.04872
0.035840000000000004
0.06735000000000001
0.01829
-0.03882
-0.00043999999999999996
0.01076
0.08179
0.055119999999999995
0.03605
0.01471
-0.0022500000000000003
-0.046689999999999995
-0.044180000000000004
-0.09219
-0.10668
0.00773
0.01676
0.00128
0.02212
0.06759
0.0259
0.03734
-0.06515
-0.07357
-0.05979
-0.06018
-0.07968
-0.03951
-0.04614
-0.04469
-0.050570000000000004
-0.07158
-0.07144
-0.08471999999999999
-0.15151
-0.12545
-0.11094
-0.14712999999999998
-0.18223
-0.10321999999999999
-0.07228
-0.05663
-0.01218
-0.06286
-0.05484
-0.10595
-0.06103
0.03068
0.0017100000000000001
0.02306
0.02926
-0.012230000000000001
-0.03532
-0.06303
-0.13253
-0.0818
-0.06384000000000001
-0.07435
-0.028290000000000003
0.00029
-0.023250000000000003
-0.02086
-0.05059
-0.0784
-0.0842
-0.12041
-0.09577
-0.02522
-0.04616
-0.03464
-0.02919
-0.0495
-0.05973
-0.06143
-0.07863
-0.061079999999999995
-0.06463
-0.061040000000000004
-0.0966
-0.04024
-0.008329999999999999
0.03798
0.05994
0.00853
0.005410000000000001
0.00068
-0.060110000000000004
-0.06136
-0.040389999999999995
-0.05875
-0.06096
0.03365
0.058890000000000005
0.08682000000000001
0.12003
0.13864
0.11875
0.13795
0.09386
0.06737
0.09437
0.13732
0.1595
0.10487
0.11013
0.09515000000000001
0.10514
0.08869999999999999
0.06318
0.06027999999999999
-0.0173
-0.014150000000000001
0.010409999999999999
0.01275
0.01894
0.02522
0.033620000000000004
0.05592
0.08108
0.056749999999999995
0.04521
0.04005
0.03467
0.03183
0.028229999999999998
0.01585
0.08224999999999999
0.13259
0.10035999999999999
0.14055
0.06639
0.04784
0.08929999999999999
0.12549
0.20237
0.1343
0.10486000000000001
0.11405
0.12028
0.0759
0.08515
0.09464
0.10071999999999999
0.07078999999999999
0.0525
0.014499999999999999
-0.034159999999999996
0.02733
0.040060000000000005
0.0718
0.04392
-0.01076
-0.00714
-0.026920000000000003
-0.03571
0.006939999999999999
-0.00035000000000000005
0.0373
0.028229999999999998
-0.01464
-0.0098
-0.00942
-0.03766
-0.03642
-0.030979999999999997
0.00373
0.0032500000000000003
-0.07565000000000001
-0.04861
-0.059370000000000006
-0.053399999999999996
-0.03789
-0.030350000000000002
-0.05314
0.03634
0.062
0.036309999999999995
0.07027
0.09025999999999999
0.02722
0.0334
0.042050000000000004
0.039220000000000005
0.01123
0.023
0.02343
0.05853
0.023940000000000003
0.019039999999999998
0.00771
0.01805
0.02061
0.015300000000000001
-0.005679999999999999
0.06612
0.08336
0.03398
0.02872
-0.04136
-0.0030499999999999998
-0.00777
-0.01589
-0.022770000000000002
-0.0062900000000000005
-0.027160000000000004
-0.008289999999999999
-0.03633
-0.02935
-0.02166
-0.005180000000000001
-0.03784
-0.09276
-0.07649
-0.08375
-0.11437
-0.09386
-0.05159
-0.06517
0.0333
0.03128
0.016730000000000002
0.018680000000000002
0.07312
0.048490000000000005
0.025419999999999998
0.007189999999999999
-0.01581
0.043230000000000005
0.0487
0.06437999999999999
0.11901
0.09969
0.07152
0.07702
0.10525000000000001
0.07982
0.05331
0.043769999999999996
0.07332
0.10346999999999999
0.06562
0.09205
0.01866
-0.05596
-0.04042
-0.04472
-0.01073
-0.00449
-0.01565
-0.010549999999999999
-0.03164
-0.07693
-0.06768
-0.09683
-0.09144999999999999
-0.040830000000000005
-0.044480000000000006
-0.07232999999999999
-0.12728
-0.06218
-0.050499999999999996
-0.04717
-0.04146
-0.026869999999999998
-0.02407
-0.01812
-0.00815
0.01233
0.0001
0.00773
0.0014000000000000002
0.0027600000000000003
0.00912
0.00779
0.054450000000000005
0.05654
0.04208
0.01755
-0.01691
0.02468
0.04731
0.07087
0.10048
0.04054
0.01591
-0.03948
-0.0733
-0.017
-0.01209
-0.02097
0.02054
0.042359999999999995
0.005540000000000001
0.00524
-0.06558
-0.028130000000000002
-0.01314
-0.005390000000000001
-0.05276
-0.06407
-0.044640000000000006
-0.06376
-0.04169
0.0102
0.0012900000000000001
-0.01257
-0.06656
0.0014000000000000002
0.01262
0.03398
0.055119999999999995
0.01325
0.01398
0.0017499999999999998
0.01533
0.06825
0.06513
0.0821
0.06712
0.058440000000000006
0.04792
0.04885
-0.013349999999999999
0.01123
0.024380000000000002
0.043230000000000005
0.00082
-0.052910000000000006
-0.028370000000000003
-0.04582
-0.0167
0.0027300000000000002
0.00985
-0.00382
0.040780000000000004
0.07319
0.05055
0.06643
0.07979
0.05773
0.04489
0.04502
0.00264
-0.00017999999999999998
0.00134
-0.0042699999999999995
-0.0292
-0.012230000000000001
-0.00906
0.00536
-0.01016
0.045129999999999997
0.04301
0.068
0.03944
-0.00294
-0.00246
0.00951
-0.04568
-0.07046000000000001
-0.03784
-0.05103
-0.04259
-0.0337
-0.02528
-0.02069
0.05918
0.08611
0.07077
0.08767
0.07761
0.01994
0.01551
0.03499
0.06702
0.03528
0.01727
0.04135
-0.01724
-0.06807
-0.05244
-0.04732
0.021259999999999998
-0.01373
-0.03994
-0.042300000000000004
-0.10923999999999999
-0.08584
-0.04457
-0.04535
-0.028759999999999997
-0.026629999999999997
-0.03483
-0.0323
-0.03993
-0.05504
-0.042140000000000004
-0.0349
-0.00146
-0.0019
-0.01691
0.00255
0.02841
0.0102
0.00255
0.01558
-0.03349
0.00565
0.01862
0.03427
0.01135
-0.03887
-0.031120000000000002
-0.02419
-0.03915
-0.03349
0.01052
0.00416
0.06502
0.046630000000000005
0.03598
0.02854
0.10808
0.11647
0.09783
0.08516
0.040119999999999996
0.03572
0.03653
0.02571
0.06849
0.06573000000000001
0.039599999999999996
0.023250000000000003
-0.04702
0.00906
0.021720000000000003
0.02856
0.05054
0.04627
0.04491
0.04596
0.09433
0.07719000000000001
0.04396
0.00611
-0.025169999999999998
0.01319
-0.01343
-0.015969999999999998
-0.05299
-0.03297
-0.02524
-0.0083
-0.04935
-0.006540000000000001
0.00442
0.01754
0.015269999999999999
-0.0137
-0.019799999999999998
-0.03055
-0.04627
-0.00513
0.010360000000000001
0.02244
0.07582
0.02267
0.00010999999999999999
0.00193
-0.0174
-0.0481
-0.022250000000000002
-0.03777
0.03521
0.03601
0.00519
0.01196
0.020819999999999998
0.02512
-0.005370000000000001
0.0025
-0.06619
-0.050519999999999995
-0.05957
-0.056029999999999996
-0.11125
-0.09192
-0.07894999999999999
-0.060250000000000005
-0.06478
-0.08396
-0.0774
-0.07336000000000001
-0.09481
-0.09974
-0.08903
-0.08925000000000001
-0.09529
-0.13464
-0.10096999999999999
-0.12585000000000002
-0.08930999999999999
-0.07632
-0.08305
-0.11764
-0.12180999999999999
-0.06011999999999999
-0.05747
-0.04484
-0.02871
-0.01473
-0.03206
-0.05044
-0.05950999999999999
0.00503
-0.01352
0.02423
-0.00494
-0.04089
-0.02699
-0.02459
-0.03102
-0.01665
-0.0113
-0.01046
0.057229999999999996
0.018879999999999997
-0.00314
-0.02459
-0.05671
-0.04769999999999999
-0.039009999999999996
-0.05142
0.029830000000000002
0.03774
0.00013
0.012350000000000002
-0.03069
-0.020499999999999997
-0.007980000000000001
-0.01042
0.02299
0.08093
0.04337
0.09873
0.048490000000000005
0.00155
0.01455
0.04873
0.04963
-0.00469
-0.00645
-0.02145
-0.04693
-0.03572
-0.01458
-0.02314
-0.07064
-0.06559999999999999
-0.03475
-0.03335
-0.025550000000000003
-0.04095
-0.03675
-0.04938
-0.07441
-0.04776
-0.04936
-0.05524
-0.06709999999999999
-0.04457
-0.049729999999999996
-0.046310000000000004
-0.08138999999999999
-0.03909
-0.02464
0.0035299999999999997
-0.02206
-0.07771
-0.06826
-0.09388
-0.15258
-0.12072
-0.07554
-0.08898999999999999
-0.06349
-0.04612
-0.03017
-0.04582
-0.02101
-0.01595
-0.0217
-0.04341999999999999
-0.02321
0.04463
0.03516
0.05103
0.05994
0.043179999999999996
0.03706
0.04376
0.04375
0.05331
0.04213
0.046150000000000004
0.01367
0.0362
0.04228
0.08178
0.07415
0.0053100000000000005
0.02443
0.01765
0.06543
0.05907
0.03465
0.01058
-0.00928
0.04915
0.04694
0.06926
0.032029999999999996
0.02946
0.045810000000000003
0.06692999999999999
0.09648
0.02235
0.023700000000000002
0.04221
0.06995
0.02558
0.01257
-0.01916
-0.04317
-0.0035399999999999997
0.01385
0.022959999999999998
0.05481
0.043680000000000004
0.03242
0.01194
-0.00306
0.05074
0.03102
0.05398
0.0048
-0.00436
0.01949
0.02169
0.03627
0.03665
0.02423
0.01586
0.00272
0.024380000000000002
0.022170000000000002
0.044809999999999996
0.01111
-0.02466
-0.0040100000000000005
-0.02612
0.03669
0.04125
0.02709
0.021709999999999997
0.044320000000000005
0.02587
0.02043
-0.00192
0.033549999999999996
0.09873
0.06483
0.10411
0.05158
0.00111
0.02711
0.05133
0.10978
0.05885
0.029900000000000003
0.016319999999999998
0.03676
0.03322
0.00156
0.00179
-0.00392
0.045970000000000004
0.05808
0.08163000000000001
0.09676
0.06301999999999999
0.05327
0.055439999999999996
0.07803
0.024990000000000002
0.01705
0.011479999999999999
0.00487
0.047569999999999994
0.041870000000000004
0.056319999999999995
0.11128
0.09178000000000001
0.06508
0.08026
0.05371000000000001
0.00933
0.01615
-0.0054600000000000004
0.03555
0.09179
0.06804
0.10744999999999999
0.0711
-0.0027400000000000002
0.01191
-0.00839
0.0495
0.06847
0.051340000000000004
0.036789999999999996
0.0764
0.10669000000000001
0.08061
0.092
0.05654
0.06132
0.07196
0.06303
0.07985
0.04002
0.02228
0.017589999999999998
0.01173
0.023530000000000002
0.021789999999999997
0.01213
-0.014339999999999999
-0.01303
-0.01117
-0.020390000000000002
0.02183
0.04283000000000001
0.025339999999999998
0.01161
-0.01621
0.02166
0.01816
0.01253
0.01905
0.040010000000000004
0.02857
0.04005
-0.00791
-0.014410000000000001
0.00149
-0.014199999999999999
-0.00907
0.00923
0.00192
0.00146
0.047830000000000004
0.05067
0.03483
0.01573
-0.018260000000000002
0.01784
0.02392
0.030990000000000004
0.05563
0.03162
0.033159999999999995
0.02113
0.04216
0.05902
0.04087
0.02634
0.02553
0.025939999999999998
0.011120000000000001
0.00219
-0.00309
0.032799999999999996
0.02487
0.01914
-0.01283
0.023559999999999998
0.016730000000000002
0.03152
0.043289999999999995
0.02377
0.014419999999999999
0.01341
-0.021110000000000004
-0.006959999999999999
0.00028000000000000003
0.0027800000000000004
0.00792
-0.005849999999999999
-0.00817
-0.01546
-0.013959999999999998
0.00766
0.00757
0.01269
0.016120000000000002
-0.0031
-0.00923
-0.00877
-0.00823
-0.00845
-0.01075
-0.00779
-0.02419
-0.0197
-0.015269999999999999
-0.015109999999999998
-0.01383
-0.00906
-0.01038
-0.00395
-0.0062900000000000005
-0.01213
-0.00995
-0.010620000000000001
-0.014159999999999999
-0.015780000000000002
-0.01595
-0.01656
-0.01317
-0.013720000000000001
-0.01311
-0.014570000000000001
-0.01505
-0.01352
-0.01448
-0.01265
-0.0132
-0.009300000000000001
-0.00946
-0.00843
-0.01229
-0.01006
-0.00786
-0.0058
-0.0053300000000000005
-0.00603
-0.00567
-0.00425
-0.00426
-0.00475
-0.00444
-0.0039900000000000005
-0.0028499999999999997
-0.0015
-0.00131
-0.0014299999999999998
-0.00115
-0.00077
-0.00064
-0.00035000000000000005
-0.00039
-0.00017999999999999998
0.0
0.0
0.0
0.0
0.0
0.0
0.0
0.0
0.0
0.0
0.0
0.0
0.0
0.0
0.0
0.0
0.0
0.0
0.0
0.0
0.0
0.0
0.0
0.0
0.0
0.0
0.0
0.0
0.0
0.0
0.0
0.0
0.0
0.0
0.0
0.0
0.0
0.0
0.0
0.0
0.0
0.0
0.0
0.0
0.0
0.0
0.0
0.0
0.0
0.0
0.0
0.0
0.0
0.0
0.0
0.0
0.0
0.0
0.0
0.0
0.0
0.0
0.0
0.0
0.0
0.0
0.0
0.0
0.0
0.0
0.0
0.0
0.0
0.0
0.0
0.0
0.0
0.0
0.0
0.0
0.0
0.0
0.0
0.0
0.0
0.0
0.0
0.0
0.0
0.0
0.0
0.0
0.0
0.0
0.0
0.0
0.0
0.0
0.0
0.0
0.0
0.0
0.0
0.0
0.0
0.0
0.0
0.0
0.0
0.0
0.0
0.0
0.0
0.0
0.0
0.0
0.0
0.0
0.0
0.0
0.0
0.0
0.0
0.0
0.0
0.0
0.0
0.0
0.0
0.0
0.0
0.0
0.0
0.0
0.0
0.0
0.0
0.0
0.0
0.0
0.0
0.0
0.0
0.0
0.0
0.0
0.0
0.0
0.0
0.0
0.0
0.0
0.0
0.0
0.0
0.0
0.0
0.0
0.0
0.0
0.0
0.0
0.0
0.0
0.0
0.0
0.0
0.0
0.0
0.0
0.0
0.0
0.0
0.0
0.0
0.0
0.0
0.0
0.0
0.0
0.0
0.0
0.0
0.0
0.0
0.0
0.0
0.0
0.0
0.0
0.0
0.0
0.0
0.0
0.0
0.0
0.0
0.0
0.0
0.0
0.0
0.0
0.0
0.0
0.0
0.0
0.0
0.0
0.0
0.0
0.0
0.0
0.0
0.0
0.0
0.0
0.0
0.0
0.0
0.0
0.0
0.0
0.0
0.0
0.0
0.0
0.0
0.0
0.0
0.0
0.0
0.0
0.0
0.0
0.0
0.0
0.0
0.0
0.0
0.0
0.0
0.0
0.0
0.0
0.0
0.0
0.0
0.0
0.0
0.0
0.0
0.0
0.0
0.0
0.0
0.0
0.0
0.0
0.0
0.0
0.0
0.0
0.0
0.0
0.0
0.0
0.0
0.0
0.0
0.0
0.0
0.0
0.0
0.0
0.0
0.0
0.0
0.0
0.0
0.0
0.0
0.0
0.0
0.0
0.0
0.0
0.0
0.0
0.0
0.0
0.0
0.0
0.0
0.0
0.0
0.0
0.0
0.0
0.0
0.0
0.0
0.0
0.0
0.0
0.0
0.0
0.0
0.0
0.0
0.0
0.0
0.0
0.0
0.0
0.0
0.0
0.0
0.0
0.0
0.0
0.0
0.0
0.0
0.0
0.0
0.0
0.0
0.0
0.0
0.0
0.0
0.0
0.0
0.0
0.0
0.0
0.0
0.0
0.0
0.0
0.0
0.0
0.0
0.0
0.0
0.0
0.0
0.0
0.0
0.0
0.0
0.0
0.0
0.0
0.0
0.0
0.0
0.0
0.0
0.0
0.0
0.0
0.0
0.0
0.0
0.0
0.0
0.0
0.0
0.0
0.0
0.0
0.0
0.0
0.0
0.0
0.0
0.0
0.0
0.0
0.0
0.0
0.0
0.0
0.0
0.0
0.0
0.0
0.0
0.0
0.0
0.0
0.0
0.0
0.0
0.0
0.0
0.0
0.0
0.0
0.0
0.0
0.0
0.0
0.0
0.0
0.0
0.0
0.0
0.0
0.0
0.0
0.0
0.0
0.0
0.0
0.0
0.0
0.0
0.0
0.0
0.0
0.0
0.0
0.0
0.0
0.0
0.0
0.0
0.0
0.0
0.0
0.0
0.0
0.0
0.0
0.0
0.0
0.0
0.0
0.0
0.0
0.0
0.0
0.0
0.0
0.0
0.0
0.0
0.0
0.0
0.0
0.0
0.0
0.0
0.0
0.0
0.0
0.0
0.0
0.0
0.0
0.0
0.0
0.0
0.0
0.0
0.0
0.0
0.0
0.0
0.0
0.0
0.0
0.0
0.0
0.0
0.0
0.0
0.0
0.0
0.0
0.0
0.0
0.0
0.0
0.0
0.0
0.0
0.0
0.0
0.0
0.0
0.0
0.0
0.0
0.0
0.0
0.0
0.0
0.0
0.0
0.0
0.0
0.0
0.0
0.0
0.0
0.0
0.0
0.0
0.0
0.0
0.0
0.0
0.0
0.0
0.0
0.0
0.0
0.0
0.0
0.0
0.0
0.0
0.0
0.0
0.0
0.0
0.0
0.0
0.0
0.0
0.0
0.0
0.0
0.0
0.0
0.0
0.0
0.0
0.0
0.0
0.0
0.0
0.0
0.0
0.0
0.0
0.0
0.0
0.0
0.0
0.0
0.0
0.0
0.0
0.0
0.0
0.0
0.0
0.0
0.0
0.0
0.0
0.0
0.0
0.0
0.0
0.0
0.0
0.0
0.0
0.0
0.0
0.0
0.0
0.0
0.0
0.0
0.0
0.0
0.0
0.0
0.0
0.0
0.0
0.0
0.0
0.0
0.0
0.0
0.0
0.0
0.0
0.0
0.0
0.0
0.0
0.0
0.0
0.0
0.0
0.0
0.0
0.0
0.0
0.0
0.0
0.0
0.0
0.0
0.0
0.0
0.0
0.0
0.0
0.0
0.0
0.0
0.0
0.0
0.0
0.0
0.0
0.0
0.0
0.0
0.0
0.0
0.0
0.0
0.0
0.0
0.0
0.0
0.0
0.0
0.0
0.0
0.0
0.0
0.0
0.0
0.0
0.0
0.0
0.0
0.0
0.0
0.0
0.0
0.0
0.0
0.0
0.0
0.0
0.0
0.0
0.0
0.0
0.0
0.0
0.0
0.0
0.0
0.0
0.0
0.0
0.0
0.0
0.0
0.0
0.0
0.0
0.0
0.0
0.0
0.0
0.0
0.0
0.0
0.0
0.0
0.0
0.0
0.0
0.0
0.0
0.0
0.0
0.0
0.0
0.0
0.0
0.0
0.0
0.0
0.0
0.0
0.0
0.0
0.0
0.0
0.0
0.0
0.0
0.0
0.0
0.0
0.0
0.0
0.0
0.0
0.0
0.0
0.0
0.0
0.0
0.0
0.0
0.0
0.0
0.0
0.0
0.0
0.0
0.0
0.0
0.0
0.0
0.0
0.0
0.0
0.0
0.0
0.0
0.0
0.0
0.0
0.0
0.0
0.0
0.0
0.0
0.0
0.0
0.0
0.0
0.0
0.0
0.0
0.0
0.0
0.0
0.0
0.0
0.0
0.0
0.0
0.0
0.0
0.0
0.0
0.0
0.0
0.0
0.0
0.0
0.0
0.0
0.0
0.0
0.0
0.0
0.0
0.0
0.0
0.0
0.0
0.0
0.0
0.0
0.0
0.0
0.0
0.0
0.0
0.0
0.0
0.0
0.0
0.0
0.0
0.0
0.0
0.0
0.0
0.0
0.0
0.0
0.0
0.0
0.0
0.0
0.0
0.0
0.0
0.0
0.0
0.0
0.0
0.0
0.0
0.0
0.0
0.0
0.0
0.0
0.0
0.0
0.0
0.0
0.0
0.0
0.0
0.0
0.0
0.0
0.0
0.0
0.0
0.0
0.0
0.0
0.0
0.0
0.0
0.0
0.0
0.0
0.0
0.0
0.0
0.0
0.0
0.0
0.0
0.0
0.0
0.0
0.0
0.0
0.0
0.0
0.0
0.0
0.0
0.0
0.0
0.0
0.0
0.0
0.0
0.0
0.0
0.0
0.0
0.0
0.0
0.0
0.0
0.0
0.0
0.0
0.0
0.0
0.0
0.0
0.0
0.0
0.0
0.0
0.0
0.0
0.0
0.0
0.0
0.0
0.0
0.0
0.0
0.0
0.0
0.0
0.0
0.0
0.0
0.0
0.0
0.0
0.0
0.0
0.0
0.0
0.0
0.0
0.0
0.0
0.0
0.0
0.0
0.0
0.0
0.0
0.0
0.0
0.0
0.0
0.0
0.0
0.0
0.0
0.0
0.0
0.0
0.0
0.0
0.0
0.0
0.0
0.0
0.0
0.0
0.0
0.0
0.0
0.0
0.0
0.0
0.0
0.0
0.0
0.0
0.0
0.0
0.0
0.0
0.0
0.0
0.0
0.0
0.0
0.0
0.0
0.0
0.0
0.0
0.0
0.0
0.0
0.0
0.0
0.0
0.0
0.0
0.0
0.0
0.0
0.0
0.0
0.0
0.0
0.0
0.0
0.0
0.0
0.0
0.0
0.0
0.0
0.0
0.0
0.0
0.0
0.0
0.0
0.0
0.0
0.0
0.0
0.0
0.0
0.0
0.0
0.0
0.0
0.0
0.0
0.0
0.0
0.0
0.0
0.0
0.0
0.0
0.0
0.0
0.0
0.0
0.0
0.0
0.0
0.0
0.0
0.0
0.0
0.0
0.0
0.0
0.0
0.0
0.0
0.0
0.0
0.0
0.0
0.0
0.0
0.0
0.0
0.0
0.0
0.0
0.0
0.0
0.0
0.0
0.0
0.0
0.0
0.0
0.0
0.0
0.0
0.0
0.0
0.0
0.0
0.0
0.0
0.0
0.0
0.0
0.0
0.0
0.0
0.0
0.0
0.0
0.0
0.0
0.0
0.0
0.0
0.0
0.0
0.0
0.0
0.0
0.0
0.0
0.0
0.0
0.0
0.0
0.0
0.0
0.0
0.0
0.0
0.0
0.0
0.0
0.0
0.0
0.0
0.0
0.0
0.0
0.0
0.0
0.0
0.0
0.0
0.0
0.0
0.0
0.0
0.0
0.0
0.0
0.0
0.0
0.0
0.0
0.0
0.0
0.0
0.0
0.0
0.0
0.0
0.0
0.0
0.0
0.0
0.0
0.0
0.0
0.0
0.0
0.0
0.0
0.0
0.0
0.0
0.0
0.0
0.0
0.0
0.0
0.0
0.0
0.0
0.0
0.0
0.0
0.0
0.0
0.0
0.0
0.0
0.0
0.0
0.0
0.0
0.0
0.0
0.0
0.0
0.0
0.0
0.0
0.0
0.0
0.0
0.0
0.0
0.0
0.0
0.0
0.0
0.0
0.0
0.0
0.0
0.0
0.0
0.0
0.0
0.0
0.0
0.0
0.0
0.0
0.0
0.0
0.0
0.0
0.0
0.0
0.0
0.0
0.0
0.0
0.0
0.0
0.0
0.0
0.0
0.0
0.0
0.0
0.0
0.0
0.0
0.0
0.0
0.0
0.0
0.0
0.0
0.0
0.0
0.0
0.0
0.0
0.0
0.0
0.0
0.0
0.0
0.0
0.0
0.0
0.0
0.0
0.0
0.0
0.0
0.0
0.0
0.0
0.0
0.0
0.0
0.0
0.0
0.0
0.0
0.0
0.0
0.0
0.0
0.0
0.0
0.0
0.0
0.0
0.0
0.0
0.0
0.0
0.0
0.0
0.0
0.0
0.0
0.0
0.0
0.0
0.0
0.0
0.0
0.0
0.0
0.0
0.0
0.0
0.0
0.0
0.0
0.0
0.0
0.0
0.0
0.0
0.0
0.0
0.0
0.0
0.0
0.0
0.0
0.0
0.0
0.0
0.0
0.0
0.0
0.0
0.0
0.0
0.0
0.0
0.0
0.0
0.0
0.0
0.0
0.0
0.0
0.0
0.0
0.0
0.0
0.0
0.0
0.0
0.0
0.0
0.0
0.0
0.0
0.0
0.0
0.0
0.0
0.0
0.0
0.0
0.0
0.0
0.0
0.0
0.0
0.0
0.0
0.0
0.0
0.0
0.0
0.0
0.0
0.0
0.0
0.0
0.0
0.0
0.0
0.0
0.0
0.0
0.0
0.0
0.0
0.0
0.0
0.0
0.0
0.0
0.0
0.0
0.0
0.0
0.0
0.0
0.0
0.0
0.0
0.0
0.0
0.0
0.0
0.0
0.0
0.0
0.0
0.0
0.0
0.0
0.0
0.0
0.0
0.0
0.0
0.0
0.0
0.0
0.0
0.0
0.0
0.0
0.0
0.0
0.0
0.0
0.0
0.0
0.0
0.0
0.0
0.0
0.0
0.0
0.0
0.0
0.0
0.0
0.0
0.0
0.0
0.0
0.0
0.0
0.0
0.0
0.0
0.0
0.0
0.0
0.0
0.0
0.0
0.0
0.0
0.0
0.0
0.0
0.0
0.0
0.0
0.0
0.0
0.0
0.0
0.0
0.0
0.0
0.0
0.0
0.0
0.0
0.0
0.0
0.0
0.0
0.0
0.0
0.0
0.0
0.0
0.0
0.0
0.0
0.0
0.0
0.0
0.0
0.0
0.0
0.0
0.0
0.0
0.0
0.0
0.0
0.0
0.0
0.0
0.0
0.0
0.0
0.0
0.0
0.0
0.0
0.0
0.0
0.0
0.0
0.0
0.0
0.0
0.0
0.0
0.0
0.0
0.0
0.0
0.0
0.0
0.0
0.0
0.0
0.0
0.0
0.0
0.0
0.0
0.0
0.0
0.0
0.0
0.0
0.0
0.0
0.0
0.0
0.0
0.0
0.0
0.0
0.0
0.0
0.0
0.0
0.0
0.0
0.0
0.0
0.0
0.0
0.0
0.0
0.0
0.0
0.0
0.0
0.0
0.0
0.0
0.0
0.0
0.0
0.0
0.0
0.0
0.0
0.0
0.0
0.0
0.0
0.0
0.0
0.0
0.0
0.0
0.0
0.0
0.0
0.0
0.0
0.0
0.0
0.0
0.0
0.0
0.0
0.0
0.0
0.0
0.0
0.0
0.0
0.0
0.0
0.0
0.0
0.0
0.0
0.0
0.0
0.0
0.0
0.0
0.0
0.0
0.0
0.0
0.0
0.0
0.0
0.0
0.0
0.0
0.0
0.0
0.0
0.0
0.0
0.0
0.0
0.0
0.0
0.0
0.0
0.0
0.0
0.0
0.0
0.0
0.0
0.0
0.0
0.0
0.0
0.0
0.0
0.0
0.0
0.0
0.0
0.0
0.0
0.0
0.0
0.0
0.0
0.0
0.0
0.0
0.0
0.0
0.0
0.0
0.0
0.0
0.0
0.0
0.0
0.0
0.0
0.0
0.0
0.0
0.0
0.0
0.0
0.0
0.0
0.0
0.0
0.0
0.0
0.0
0.0
0.0
0.0
0.0
0.0
0.0
0.0
0.0
0.0
0.0
0.0
0.0
0.0
0.0
0.0
0.0
0.0
0.0
0.0
0.0
0.0
0.0
0.0
0.0
0.0
0.0
0.0
0.0
0.0
0.0
0.0
0.0
0.0
0.0
0.0
0.0
0.0
0.0
0.0
0.0
0.0
0.0
0.0
0.0
0.0
0.0
0.0
0.0
0.0
0.0
0.0
0.0
0.0
0.0
0.0
0.0
0.0
0.0
0.0
0.0
0.0
0.0
0.0
0.0
0.0
0.0
0.0
0.0
0.0
0.0
0.0
0.0
0.0
0.0
0.0
0.0
0.0
0.0
0.0
0.0
0.0
0.0
0.0
0.0
0.0
0.0
0.0
0.0
0.0
0.0
0.0
0.0
0.0
0.0
0.0
0.0
0.0
0.0
0.0
0.0
0.0
0.0
0.0
0.0
0.0
0.0
0.0
0.0
0.0
0.0
0.0
0.0
0.0
0.0
0.0
0.0
0.0
0.0
0.0
0.0
0.0
0.0
0.0
0.0
0.0
0.0
0.0
0.0
0.0
0.0
0.0
0.0
0.0
0.0
0.0
0.0
0.0
0.0
0.0
0.0
0.0
0.0
0.0
0.0
0.0
0.0
0.0
0.0
0.0
0.0
0.0
0.0
0.0
0.0
0.0
0.0
0.0
0.0
0.0
0.0
0.0
0.0
0.0
0.0
0.0
0.0
0.0
0.0
0.0
0.0
0.0
0.0
0.0
0.0
0.0
0.0
0.0
0.0
0.0
0.0
0.0
0.0
0.0
0.0
0.0
0.0
