-0.0
-0.00016
-0.00016
-0.00013
-0.00016
-0.00016
-0.00023
-0.00016
-0.00016
-0.00034
-0.00016
-0.00016
-0.0005
-0.00017
-0.00017
-0.0008100000000000001
-0.00017
-0.00017999999999999998
-0.0012
-0.00018999999999999998
-0.00018999999999999998
-0.0016300000000000002
-0.0002
-0.0002
-0.00208
-0.00023
-0.00023
-0.0026
-0.00026
-0.00026
-0.00317
-0.00031
-0.0003
-0.0038
-0.00037999999999999997
-0.00037
-0.00449
-0.00045
-0.00045
-0.00525
-0.00058
-0.00057
-0.005849999999999999
-0.00073
-0.00077
-0.006790000000000001
-0.0008799999999999999
-0.0008699999999999999
-0.00787
-0.001
-0.00097
-0.00884
-0.00111
-0.00113
-0.00992
-0.00121
-0.00126
-0.01103
-0.0016
-0.00157
-0.01221
-0.00234
-0.0020399999999999997
-0.01344
-0.0036
-0.0034000000000000002
-0.01474
-0.00836
-0.006710000000000001
-0.01609
-0.0104
-0.01161
-0.00942
-0.00808
-0.01302
-0.00767
-0.00211
0.0023699999999999997
-0.0043
-0.00123
-0.00089
-0.00966
-0.0012
-0.00037
0.0022
0.01758
0.01991
0.01478
0.02395
0.00983
0.013999999999999999
0.01353
0.01635
0.01252
-0.00013
-0.00079
-0.00077
-0.01659
-0.01429
-0.00892
-0.0062
-0.0045000000000000005
-0.02538
-0.02032
-0.02634
-0.029380000000000003
-0.00084
0.0063
0.022629999999999997
0.024009999999999997
0.01103
0.01989
0.03214
0.01857
0.01781
0.02548
0.02628
0.04566
0.028159999999999998
0.02229
0.029759999999999998
0.02412
-0.00499
-0.00512
-0.01947
-0.04018
-0.03455
-0.02834
-0.043730000000000005
-0.01647
-0.0288
-0.045570000000000006
-0.05289
-0.02752
-0.02347
-0.03179
-0.03801
-0.06298
-0.03971
-0.02915
-0.04868
-0.0667
-0.04733
-0.040010000000000004
-0.03949
-0.06291000000000001
-0.07150000000000001
-0.057980000000000004
-0.045579999999999996
-0.04453
-0.07546
-0.0655
-0.06914
-0.05476
-0.06271
-0.06686
-0.07071
-0.08266
-0.03619
-0.0374
-0.02475
0.012509999999999999
-0.01348
-0.01966
-0.00161
0.00846
-0.03154
-0.02105
-0.04046
-0.00936
0.032639999999999995
0.01213
0.0365
0.036000000000000004
-0.00843
-0.00839
-0.00422
-0.058789999999999995
-0.03417
-0.01463
0.00264
-0.02818
-0.07135
-0.04654
-0.06386
-0.09686
-0.06446
-0.046959999999999995
-0.05667
-0.09626
-0.06881
-0.03443
-0.04604
0.01908
0.026150000000000003
0.0057799999999999995
0.00992
0.0801
0.06062
0.03181
0.02923
-0.04961
-0.00436
0.01203
0.03553
0.09396
0.017849999999999998
0.00473
-0.03878
-0.028159999999999998
0.05119
0.0146
0.01812
-0.07836
-0.01735
-0.00184
0.02161
0.07591
0.02247
0.00485
0.03383
0.024990000000000002
-0.03252
-0.022959999999999998
0.0074199999999999995
-0.06515
-0.086
-0.04386
-0.00321
-0.023889999999999998
-0.10883
-0.06459
-0.09259
-0.10726000000000001
-0.0028699999999999997
0.00777
0.06158
0.05082
-0.02598
0.018520000000000002
0.0388
0.12444000000000001
0.00039
0.01234
-0.06551
-0.03249
0.07098
0.0441
0.03312
-0.07367
-0.03508
0.00963
-0.04127
-0.07746
0.0225
0.014110000000000001
0.02005
-0.11288999999999999
-0.08007
-0.028450000000000003
0.00377
0.04327
-0.10593999999999999
-0.08728
-0.08582000000000001
-0.009250000000000001
-0.17203
-0.15997
-0.23701
-0.20187000000000002
-0.11954000000000001
-0.11304
-0.16050999999999999
-0.13755
-0.0282
-0.03878
-0.023940000000000003
0.11608
0.05903
0.01548
-0.03121
0.06337
0.13363
0.06437999999999999
0.03163
0.10169
0.21382
0.12556
0.19965
0.10764
0.00221
0.02595
-0.0049
-0.14749
-0.027469999999999998
0.0158
0.05706000000000001
0.17873999999999998
0.08929000000000001
0.03435
0.06141
-0.11683
-0.06908
-0.021230000000000002
0.0083
-0.13423
-0.0821
-0.01375
0.07966999999999999
0.06924999999999999
-0.09420999999999999
-0.02552
-0.00601
0.17464
0.00447
0.01406
-0.044969999999999996
0.15239
0.21425999999999998
0.12699
0.05976
0.0363
0.25668
0.18838999999999997
0.22084
-0.0018599999999999999
0.07214999999999999
0.08098000000000001
0.11632999999999999
-0.04698
-0.11268
-0.0495
-0.05487
-0.21975
-0.14138
-0.05559
0.0013700000000000001
-0.11829
-0.25161
-0.14792
-0.20236
-0.32799
-0.1986
-0.12987
-0.04972000000000001
-0.02099
-0.29583
-0.21332
-0.32939
-0.3256
-0.19002
-0.16454999999999997
-0.25136
-0.07879
0.06107
0.0264
-0.00705
0.17859999999999998
0.22216999999999998
0.14835
0.21613
0.35556
0.16594
0.14154999999999998
0.02183
0.08169
0.31501
0.19245
0.27327
-0.01858
-0.08105000000000001
0.01599
-0.0455
0.16617
0.22940000000000002
0.0904
0.21799
0.02437
-0.10462999999999999
-0.03032
0.05811
0.0973
-0.16106
-0.12779
-0.18622
-0.35868
-0.21401
-0.1258
-0.17273
0.09481
0.20082999999999998
0.10303000000000001
0.24189
0.17797000000000002
-0.01508
-0.00958
0.04824
-0.10385
-0.22598
-0.09471
-0.16114
-0.25984
0.04096
0.07902999999999999
0.20597000000000001
0.10055
-0.10586000000000001
0.02106
0.09784000000000001
0.13566
-0.16604
-0.05755
-0.17797999999999997
-0.34037
-0.19556
-0.09964
-0.19734000000000002
0.1286
0.04687
-0.056900000000000006
-0.015309999999999999
-0.28933
-0.38526000000000005
-0.20415
-0.38602
-0.21721000000000001
0.07743
0.03674
0.2028
0.1722
-0.20446
-0.07131
-0.17769
0.21086
0.03356
-0.07875
-0.24135
-0.32736
0.03485
0.01313
0.12051
0.31743
-0.08278
-0.07241
-0.24786000000000002
-0.25397
0.12867
0.10955999999999999
0.14055
0.43192
0.24336
0.09147999999999999
0.10696
-0.27481
-0.26441
-0.13025
-0.30003
-0.28896
0.10605
0.02787
0.16210999999999998
-0.17276
-0.34086
-0.18785
-0.20814
-0.50283
-0.39187
-0.16504000000000002
-0.08324999999999999
0.23151
-0.26623
-0.19613
-0.38359000000000004
0.03802
0.05944
-0.06037
-0.16797
-0.40901000000000004
-0.17028
-0.12683
-0.28712
-0.20152
0.13927
0.07814
0.16327000000000003
0.52697
0.36009
0.28906
0.33563000000000004
0.65941
0.30305
0.19609000000000001
-0.02194
0.11958
0.53683
0.37520000000000003
0.55686
0.5771200000000001
0.10166
0.026709999999999998
-0.14234
-0.49942
-0.14938
-0.13305
-0.17911000000000002
-0.5382399999999999
-0.12237999999999999
-0.0592
0.16363
-0.05695
-0.37674
-0.14672000000000002
-0.05928
0.31126000000000004
-0.06535
-0.0102
0.06732
0.32095999999999997
-0.27452000000000004
-0.21985
-0.5022099999999999
-0.10565
0.24774000000000002
0.11259000000000001
0.16050999999999999
-0.33187
-0.16082999999999997
0.055529999999999996
-0.008539999999999999
0.52838
0.37603000000000003
0.2928
0.38702
0.72796
0.42411
0.37511000000000005
0.45134
0.57223
-0.09896
-0.03321
-0.36499000000000004
-0.14995
0.26956
0.12318
0.25725000000000003
0.39548
-0.2696
-0.22121
-0.53859
-0.31526
0.10516
-0.00041
-0.02105
0.47507
0.3182
0.08206
0.043890000000000005
-0.63551
-0.50286
-0.24528
-0.31666
0.31774
0.0776
-0.08715999999999999
-0.22004
-0.61009
-0.20632
-0.13419
-0.28647
-0.46703000000000006
0.03366
0.07399
0.15042999999999998
0.6967300000000001
0.20606000000000002
0.03397
-0.25207999999999997
0.02511
0.35491
0.1305
0.039580000000000004
0.4733
0.44490999999999997
0.07479
-0.029140000000000003
-0.73315
-0.36406
-0.23529
-0.36642
-0.25631
0.39576
0.24966999999999998
0.58843
0.78078
0.38808
0.31455
0.6031
0.7637900000000001
0.27472
0.35729999999999995
0.50878
1.05693
0.6489100000000001
0.45128999999999997
0.51617
0.86564
0.47527
0.2587
0.48192999999999997
0.66994
0.05887
0.00958
-0.29907
-0.56808
0.10260999999999999
-0.03376
-0.04819
-0.6999299999999999
-0.13958
0.01298
0.26081
-0.13352
-0.55372
-0.31762
-0.27242
-0.76179
-0.98543
-0.53606
-0.88842
-0.58478
0.025699999999999997
-0.09049
0.21318
-0.36404000000000003
-0.86411
-0.41948
-0.68509
0.0966
0.31217
0.028210000000000002
0.25730000000000003
0.35777000000000003
-0.5360199999999999
-0.37558
-0.69541
0.050339999999999996
0.2652
0.05117
-0.11671
0.43768
0.64684
0.33749
0.6303
0.8314499999999999
0.06547
0.11196999999999999
-0.16035
0.40698
0.8568300000000001
0.36326
0.60019
-0.20047
-0.52866
-0.28344
-0.50073
-0.98936
-0.4765
-0.41076
-0.45729
-1.2262600000000001
-1.25135
-0.8372700000000001
-1.16528
-0.40664
-0.10149
-0.38423999999999997
-0.56394
-0.9785200000000001
-0.23958
-0.22802
-0.45619
-0.60722
0.3065
0.13819
0.6232800000000001
0.35223999999999994
-0.34735
-0.15828
-0.18789999999999998
-0.982
-0.89743
-0.45006
-0.45615
0.58421
-0.10538
-0.19949000000000003
-0.58069
-0.7146399999999999
0.00263
0.03694
-0.16412
0.44843000000000005
0.82884
0.45804
0.76349
0.99197
0.07614
0.08496000000000001
-0.2552
0.51313
0.45189999999999997
0.10898999999999999
-0.14313
0.4955
0.6267499999999999
0.20437000000000002
-0.02114
-0.68935
0.33154000000000006
0.22316
0.68789
0.4813
-0.45113
-0.24699000000000002
-0.64169
-0.57656
0.14307
-0.02632
-0.20966
-0.34759
0.5555599999999999
0.42845
0.63798
1.2628300000000001
0.96327
0.60828
0.86591
1.17889
0.44917999999999997
0.29161000000000004
-0.05074
0.0054
0.91928
0.43985
0.62676
-0.49118
0.06478
0.18633
0.64633
-0.004050000000000001
-0.3958
-0.07757
0.22941
0.61705
-0.24876
-0.34774
-0.30971
-1.03858
-1.2205
-0.8334699999999999
-1.13865
-1.2790300000000001
-0.55761
-0.40479
-0.42652999999999996
0.56737
0.36955
0.08772
-0.14653
-0.14529
0.9204300000000001
0.6127400000000001
0.9896699999999999
1.39812
0.81392
0.50417
0.46035
-0.53968
0.16443000000000002
0.31179
0.71868
0.27677
-0.25786000000000003
0.09009
0.45744
0.37949
-0.39781
-0.12347
0.07200999999999999
0.43796999999999997
-0.50231
-0.44015
-0.54252
-1.20655
-1.2749
-0.91129
-1.3241
-1.24306
-0.50893
-0.43119999999999997
-0.34457
0.60037
0.15172
0.02495
-0.06839
0.7455200000000001
0.4495
0.21398
-0.034300000000000004
0.66438
0.7869799999999999
0.25484
0.16952
-0.8400700000000001
-0.21958
-0.04104
0.10579000000000001
-0.7437600000000001
-0.5645600000000001
-0.07352
-0.15523
0.76563
0.8373999999999999
0.52794
0.925
0.72307
0.04594
0.30144
0.57603
0.78424
-0.2564
-0.055220000000000005
-0.33487
0.53595
0.31793
-0.04968
0.13988
-0.62273
-0.9720099999999999
-0.5397
-1.0050700000000001
-0.63895
0.013260000000000001
-0.16071000000000002
-0.14935
0.60004
-0.07244
-0.16103
-0.58381
0.10269
0.41111
0.10771000000000001
-0.21350000000000002
-0.17392
0.55908
0.30394
0.15035
0.5583899999999999
0.98937
0.43862
0.64615
-0.50827
-0.2616
-0.14303000000000002
-0.19691
-0.9368000000000001
-0.27033999999999997
-0.19988
0.17638
-0.46877
-0.95272
-0.4468
-0.53586
0.5018
0.17501999999999998
-0.08792
-0.34950000000000003
0.16065000000000002
0.7498699999999999
0.21818
0.55963
-0.34840000000000004
-0.50987
-0.27001000000000003
-0.46393
-0.9419799999999999
-0.17079999999999998
-0.21372
-0.04019999999999999
-0.79078
-0.92306
-0.5342600000000001
-0.6764100000000001
-1.20364
-0.9190999999999999
-0.55091
-0.95577
-0.39927999999999997
0.01471
-0.16605
-0.42560000000000003
0.12648
0.59255
0.2376
0.20947
-0.5468500000000001
0.15203
0.22388000000000002
0.20614000000000002
0.9036
0.98649
0.51237
0.84018
1.14414
0.52556
0.25095
0.30648
-0.674
-0.57789
-0.25312
-0.46289
0.33648000000000006
0.65417
0.16831
0.48539
-0.3771
-0.64967
-0.28109
-0.6424
-0.57914
0.13596
-0.0174
-0.17772
0.38676
0.8054600000000001
0.29875
0.20053
-0.45598
0.74331
0.55932
1.13467
0.54749
-0.06305
0.14356
0.09555999999999999
0.9156
1.00413
0.55885
0.9946699999999999
0.07928
0.12276999999999999
0.444
0.87982
0.71148
-0.07751000000000001
0.17157
0.18922
0.99885
0.76641
0.41206000000000004
0.78924
0.29881
-0.34946
-0.22052
-0.06883
-0.70097
-0.86828
-0.44822
-0.30991
0.57359
-0.18519
-0.16904
-0.35154
0.53161
0.63412
0.33987
0.36809
1.07666
1.11338
0.64985
1.03494
0.46496000000000004
-0.0232
0.07514
-0.0964
-0.89046
-0.28919
-0.09747
0.10631
-0.70308
-0.7721899999999999
-0.38894
-0.39976
-1.07812
-0.81269
-0.45610999999999996
-0.41198
-1.1151600000000002
-1.1376
-0.6358
-0.73177
0.37905
0.15721
-0.06565
-0.24132
0.36967
0.91699
0.48220999999999997
0.89211
1.05546
0.43526000000000004
0.33359
0.62196
0.44082
-0.32022
-0.06192
-0.5219400000000001
-0.44803
0.39387
0.19723
-0.02392
-0.71698
0.25144
0.28189
0.7006999999999999
-0.06509999999999999
-0.36476
0.056319999999999995
0.20177
0.93746
0.37418
0.21248999999999998
0.54828
0.55611
-0.27035
-0.06563
0.02488
0.9170699999999999
0.31282
0.10489000000000001
0.09119
-0.76505
-0.35790999999999995
-0.040650000000000006
0.25603000000000004
0.20403
-0.81321
-0.42719999999999997
-0.99316
-0.36057
0.2157
-0.06021
-0.24456
-0.87086
-0.24553
0.04383
-0.09977
0.7086
1.00217
0.63103
0.98566
0.84303
-0.06492
0.12329000000000001
-0.30689
0.39962000000000003
0.7076600000000001
0.23800999999999997
0.15855
-0.79597
-0.22132000000000002
-0.0042899999999999995
-0.0433
0.71395
0.6458400000000001
0.28471
0.73432
0.23886
-0.45803
-0.14501
-0.51021
-0.10747999999999999
0.6827200000000001
0.33553
0.7704900000000001
0.03449
-0.34509999999999996
0.053239999999999996
0.14983000000000002
0.90872
0.048600000000000004
-0.00219
-0.32356999999999997
0.3829
0.64522
0.2371
0.0929
0.63574
0.82441
0.30045
0.7086199999999999
0.00856
-0.45927999999999997
-0.25251999999999997
-0.5231
-1.0420699999999998
-0.15391
-0.12862
0.25885
-0.36359
-0.9230700000000001
-0.47528
-0.82324
-0.8569499999999999
-0.14432999999999999
-0.16693999999999998
-0.30107
0.39033999999999996
0.6798099999999999
0.35546
0.45396000000000003
1.06551
1.32927
0.80375
1.1594
1.55279
1.23369
0.77634
1.12852
0.19137
0.38941000000000003
0.49682000000000004
0.7872199999999999
-0.00586
-0.13577
0.07081
0.27787
-0.41836
-0.3538
0.0072299999999999994
0.22352
-0.4715
-0.42624
-0.1249
-0.05821
-0.79584
-0.48588000000000003
-0.16177
0.22518000000000002
0.53437
-0.33057000000000003
-0.23829999999999998
-0.13778
-0.6918899999999999
-0.83747
-0.3985
-0.7936700000000001
-0.09378
0.57983
0.17617999999999998
0.55053
0.11789999999999999
-0.62892
-0.33328
-0.7826000000000001
-0.6705800000000001
0.42787
0.24306
0.6754600000000001
0.02178
-0.30435
0.028399999999999998
-0.09185
-0.69451
0.09122999999999999
0.35141
0.77994
0.93304
0.16007000000000002
0.27868
0.52552
0.27551
-0.51483
-0.21817
-0.50798
-0.9440999999999999
-0.29166000000000003
-0.09092
0.05035
0.87334
0.05729
-0.1216
-0.31666
-0.9198900000000001
-0.03965
0.09766
0.44289
0.04662
-0.56089
-0.25591
-0.37911
-0.9150400000000001
-0.90912
-0.45275
-0.91223
-0.6990099999999999
-0.06473
-0.03531
-0.3123
0.08528000000000001
0.7558
0.45519
0.84439
0.97872
0.34024
0.37229
0.56434
-0.14163
-0.50244
-0.08381
-0.42219
0.34130000000000005
0.7334
0.41505000000000003
0.82011
0.3627
-0.25264
0.04665
0.23328
0.44091
-0.67256
-0.45311
-0.9536100000000001
-0.6673300000000001
-0.10391
-0.23565999999999998
-0.47072
0.22495
0.53032
0.12577
0.44012999999999997
-0.17106000000000002
-0.65776
-0.23395
-0.62572
0.14178000000000002
0.58538
0.31342
0.1512
0.58349
1.15825
0.68982
1.1018000000000001
0.9485800000000001
0.36151000000000005
0.31836
0.55943
-0.14049
-0.25658000000000003
0.03933
0.2368
-0.43195999999999996
-0.59173
-0.05113
0.19565000000000002
0.62652
-0.26824000000000003
-0.04703
-0.00984
0.64263
-0.37658
-0.34464
-0.87548
-0.57707
0.20065999999999998
-0.05444
0.34899
0.01753
-0.82601
-0.40072
-0.59783
0.42993000000000003
0.04501
-0.12235
-0.14305
0.67446
0.07397000000000001
0.0226
-0.37146999999999997
0.31142
0.47698999999999997
0.19178
-0.10781
0.40328
0.83772
0.46653
0.19274999999999998
-0.04979
0.92955
0.5481199999999999
1.0338500000000002
0.10148
-0.15320999999999999
0.20338
0.45020000000000004
1.0964
0.34344
0.1697
0.16460999999999998
-0.72866
-0.5932999999999999
-0.31126000000000004
-0.66632
-0.28232
0.39795
0.0042699999999999995
0.32394
-0.56326
-0.71845
-0.43241
-0.78376
-0.18331
0.48063
0.04169
0.0091
-0.69702
0.21782
0.16814
0.38026000000000004
-0.45543999999999996
-0.17028
0.15881
0.04754
-0.29812
0.75834
0.6452899999999999
1.09893
0.33533
-0.06084
0.21358
0.32701
-0.44219
-0.03321
0.1635
0.59141
0.7805200000000001
0.03289
0.12682000000000002
0.4311
-0.07361
-0.42928
-0.01615
0.12318
0.97182
0.07666
-0.01851
-0.42095999999999995
-0.8835200000000001
0.03396
0.08446
0.34027
-0.30588
-0.77876
-0.28189
-0.55904
0.47694000000000003
0.40976
0.027770000000000003
0.09551
-0.84366
-0.33023
0.00844
0.35453
0.10025
-0.6519499999999999
-0.31878
-0.13507
-0.24663000000000002
-1.09775
-0.55851
-1.12074
-0.41243
-0.008060000000000001
-0.145
-0.46765999999999996
0.14104
0.50559
0.23398
0.07926
0.7365200000000001
1.0560800000000001
0.54857
0.76943
-0.33279000000000003
-0.28374
-0.013640000000000001
0.25188
0.00037999999999999997
-0.85458
-0.50968
-0.72518
-1.29089
-0.9468300000000001
-0.49156
-0.78262
-0.037989999999999996
0.28679
0.13442
0.34887
1.09535
0.35298
0.17176
-0.16884
0.09509000000000001
0.7785599999999999
0.45311999999999997
0.52162
1.2550700000000001
1.06196
0.48631
0.50905
-0.5137700000000001
-0.14328
-0.02252
-0.24393
-0.7122499999999999
0.00999
-0.04812
-0.2615
-0.66232
0.32702
0.17933
0.38754
-0.6726800000000001
-0.04415
0.16942000000000002
0.68477
0.8260500000000001
0.08157
0.0613
0.23729
-0.6401300000000001
-0.29408999999999996
-0.01733
0.44484999999999997
0.21222000000000002
-0.49393
-0.24803
-0.31959
-0.9173300000000001
-0.3704
-0.15173999999999999
0.17461
-0.28162
-0.72815
-0.19079000000000002
-0.24699000000000002
0.85614
0.6733199999999999
0.40625
0.57642
1.26053
0.94999
0.65629
0.95056
0.18541
0.09455
0.32860999999999996
0.62961
0.33738999999999997
-0.16448000000000002
0.11895
-0.00481
-0.63089
-0.05859
0.13776
0.38216
-0.01656
-0.54274
-0.24367
-0.34783000000000003
-0.9460599999999999
-0.81864
-0.43862
-0.52829
-1.13648
-0.8631300000000001
-0.47771
-0.50002
-1.03844
-0.7885800000000001
-0.34159
-0.30105
-0.8671099999999999
-0.52867
-0.0013800000000000002
0.25719000000000003
0.8875799999999999
0.020419999999999997
0.20439
0.35601
0.40634
-0.46093000000000006
-0.08292999999999999
-0.03903
0.1294
-1.05083
-0.54994
-1.13724
0.0226
-0.18015
-0.23376999999999998
-0.70244
-0.12632
0.30698000000000003
0.23568999999999998
-0.03914
0.6715000000000001
0.68556
0.38277
0.5429200000000001
0.73842
-0.29383
-0.12828
-0.5055499999999999
0.38565
-0.013080000000000001
-0.1973
-0.6464799999999999
-0.20609000000000002
0.18569
-0.0011899999999999999
-0.12612
0.6724899999999999
0.62941
0.26523
0.07678
-0.62762
0.15692
0.22683
0.28807
1.0729
0.55113
0.18064
-0.02117
-0.77425
-0.15081
-0.059980000000000006
-0.26783999999999997
-0.74104
0.02793
0.14182
0.24981
1.0617400000000001
0.81801
0.37897
0.58092
-0.38268
-0.11312
0.10456
0.27785
-0.43377000000000004
-0.6495000000000001
-0.37422
-0.29026
-0.7886700000000001
-1.21593
-0.7117600000000001
-1.16473
-1.22826
-0.67483
-0.56277
-0.91495
-1.1281999999999999
-0.60077
-0.48460000000000003
-0.82911
-0.5758800000000001
0.10622
-0.01617
-0.14856
-0.65793
0.00492
0.14302
0.09831
0.98787
0.70301
0.47241
0.42014
1.10453
0.7597799999999999
0.40399999999999997
0.10922000000000001
0.7401399999999999
0.8443600000000001
0.35231999999999997
0.11967
-0.48497
0.5640999999999999
0.35647
0.7618300000000001
-0.01505
-0.6347999999999999
-0.24875
-0.59387
-0.03581
0.67946
0.27897
0.75182
0.12333999999999999
-0.5277499999999999
-0.12516
-0.33066
0.46946
0.73661
0.32057
0.6611400000000001
1.05268
0.3403
0.11388999999999999
0.06942999999999999
-0.7372700000000001
-0.05531
0.01168
0.37427999999999995
0.08403000000000001
-0.6489499999999999
-0.37046
-0.85666
-0.8215699999999999
-0.0184
-0.1092
-0.30205
-0.45811
0.60831
0.49483
0.65155
-0.33688
0.30341999999999997
0.48628
0.9613700000000001
0.62466
-0.03555
0.16727
0.29532
-0.41156
-0.39948999999999996
-0.13025
0.06445000000000001
-0.55898
-0.77168
-0.29522
-0.12237999999999999
0.70411
-0.29451
-0.25532
-0.6624899999999999
-1.00871
-0.3379
-0.27265
-0.35764
-0.95626
-0.81218
-0.41007
-0.8206600000000001
-0.75776
-0.13012
-0.09574999999999999
-0.50963
-0.31390999999999997
0.33517
0.18056
-0.04536
-0.4807
0.39787999999999996
0.26813
0.63369
0.21847000000000003
-0.79211
-0.43857
-0.83411
0.00267
0.16535
-0.15508
-0.3942
-0.26279
0.48551
0.25322
0.13626
0.5095000000000001
1.12
0.90731
1.30122
1.6398400000000002
1.16869
0.90778
1.02991
0.35902
-0.0127
0.11599999999999999
0.07493
-0.6757899999999999
-0.16855
0.00089
0.14812
-0.70569
-0.4978
-0.12420999999999999
0.16124
-0.39764000000000005
-0.6484099999999999
-0.21847000000000003
-0.12869
-0.68182
-0.54416
-0.20913
-0.00906
-0.51861
-0.99374
-0.46515
-0.77736
0.43796
0.29034
-0.08782999999999999
-0.22812000000000002
-1.02245
-0.93106
-0.5474
-0.9934499999999999
-1.10911
-0.57675
-0.4435
-0.8885599999999999
-0.39856
0.06566
-0.1696
-0.42129
-0.91494
-0.20318999999999998
-0.10538
-0.287
-0.011049999999999999
0.77461
0.42569
0.94296
0.6634399999999999
-0.11093
0.13585
0.3085
1.05941
0.24795999999999999
0.13016
-0.14831
0.6768500000000001
0.42312
0.0023799999999999997
-0.32220999999999994
-0.8138
-0.00017
-0.08344
-0.23102
-0.7560800000000001
0.00468
-0.053869999999999994
-0.18588000000000002
-0.8062900000000001
0.16602
0.10561
0.62022
0.41115999999999997
-0.22748000000000002
-0.00233
0.08826
-0.71163
-0.56886
-0.17632
0.06565
0.55281
-0.56082
-0.36034
-0.78241
-0.28176
0.1782
-0.10226
-0.28806
0.40671999999999997
0.6627200000000001
0.16914
0.14633
-0.60503
0.41451
0.41253
0.91267
0.75111
0.07771
0.36335
0.33299
1.24023
1.2929599999999999
0.92977
1.3508000000000002
0.94163
0.37707999999999997
0.55367
0.6856
-0.14137
-0.22754000000000002
0.09378
0.34735
0.39494
-0.5874
-0.38360999999999995
-0.58355
-1.09967
-0.75976
-0.45155
-0.7615000000000001
-0.4757
0.44319000000000003
0.26461
0.6467
0.2299
-0.41485999999999995
-0.0986
-0.2656
-0.8327800000000001
-0.60952
-0.24378
-0.61775
0.23567
0.32431
-0.03182
-0.29333
-0.55755
0.28987999999999997
0.14772
-0.03073
-0.44311999999999996
0.47844000000000003
0.28232
0.51976
-0.45405999999999996
-0.12864
0.05301
0.40109
-0.0385
-0.55195
-0.26227
-0.25353000000000003
-0.90374
-0.93258
-0.55576
-0.93082
-0.25736000000000003
0.38911
0.03508
0.25823
-0.73784
-0.43186
-0.1291
0.25213
0.12551
-0.53692
-0.24265
-0.31003000000000003
-0.95214
-0.57141
-0.14849
0.07439
0.53848
-0.54089
-0.22975
-0.6471899999999999
0.16315000000000002
0.62697
0.38569000000000003
0.6386999999999999
0.9466
0.242
0.3322
0.49605
1.03582
0.24306
0.23324
0.29722000000000004
0.8660800000000001
0.13319
0.15971
0.13423
0.8722
0.3785
0.19679
0.34651000000000004
0.26685
-0.6937300000000001
-0.39581000000000005
-0.9443300000000001
-0.82262
-0.16184
-0.19184
-0.24614999999999998
0.60267
0.5066700000000001
0.18751
0.35306
-0.53185
-0.6386
-0.16181
-0.30962
0.79171
0.44402
0.16184
-0.16962
-0.56072
0.43605
0.37412
0.72758
0.83949
0.07783999999999999
0.07708999999999999
0.28882
-0.05191
-0.78862
-0.40968000000000004
-0.883
-0.7444700000000001
0.1534
0.07196
0.46714
-0.20265999999999998
-0.68459
-0.13601000000000002
-0.12803
0.79486
0.17256
0.10962
0.221
0.85347
-0.05331
-0.014950000000000001
-0.4813
0.12643000000000001
0.5863900000000001
0.29221
0.5482
0.8941899999999999
0.11689
0.20351
0.08442
0.88283
0.59918
0.29551
0.53094
0.51046
-0.45582999999999996
-0.23736999999999997
-0.71068
-0.56009
0.29887
0.07789
0.29642
-0.50543
-0.71638
-0.33631
-0.27754999999999996
-0.8713
-1.20551
-0.6308400000000001
-0.83172
0.36558
-0.14154999999999998
-0.30284
-0.8096899999999999
-0.62372
0.1405
-0.10206
-0.18084
-1.04369
-0.9288500000000001
-0.6112
-0.96773
-1.16324
-0.61064
-0.45087000000000005
-0.79199
-0.51436
0.29406
0.13266
0.55585
0.28307
-0.62708
-0.16142
-0.57452
0.19608
0.5711200000000001
0.34354999999999997
0.45195
1.00617
0.21558
0.16893
0.02076
0.88646
0.40774
0.08410000000000001
-0.38323999999999997
-0.60326
0.11924
0.014199999999999999
-0.35002
-0.17761
0.50991
0.30261
0.53166
1.09652
0.57188
0.42445
0.32167
0.96807
0.84847
0.42178
0.6838200000000001
-0.016739999999999998
-0.57882
-0.19841
-0.60278
-0.6907599999999999
0.017589999999999998
0.03532
0.032189999999999996
0.73828
0.5513
0.29276
0.56342
0.80782
-0.10868
-0.07477
-0.43406999999999996
-0.76048
-0.027360000000000002
0.03545
-0.04414
0.67804
0.58042
0.24992
0.5767
0.31163
-0.58001
-0.26256
-0.64625
0.20485
0.49024999999999996
0.19285
0.15158
0.89669
0.76943
0.43756
0.33182
0.90046
1.05615
0.5579
0.84406
0.71265
-0.01127
-0.04644
-0.07719000000000001
-0.79663
-0.49345
-0.10859
-0.31536000000000003
-0.6624500000000001
0.17761
0.28559
0.44813000000000003
1.09816
0.67617
0.46624000000000004
0.84443
0.86402
0.17575
0.27019
0.38793999999999995
-0.35503
-0.65877
-0.22941
-0.25581
0.59588
-0.42631
-0.48917
-0.96619
-1.3644900000000002
-0.77424
-0.57206
-0.9531499999999999
-1.0701399999999999
-0.39106
-0.25159
-0.2823
0.71231
0.32309
0.04514
-0.32921999999999996
-0.71729
0.11671
0.11182
0.21084
0.89437
0.19837
0.04011
-0.11272
0.7245699999999999
0.5232600000000001
0.16781
-0.03601
-0.78101
-0.2656
-0.17972000000000002
-0.50344
-0.26832
0.24545999999999998
-0.08721
-0.32821
-0.6776000000000001
0.2902
0.10891999999999999
0.31332
-0.595
-0.61445
-0.34528
-0.59244
-0.90608
-0.31335999999999997
-0.20126000000000002
-0.43508
-0.41083
0.28719
0.18536999999999998
0.15214
0.8281100000000001
0.90818
0.39709000000000005
0.49121000000000004
-0.48631
0.023540000000000002
0.12005
0.33293999999999996
-0.42845
-0.58863
-0.19573000000000002
-0.27562000000000003
0.61726
0.58563
0.29015
0.5834199999999999
0.79869
0.03834
0.02238
-0.054560000000000004
-0.7677299999999999
-0.43119999999999997
-0.21672
-0.14137
-0.77676
-1.27431
-0.75139
-1.24785
-0.51357
-0.29134
-0.51698
-0.9298099999999999
-0.83253
-0.21402000000000002
-0.2784
-0.56158
-0.12549
0.28773
0.04227
-0.02558
0.6989
0.7263200000000001
0.33021
0.01916
-0.46020000000000005
0.36998
0.2523
0.43021
0.99044
0.43189999999999995
0.18774999999999997
-0.06469
0.24623
0.93381
0.49289
0.8902800000000001
-0.05843
-0.47645000000000004
-0.18975999999999998
-0.31411
0.47637999999999997
0.47481
-0.01369
0.19593
-0.6865600000000001
-0.5679500000000001
-0.16446000000000002
-0.28257
0.56194
0.74359
0.38722999999999996
0.6527299999999999
1.0943399999999999
0.56601
0.43762999999999996
0.31262
0.91313
1.08842
0.59491
0.95092
0.20873
-0.08095000000000001
0.10446
0.20591
-0.5005
-0.39892000000000005
-0.09567
-0.05238
-0.77637
-0.64666
-0.2262
-0.09667999999999999
0.57862
-0.18386
-0.11438000000000001
-0.08903
0.60985
-0.17737999999999998
-0.29671
-0.77062
-0.39921
0.056459999999999996
-0.13986
-0.22114999999999999
0.46641
0.56128
0.18073
-0.02564
-0.07314
0.84541
0.59344
0.77119
1.30126
1.15851
0.76007
1.09215
0.38884
-0.00481
0.20995
-0.1523
-0.12771000000000002
0.75382
0.47086
0.94369
0.49164
-0.17584
-0.0704
-0.25734999999999997
-0.8132699999999999
-0.06604
-0.073
0.16913
-0.5403
-0.32128999999999996
-0.09794
0.18144
-0.35174
-0.63139
-0.18809
-0.04453
0.7636799999999999
0.31799
0.23420000000000002
0.41412999999999994
0.88299
0.21035
0.14631
0.07163
-0.62837
-0.14485
0.13552
0.36399000000000004
0.81084
0.00417
0.043120000000000006
-0.10051
-0.77499
-0.56399
-0.09718
-0.12271000000000001
0.7712699999999999
0.15513
0.05577
-0.29452
0.34198999999999996
0.4426
0.044950000000000004
0.0020399999999999997
-0.8747499999999999
-0.7580899999999999
-0.41566000000000003
-0.6332099999999999
0.22371
0.05604
-0.30219999999999997
-0.54177
-0.98008
-0.22082999999999997
-0.08122
-0.095
0.63305
0.31648
0.01633
-0.29662
-0.3221
0.39531999999999995
0.17276
0.02004
-0.11602
0.81841
0.5564399999999999
1.07515
0.33496000000000004
0.13882999999999998
0.36349
0.6294299999999999
1.0191
0.4673
0.33618000000000003
0.64845
0.34508000000000005
-0.20657
-0.11452
0.03318
-0.22777
-0.83138
-0.54936
-0.7279800000000001
-1.0811
-0.7936700000000001
-0.57519
-0.9588800000000001
-0.83166
-0.10876
-0.18277000000000002
-0.035379999999999995
-0.73978
-0.59953
-0.18397
-0.18067
0.74336
0.33508000000000004
0.11038
-0.1192
-0.71309
-0.0765
0.04677
0.25181000000000003
0.7035399999999999
-0.1855
-0.18678
-0.59419
-0.60627
0.19759000000000002
0.07166
0.34645000000000004
0.25406
-0.56528
-0.28474
-0.58936
0.13144999999999998
0.26149
-0.03738
-0.3124
-0.38725000000000004
0.42105
0.22207000000000002
0.5464
-0.13048
-0.40585
-0.15405
-0.01026
-0.25135
-0.94098
-0.57979
-1.03065
-0.73256
-0.31463
-0.32952
-0.5121
0.12139
0.02153
-0.19155999999999998
-0.51432
-0.2237
0.20743999999999999
-0.11603
-0.30367
-0.54649
0.14109
0.010089999999999998
-0.007019999999999999
-0.60404
-0.00064
0.14003
0.30893
0.92277
0.62262
0.37735
0.51082
-0.18332
-0.38683999999999996
-0.1162
-0.36733
-0.48231
-0.0444
-0.05713
-0.26294
0.05421
0.52595
0.16246
0.23356000000000002
-0.54735
-0.40006
-0.23706
-0.33675
-0.7375700000000001
-0.44390999999999997
-0.31885
-0.58968
-0.80278
-0.32857
-0.29435
-0.53938
-0.50334
0.04694
-0.11710000000000001
-0.24413
-0.69041
-0.18931
-0.21902999999999997
-0.32366
-0.8055800000000001
-0.27368
-0.17527
-0.05269
0.58345
0.06422
-0.09555
-0.39107
-0.27454
0.33124000000000003
0.15681
0.09644
0.43213
0.9320099999999999
0.64937
0.7446200000000001
1.12106
1.18969
0.7674599999999999
1.10326
1.01345
0.58853
0.41369999999999996
0.64307
0.3661
-0.15921
-0.12176000000000001
-0.13167
-0.77987
-0.61029
-0.28112
-0.33131
0.36328000000000005
0.24783999999999998
-0.02307
0.08637
-0.61301
-0.6383
-0.39047
-0.58055
-0.80667
-0.24475999999999998
-0.13345
-0.10427
0.54533
0.50347
0.27951
0.38951
0.879
0.7828499999999999
0.53712
0.82419
0.68266
0.18019
0.22733
0.43701
0.51152
-0.20953
-0.12125
-0.41840000000000005
-0.7415600000000001
-0.18273
-0.20756
-0.18567
-0.8424200000000001
-0.84065
-0.55914
-0.7844599999999999
-0.12515
0.17318
-0.11275
0.07376
-0.5537
-0.79381
-0.45192
-0.7178100000000001
-0.04636
0.07102
-0.15375
-0.39214
-0.3625
0.21061
0.08055
-0.06910999999999999
0.12093
0.71977
0.41979
0.47922
-0.22634
0.37174999999999997
0.45801000000000003
0.65022
1.0621
0.72714
0.48002
0.73226
0.81772
0.41904
0.36088000000000003
0.58915
0.06761
-0.29045000000000004
-0.00387
0.05817
0.6481100000000001
0.07341
-0.09712
-0.2455
-0.84191
-0.38609000000000004
-0.21158000000000002
-0.01814
0.43461
-0.26658000000000004
-0.25737
-0.52713
0.02496
0.33842
0.04708999999999999
0.28021
-0.13895
-0.62361
-0.28801
-0.5949300000000001
-0.32291
0.16131
0.07259
0.07229000000000001
0.5826
0.31196999999999997
0.17098
-0.04347
0.28135
0.62384
0.27493
0.12893000000000002
-0.26421
0.40873
0.29595
0.48019
0.86734
0.61815
0.33835
0.5536099999999999
0.63566
0.15678
0.043120000000000006
0.00935
-0.57225
-0.1461
-0.03321
0.06326999999999999
-0.47653
-0.39432
-0.15019
-0.36225999999999997
-0.22917
0.33649
0.20736000000000002
0.28695
0.77098
0.8148099999999999
0.46546
0.7595399999999999
0.14768
0.01094
0.21045000000000003
0.39533999999999997
0.61235
0.0782
0.047279999999999996
0.19875
-0.08356999999999999
-0.7206199999999999
-0.44328
-0.72892
-0.16463
0.07727
-0.14226
-0.31304
-0.49899
0.155
0.06774
0.24889
0.67462
0.32198
0.20461
0.24913
0.73529
0.63843
0.39842
0.57042
0.74056
0.26113
0.21731999999999999
0.11831
0.6396200000000001
0.8212600000000001
0.41951
0.40574
-0.37355
0.23055
0.20607
0.56648
0.11561
-0.17808
-0.01897
0.22773
0.44786000000000004
0.03449
0.03349
0.18885000000000002
-0.3144
-0.40018
-0.07402
-0.00908
0.66067
0.29009
0.10117000000000001
0.020179999999999997
-0.51392
0.01138
0.04402999999999999
0.21413000000000001
-0.28122
-0.40202
-0.24815
-0.2849
-0.70744
-0.58599
-0.37469
-0.5596
-0.03524
0.32313000000000003
0.12240000000000001
0.35814
0.54518
0.18603999999999998
0.14767
0.32304
0.43700000000000006
-0.1426
-0.12210000000000001
-0.31171
-0.63071
-0.05377
-0.10297
0.04025
-0.56262
-0.60528
-0.37309
-0.21831
-0.561
-0.7878700000000001
-0.44529
-0.6570699999999999
-0.09452999999999999
0.16227
0.0236
0.26611999999999997
0.5169400000000001
0.02902
0.05894
0.11544
0.6190100000000001
0.13107
0.0017000000000000001
-0.26865
-0.22803
0.26143
0.09071
-0.038290000000000005
0.24053000000000002
0.72069
0.34324
0.56919
-0.13957
-0.1404
-0.0014199999999999998
0.17878
0.22329999999999997
-0.304
-0.28721
-0.36194000000000004
-0.90742
-0.60486
-0.41338
-0.30579
-0.7606999999999999
-0.70608
-0.36016
-0.48926000000000003
-0.18236999999999998
0.34752000000000005
0.20031
0.56664
0.61584
0.15985
0.21853999999999998
0.3884
0.7602800000000001
0.32897
0.21445
0.32592
0.58823
0.04192
0.0017699999999999999
-0.28661000000000003
-0.41159999999999997
0.24675999999999998
0.11718
0.30076
-0.22938
-0.33149
-0.025150000000000002
-0.1329
0.40651000000000004
0.65118
0.37945
0.65106
0.43296
0.05923
0.11904999999999999
0.19111999999999998
-0.33375
-0.16552
0.023239999999999997
0.27549
0.35956000000000005
-0.08843
0.02129
0.22369
0.11141999999999999
-0.32888
-0.12129
-0.06431
0.43743000000000004
-0.05362
-0.10920999999999999
-0.21657
-0.66972
-0.46202
-0.20428999999999997
-0.28183
0.34378
0.09132
-0.05588
-0.20896
-0.66404
-0.11338
0.03611
0.25989
0.45175
-0.024220000000000002
0.06805
0.25436
0.43712
-0.06961
0.013560000000000001
0.04688
0.28388
-0.2351
-0.17812999999999998
-0.08221
0.07851
-0.60769
-0.45261
-0.8452500000000001
-0.60353
-0.21755
-0.22758
-0.42322000000000004
-0.05022
0.18198
0.05835
0.06576
0.50966
0.33559
0.16424
0.08938
-0.48237
-0.08123
0.08312
0.29651
0.24786999999999998
-0.38951
-0.14368999999999998
-0.35523000000000005
0.1656
0.08800000000000001
-0.03185
-0.08773999999999998
0.37337000000000004
0.17053000000000001
0.053399999999999996
-0.02697
0.39247
0.36082000000000003
0.14978
0.19707
0.60034
0.26208
0.03145
-0.22016
-0.2437
0.28600000000000003
0.01589
0.16166
-0.42417
-0.54072
-0.35428
-0.60242
-0.36494
0.0857
-0.17096
-0.1204
-0.73922
-0.64987
-0.42938000000000004
-0.58199
-0.5713
-0.13212
-0.17454999999999998
-0.25821
-0.2915
0.34036
0.21181
0.47649
-0.08996
-0.03657
0.20138
0.25734999999999997
0.7695099999999999
0.7712300000000001
0.5132099999999999
0.77398
0.7817000000000001
0.40556
0.33549
0.54893
0.45994
0.09257
0.1137
0.24120999999999998
0.04529
-0.43968
-0.26875
-0.48145000000000004
0.01626
0.22908
-0.048330000000000005
-0.052320000000000005
-0.6066400000000001
-0.27047
-0.18274
-0.03916
-0.34149999999999997
-0.61556
-0.40944
-0.66479
-0.51544
0.01637
-0.06627
-0.07318
-0.59846
-0.19044
-0.011040000000000001
0.19788
0.55972
0.19150999999999999
0.13183
0.2061
-0.32816
-0.18062
0.028210000000000002
0.19076
0.5947
0.15561
0.04471
0.11818
-0.31904
-0.3701
-0.23174
-0.17564
-0.40834000000000004
-0.81501
-0.52261
-0.73887
-0.09656
-0.19737
-0.33459000000000005
-0.60556
-0.44290999999999997
-0.10171
-0.20806999999999998
-0.35764
-0.13205999999999998
0.26146
0.057699999999999994
0.03785
-0.44449
0.08006
0.16036
0.40710999999999997
0.66545
0.39504
0.36257
0.6076
0.66283
0.26995
0.28111
0.38711
0.61936
0.24484999999999998
0.16413
0.3461
0.33462000000000003
-0.11506999999999999
-0.11785
-0.11673
-0.46944
-0.71844
-0.52612
-0.7547499999999999
-0.81702
-0.49023000000000005
-0.46872
-0.6843300000000001
-0.65534
-0.22905
-0.30017
-0.37186
-0.7404900000000001
-0.22807
-0.13645
0.06982000000000001
0.30094
-0.16188
-0.16271000000000002
-0.19976
-0.59232
-0.31111
-0.12774
-0.09058
0.40950000000000003
0.32637
0.17781
0.33642000000000005
0.5849
0.18045000000000003
0.13283
-0.054169999999999996
0.02321
0.60141
0.40228
0.6404000000000001
0.38333
0.08734
0.16754000000000002
0.30345
0.09792
-0.22997
-0.06011999999999999
0.01821
0.27204999999999996
-0.23079
-0.21259
-0.37067
-0.7096399999999999
-0.31268999999999997
-0.19150999999999999
0.039900000000000005
0.19870000000000002
-0.31522
-0.17190000000000003
-0.22411
0.32000999999999996
0.16188
0.011399999999999999
0.03927
0.38072
0.11692
0.02734
0.00384
0.45043999999999995
0.20541
0.024569999999999998
-0.19735
-0.37587000000000004
0.20305
0.11019
0.18456
-0.36467
-0.09047000000000001
0.06644
0.26581
0.26269
-0.11462
-0.035019999999999996
0.011779999999999999
-0.40941000000000005
-0.3387
-0.05728
0.06713
0.38472
-0.043769999999999996
0.0033
0.15064
0.34801000000000004
-0.11502000000000001
-0.0321
-0.05141
0.42889000000000005
0.22458999999999998
0.10077
0.26208
0.3481
-0.17596
-0.09601000000000001
-0.35158
0.08944
0.33177999999999996
0.10112
0.16489
-0.2127
-0.43716
-0.20964
-0.47115
-0.11807000000000001
0.09774
-0.01847
-0.18041000000000001
-0.33377
0.21329
0.15346
0.37223999999999996
0.05529
-0.23181000000000002
-0.06876
-0.05481
-0.41739
-0.34881
-0.14915
-0.17979
0.23535
-0.0302
-0.14506
-0.01927
-0.17909
-0.60448
-0.37836
-0.6080599999999999
-0.16657
-0.02787
-0.12979
-0.22008
0.13406
0.20721
0.0739
0.041749999999999995
0.38225000000000003
0.40133
0.17969000000000002
0.27053
-0.13122
-0.35588000000000003
-0.16715
-0.37682000000000004
-0.10517
0.16719
0.09068
0.11489
0.41031
0.36115
0.24242999999999998
0.348
0.60022
0.43161
0.27287
0.48371000000000003
0.3195
-0.03265
0.0223
-0.09698999999999999
-0.36723
-0.03143
-0.00967
0.07285
0.41463
0.015349999999999999
-0.10441
-0.32061999999999996
-0.57065
-0.09953
-0.16384
-0.11457
-0.55286
-0.59159
-0.41829
-0.53024
-0.7822499999999999
-0.51435
-0.39169
-0.44402
-0.6896800000000001
-0.28274
-0.14505
0.07307000000000001
0.3835
0.05284
0.049859999999999995
0.21431999999999998
0.33214
-0.039009999999999996
0.045
0.11284000000000001
0.38675
-0.11756
-0.09102
-0.26061
0.20126999999999998
0.12032999999999999
-0.02153
-0.19638999999999998
0.041909999999999996
0.28819
0.12895
0.02972
0.31507999999999997
0.39463000000000004
0.1278
0.01617
-0.33803
0.17171
0.11114
0.26226
-0.2079
-0.18073
0.00126
0.19801
0.29449000000000003
-0.09705
0.022099999999999998
0.01315
0.42712000000000006
0.33305
0.14566
0.21818
-0.2437
-0.20309000000000002
-0.08569
-0.01232
-0.2929
-0.37441
-0.22577000000000003
-0.31832
-0.50591
-0.30105
-0.16218
-0.30816
-0.07161
0.20912
0.11921
0.10776
0.44665999999999995
0.4804
0.25753
0.38170000000000004
-0.041580000000000006
-0.14418
-0.0258
0.09645
-0.07739
-0.49863
-0.34868000000000005
-0.55308
-0.5189
-0.17385
-0.22516999999999998
-0.23687999999999998
-0.54027
-0.33322
-0.21914
-0.2646
-0.42192
-0.15527
-0.04607
-0.13513
0.13503
0.42167
0.28203
0.40749
0.64628
0.37142000000000003
0.23853000000000002
0.16492
-0.17253
0.19276
0.17195
0.23231000000000002
-0.17245000000000002
-0.06326
0.02104
0.08961000000000001
-0.26958
-0.15375
-0.023780000000000003
0.12796
-0.030270000000000002
-0.31494
-0.19
-0.15933999999999998
-0.40564999999999996
-0.45557000000000003
-0.28471
-0.256
-0.44470999999999994
-0.6744499999999999
-0.46157
-0.6586700000000001
-0.7071999999999999
-0.52005
-0.41739
-0.6164200000000001
-0.38661
-0.1075
-0.18786999999999998
-0.17829
-0.51392
-0.53395
-0.31467
-0.53207
-0.35491999999999996
-0.10247
-0.13577
-0.27025
-0.43148000000000003
-0.1771
-0.09425
-0.21991
0.02398
0.2213
0.16097999999999998
0.27998
0.53986
0.15249000000000001
0.10869
-0.07333
0.19105
0.28023
0.13244
0.06663999999999999
0.33152000000000004
0.24021
0.08152
-0.041749999999999995
0.19443000000000002
0.33743
0.14451
0.08972
-0.17132000000000003
0.29587
0.26325
0.45043
0.5218
0.11621000000000001
0.13075
0.00147
0.23969000000000001
0.5093
0.32750999999999997
0.5205299999999999
0.33232999999999996
0.0354
0.10885
0.04715
-0.28972000000000003
-0.12976000000000001
0.011850000000000001
0.01778
0.4012
0.17102
0.06679
-0.07996
0.03125
0.37412
0.19527999999999998
0.36609
-0.0054600000000000004
-0.06886
0.08010999999999999
0.14086
0.45832
0.05207
0.00914
-0.17728000000000002
-0.16594
0.21077
0.14628
0.26111999999999996
0.43845999999999996
0.061509999999999995
-0.01409
-0.15958
-0.36967
-0.07533000000000001
-0.03581
-0.15299
-0.09046
0.1975
0.12893000000000002
0.06686
0.09795
0.47272
0.31786000000000003
0.5283100000000001
0.5258400000000001
0.30707
0.29607
0.44065
0.2506
-0.07768
0.020099999999999996
-0.14967
0.10117000000000001
0.29408
0.11021
0.17305
-0.25988
-0.1416
-0.06739
0.00422
-0.26978
-0.44866999999999996
-0.26997
-0.41572000000000003
-0.06246
0.06419
-0.054720000000000005
-0.15671
-0.17424
0.21423999999999999
0.10207000000000001
0.29754
0.22815000000000002
-0.06475
-0.00061
0.07185
0.35875999999999997
0.03907
-0.02101
-0.12296
-0.35264
-0.07911
-0.046740000000000004
-0.11532
0.12683
0.31268999999999997
0.10189999999999999
0.24211
-0.06311
-0.18327000000000002
-0.05377
-0.16201000000000002
-0.17550999999999997
0.17601
0.12308
0.18387
0.4927
0.40796
0.21192
0.2163
-0.19797
0.15125
0.17146999999999998
0.34843
0.1796
-0.04138
0.02681
-0.01832
-0.30883
-0.01478
0.0403
0.2009
-0.06860000000000001
-0.21998
-0.06401
0.02587
0.21212
-0.09478999999999999
-0.07582
-0.00972
-0.28404
-0.31267
-0.069
-0.02239
0.38034999999999997
0.12825
0.07715
0.09634999999999999
0.3992
0.22283999999999998
0.14531
0.20489000000000002
0.40976999999999997
0.13944
0.10572
0.09356999999999999
0.38378
0.13022
-0.027200000000000002
-0.12858
-0.45740000000000003
-0.24532
-0.19119
-0.20123000000000002
-0.49089
-0.47086
-0.30752
-0.47306
-0.34332
-0.04353
-0.09684
-0.1417
-0.36124
0.00301
0.01671
0.1412
-0.18408999999999998
-0.27399
-0.10316
-0.1207
0.22943000000000002
0.09573000000000001
-0.00756
0.05045
-0.28486
-0.23784
-0.09785
-0.05557
-0.30564
-0.31684
-0.11888
-0.08619
0.29532
0.025910000000000002
-0.009559999999999999
-0.060629999999999996
0.27197
0.05817
-0.050339999999999996
-0.19976
-0.42439
-0.20396999999999998
-0.15439999999999998
-0.21951
0.12924
-0.04196
-0.12889
-0.28071
-0.1478
0.08391
-0.0040100000000000005
-0.07814
0.10964
0.23354
0.056900000000000006
0.03705
-0.28117000000000003
0.0014299999999999998
0.021709999999999997
0.06860000000000001
-0.26596
-0.08439999999999999
0.03397
0.14304
0.37904000000000004
0.08893000000000001
0.06928
0.055830000000000005
0.37314
0.2983
0.15341
0.07067999999999999
0.09659000000000001
0.43034
0.23832
0.30263
-0.10092000000000001
0.09484
0.1384
0.28724
0.23867999999999998
-0.08789999999999999
-0.06645
-0.2097
-0.32116
0.0225
-0.033690000000000005
0.02305
-0.33075000000000004
-0.1497
-0.02801
0.14025
0.15374000000000002
-0.14762
-0.06095
-0.16968
-0.25169
0.11802
0.09739
0.30254000000000003
0.13469
-0.050039999999999994
0.0741
0.16266999999999998
0.29498
0.01198
0.02951
0.06921000000000001
0.22844
-0.12506
-0.09512999999999999
-0.25696
-0.21978999999999999
0.12551
0.07034
0.19541
-0.02022
-0.16763000000000003
-0.01744
0.01667
0.17294
-0.19328
-0.12393000000000001
-0.30602
-0.44429
-0.25617
-0.16507000000000002
-0.29594000000000004
-0.19854
0.025779999999999997
0.01795
0.09255000000000001
0.33041
0.05701
0.05222
-0.032709999999999996
0.22475
0.32159
0.19855
0.20946
0.45113
0.38398000000000004
0.2509
0.35076
0.32256999999999997
0.00984
0.06442
-0.06404
0.23792000000000002
0.26121
0.11762
0.0042
-0.18885000000000002
0.07248
0.040209999999999996
-0.014419999999999999
-0.18066
0.17013999999999999
0.14151
0.26349
-0.06646
-0.10669000000000001
0.01363
0.11976
0.13543
-0.22729
-0.10603
-0.21478999999999998
0.06312000000000001
0.1244
0.023610000000000003
0.0074399999999999996
0.27216
0.15547
0.03585
-0.06805
-0.0528
0.30920000000000003
0.16787
0.28614
-0.03589
-0.10829000000000001
0.0049499999999999995
-0.07371
0.22685
0.34701
0.19727
0.29244
0.01944
-0.12672
-0.02565
-0.11476000000000001
-0.30723
-0.14045
-0.03209
-0.10329
0.05035
0.28262
0.19512000000000002
0.33628
0.37266
0.10961
0.10644
0.17844000000000002
0.34627
0.10628
0.02566
0.08898999999999999
-0.0278
-0.33075000000000004
-0.22116
-0.3801
-0.1643
0.00869
-0.05503
-0.10034000000000001
0.16114
0.13513
0.012969999999999999
-0.09437
-0.21882000000000001
0.15039
0.09383
0.2366
0.09519
-0.22469999999999998
-0.15041000000000002
-0.31786000000000003
-0.20684999999999998
-0.02848
-0.13330999999999998
-0.20716
-0.31036
0.037040000000000003
-0.01325
0.11366
-0.17961
-0.26348
-0.11202999999999999
-0.15942
0.11732
0.24486999999999998
0.13602999999999998
0.24777000000000002
0.34743
0.051070000000000004
0.00378
-0.11172
-0.03977
0.19786
0.0593
0.0202
-0.09702
0.23395
0.13169
0.21542000000000003
-0.1247
0.04394
0.08744999999999999
0.20799
0.31157
0.08593999999999999
0.04798
0.03003
-0.24282
-0.09301
0.00017
-0.0516
0.17323
0.32944
0.17218
0.24995
-0.11242
0.09516
0.11588
0.28481
0.1201
0.0147
0.08295999999999999
0.20293
0.03956
-0.039599999999999996
0.03281
0.11260999999999999
-0.035019999999999996
-0.16165
-0.03464
0.048600000000000004
0.03288
-0.27087
-0.1574
-0.25367
0.08054
-0.00635
-0.12896000000000002
-0.20722000000000002
-0.33746000000000004
-0.05561
-0.0966
-0.05438
-0.325
-0.2368
-0.14339000000000002
-0.06331
0.10693
-0.12074
-0.1149
-0.11721
-0.33457000000000003
-0.35813
-0.20578
-0.35969
-0.28152
-0.08599
-0.12428
-0.19574000000000003
-0.3175
-0.056609999999999994
-0.05493000000000001
-0.04591
-0.30307
-0.09494
-0.00644
0.1441
0.28443999999999997
0.00521
0.01482
0.00321
0.23743999999999998
0.12081
0.03597
0.12693
0.06993
-0.23797000000000001
-0.16566
-0.31565
-0.09063
0.06311
-0.06269999999999999
-0.01881
-0.3164
-0.29993
-0.17332
-0.24157
0.052590000000000005
0.06871000000000001
-0.06979
-0.13696999999999998
-0.32420000000000004
-0.00149
-0.00211
0.10174
-0.111
-0.24889
-0.11531000000000001
-0.24873
-0.12601
0.09101000000000001
0.034780000000000005
-0.01846
-0.12359999999999999
0.16713
0.13282
0.2788
0.3329
0.06369
0.028769999999999997
0.0006
-0.22249
-0.01451
-0.00435
0.09303
-0.11498
-0.26373
-0.13998
-0.24123
-0.013819999999999999
0.16445
0.053470000000000004
0.1655
0.10282999999999999
-0.15164
-0.07291
-0.20349
-0.13455
0.05801
-0.017490000000000002
-0.10382
-0.06984
0.15952
0.06242
0.0471
-0.10452
0.23934999999999998
0.18481999999999998
0.36572000000000005
0.29819
0.15663
0.17703
0.29222000000000004
0.15329
-0.005679999999999999
0.04249
0.11923
0.12738
-0.13684
-0.10890000000000001
-0.19896999999999998
-0.39448
-0.25367999999999996
-0.21888000000000002
-0.23064
-0.409
-0.31712
-0.24556999999999998
-0.31015
-0.41692
-0.17210999999999999
-0.14875
-0.04431
0.03552
-0.23966
-0.18437
-0.2767
-0.0159
0.07836
-0.028450000000000003
0.00983
-0.26916
-0.17439
-0.04656
0.01295
0.23843
0.02874
0.02644
-0.00753
0.18988
0.15526
0.06967
0.11087999999999999
0.27943999999999997
0.13888
0.062430000000000006
0.09763999999999999
-0.15991
-0.10876
-0.01016
0.006959999999999999
0.23213
0.06353
0.02713
0.00563
0.22046
0.16033999999999998
0.033929999999999995
0.05804
-0.20329
-0.24344000000000002
-0.12757
-0.21481000000000003
0.01558
0.08967
0.0076100000000000004
-0.04681
0.10204
0.20851
0.09368
0.08714000000000001
-0.11606
0.2018
0.18614999999999998
0.33235
0.12445
0.030440000000000002
0.13175
0.18438
0.38911999999999997
0.24583
0.20111
0.2271
0.41395000000000004
0.40360999999999997
0.27408
0.39565
0.31115
0.13405
0.12253
0.21586
0.21958
0.03334
0.02681
0.05135
-0.13987
-0.18791
-0.09176999999999999
-0.18393
-0.13061999999999999
0.16957
0.13287000000000002
0.26123
0.29799
0.12477
0.11982
0.16555
-0.06849999999999999
-0.04829
0.02825
0.11463
0.026869999999999998
-0.15493
-0.08564
-0.09013
-0.26373
-0.27138
-0.15015
-0.22773
0.01704
0.17573
0.08882
0.20534
0.05541
-0.0917
-0.008100000000000001
0.00937
0.19122
-0.036680000000000004
-0.062110000000000005
-0.13773
-0.26321
-0.08228999999999999
-0.06138
-0.11682000000000001
-0.23126999999999998
0.026309999999999997
0.044950000000000004
0.18318
0.12896000000000002
-0.03412
0.03492
0.07933
0.11285
-0.1265
-0.08692
-0.1257
-0.31464
-0.32774000000000003
-0.1943
-0.28479
-0.02215
-0.03267
-0.09677
-0.16727
-0.25352
-0.030430000000000002
-0.00764
0.009439999999999999
0.25501
0.20629
0.09839
0.10751
-0.14914
-0.0626
0.029009999999999998
0.02093
0.25535
0.12973
0.08676
0.02935
0.21468
0.27704999999999996
0.17119
0.11263999999999999
0.10421
0.32752000000000003
0.23376999999999998
0.30069
0.43046
0.38181
0.23385
0.33493
0.10325
0.06984
0.10972
0.21106999999999998
0.08704
-0.05312
0.026520000000000002
0.01699
0.24558
0.22210000000000002
0.11589
0.18017
-0.09218
-0.01664
0.06176
0.17309000000000002
0.11739000000000001
-0.02743
0.02963
0.12047000000000001
0.059980000000000006
-0.08356
0.03528
0.03241
0.29142
0.255
0.1973
0.25062999999999996
0.36815
0.25212
0.20995999999999998
0.28669
0.30363
0.15375
0.16534
0.24606999999999998
0.21511
0.03696
0.06831999999999999
0.11036
0.19248
-0.0008100000000000001
-0.006770000000000001
0.02152
-0.14431
-0.18871
-0.10747
-0.12293
-0.27812000000000003
-0.27673
-0.18202000000000002
-0.19279
-0.32866999999999996
-0.30181
-0.16325
-0.22599
0.03089
0.08179
0.00804
-0.05219
-0.07932
0.18015
0.11109999999999999
0.1834
-0.03018
0.01389
0.06425
0.09791
-0.07933
-0.06466
-0.01776
-0.02276
-0.20157
-0.10603
-0.028069999999999998
0.02488
-0.11394
-0.19699000000000003
-0.09314
-0.1307
-0.26452000000000003
-0.14865
-0.08854
-0.07298
-0.24591000000000002
-0.23457
-0.13597
-0.09284
-0.20645
-0.33065
-0.18780999999999998
-0.27825
-0.046340000000000006
0.06886
0.02746
0.09053000000000001
0.24264
0.040190000000000003
0.05801
-0.00212
0.22386
0.24379
0.17098
0.14303000000000002
0.30510000000000004
0.29099
0.17925000000000002
0.21835000000000002
-0.01006
-0.02437
0.03713
0.0066500000000000005
-0.17664000000000002
-0.043410000000000004
0.0008
0.07017000000000001
0.07934000000000001
-0.16394999999999998
-0.11976
-0.1931
-0.29038
-0.12494999999999999
-0.08679
-0.07826
-0.25716
-0.17254999999999998
-0.08259999999999999
-0.01118
0.10308
-0.1532
-0.10238
-0.21575
-0.19277
-0.023610000000000003
-0.060880000000000004
-0.10407999999999999
-0.21783999999999998
-0.04198
-0.02613
0.01064
-0.15627000000000002
-0.09992000000000001
-0.028849999999999997
0.00031
-0.14337999999999998
-0.21957000000000002
-0.12327
-0.23260000000000003
-0.13468
0.01298
-0.05178
-0.02903
-0.21620999999999999
-0.27672
-0.18211
-0.29744
-0.25005
-0.10238
-0.12129
-0.17714
-0.24166
-0.0842
-0.08069000000000001
-0.14404999999999998
-0.11260999999999999
0.08674
0.01217
0.09367
-0.10452
-0.12455999999999999
-0.05513
-0.08862
-0.22797
-0.07263
-0.02811
0.07161
0.06988
-0.13189
-0.06145
-0.046900000000000004
0.13858
-0.04524
-0.063
-0.13222
0.07373
0.10798
0.00501
0.03226
-0.16503
-0.16277
-0.10436999999999999
-0.14593
-0.30055
-0.19283999999999998
-0.11569000000000002
-0.09617
0.06525
-0.08141999999999999
-0.09742
-0.07676999999999999
-0.21474000000000001
-0.32802
-0.21023
-0.31303000000000003
-0.28652
-0.1435
-0.1067
-0.11941
0.07152
0.055709999999999996
0.01121
0.08699
0.12369
-0.0719
-0.044219999999999995
-0.05037
0.13894
-0.07854
-0.11445
-0.24844000000000002
-0.26872
-0.13083
-0.13533
-0.22007000000000002
-0.1036
-0.03186
-0.10054
-0.182
-0.23165
-0.01978
-0.05822
-0.019710000000000002
-0.23634
-0.23117000000000001
-0.13754
-0.20162
-0.03487
0.04298
-0.03989
-0.05141
-0.2458
-0.09702
-0.03529
0.01389
0.19012
0.02635
-0.01252
-0.06289
0.09533
0.14683
0.02387
0.03767
-0.19297
-0.13824999999999998
-0.1115
-0.14139
-0.28935
-0.21752
-0.16791
-0.21137
-0.31015
-0.18617
-0.12006
-0.16527
-0.1175
0.06075
0.0541
0.10098000000000001
0.24259
0.1588
0.11342
0.16407
0.28474
0.10805999999999999
0.054580000000000004
-0.0276
-0.058899999999999994
0.13924
0.07122
0.15148999999999999
-0.01385
-0.12244
-0.044320000000000005
-0.14139
-0.0036
0.11524
0.030899999999999997
-0.00528
-0.12679
0.04136
0.05077
0.01559
0.041580000000000006
0.24175000000000002
0.17393
0.28431999999999996
0.28729
0.17522
0.15410000000000001
0.23626000000000003
0.20131
0.04156
0.04854
0.03621
-0.14416
-0.04167
0.00631
0.07125
0.16066
-0.01228
-0.00967
-0.01221
-0.15718
-0.10832000000000001
-0.04763
-0.09887
-0.11943
0.05957
0.03966
0.11055
0.18373
0.0297
0.00781
0.04539
0.04718
-0.13795
-0.10371999999999999
-0.21803999999999998
-0.16757000000000002
0.01133
-0.04146
-0.01779
-0.21328
-0.17724
-0.08978
-0.14315
-0.00251
0.11630000000000001
0.033319999999999995
0.11562
-0.06944
-0.08868999999999999
-0.01133
0.06699
0.037919999999999995
-0.11888
-0.035910000000000004
-0.022330000000000003
0.16213
0.03318
0.023929999999999996
0.030529999999999998
0.16842
0.03548
0.01381
-0.02459
0.15083
0.13326000000000002
0.03161
0.03997
-0.13997
-0.11686999999999999
-0.0552
-0.13218
-0.084
0.07025
0.02167
0.07067
0.16122
0.06597
0.03093
0.07393
-0.06602000000000001
-0.12442
-0.03015
-0.09461
-0.06772
0.09707
0.09211
0.10576
0.23834
0.22858
0.15526
0.23304
0.059219999999999995
0.00369
0.07046000000000001
0.06032
0.24917999999999998
0.23288
0.14891
0.22191
0.04599
-0.00426
0.07281
0.10225
0.25670000000000004
0.15717
0.11746000000000001
0.18302
0.14912
0.030459999999999997
0.07658999999999999
0.12090999999999999
0.21007
0.02683
0.047830000000000004
-0.046150000000000004
0.05794
0.21024
0.13061
0.18367999999999998
-0.0125
0.0077
0.08522
0.13635999999999998
0.27742
0.17943
0.14429
0.20475000000000002
0.1366
0.03936
0.08146
0.10308999999999999
-0.02434
-0.04702
0.01601
0.02793
-0.09212
-0.12523
-0.04267000000000001
-0.00432
-0.024409999999999998
-0.19999
-0.10721
-0.19921
-0.11968999999999999
0.010620000000000001
-0.02579
-0.05422
-0.17414000000000002
-0.06314
-0.03097
-0.00256
-0.11939
-0.14457
-0.048150000000000005
-0.01871
0.025670000000000002
-0.18183
-0.09756000000000001
-0.20998999999999998
-0.03956
-0.02027
-0.06372
-0.12197
-0.21745
-0.11402
-0.06067
-0.11886
-0.04267000000000001
0.08985
0.05006
0.12817
0.07136
-0.08424
-0.01437
-0.01362
0.15314
-0.01778
-0.02037
-0.0817
0.08864000000000001
0.022090000000000002
-0.01813
-0.09381
0.04295
0.02512
-0.02724
-0.11589
-0.08174
0.042089999999999995
-0.00207
-0.06026
-0.0833
0.07917
0.06422
0.07932
0.1943
0.20039
0.14508
0.21472000000000002
0.18777999999999997
0.06385
0.09391999999999999
0.14426
0.22341999999999998
0.08564999999999999
0.0857
0.13623
0.14334
-0.04061
0.0032600000000000003
-0.01942
0.14691
0.0297
0.00505
-0.03851
0.13827
0.08727
0.025859999999999998
-0.05301
-0.08119
0.04752
0.019459999999999998
-0.028239999999999998
0.07966000000000001
0.14553000000000002
0.05621
0.05505
-0.13462
-0.08711
-0.04233
-0.07636
-0.14590999999999998
-0.02298
0.01213
-0.012230000000000001
0.10635
0.14514
0.08884
0.14004
0.19179
0.0405
0.01881
-0.04569
-0.02848
0.11871999999999999
0.044829999999999995
0.05975
-0.12148999999999999
-0.01776
0.025779999999999997
0.08079
0.20984000000000003
0.13826
0.0861
0.14724
0.05191
-0.03329
0.01872
0.052320000000000005
0.11198000000000001
-0.04662
-0.026869999999999998
-0.03137
0.09269
-0.05252
-0.08099
-0.13701
-0.24364
-0.16161999999999999
-0.11356999999999999
-0.16542
-0.07747
0.02194
-0.03253
0.00553
0.07748000000000001
-0.06514
-0.07216
-0.13049
-0.18154
-0.05391
-0.04427
-0.0946
-0.01763
0.07604
0.03048
0.05481
0.15769
0.11342
0.06776
0.07082
0.19002
0.16940000000000002
0.08349999999999999
0.06809
-0.09476000000000001
0.06942999999999999
0.07632
0.15930999999999998
0.18175
0.08123
0.08403000000000001
0.14567
0.07404
-0.01278
0.04555
0.08852
0.15228999999999998
0.022860000000000002
0.02795
0.07258
0.02603
-0.11606
-0.03685
-0.0608
0.1165
0.05224
0.0276
0.02833
0.17707
0.11979
0.07508
0.058730000000000004
0.18266
0.16643
0.10401999999999999
0.13237
0.21461
0.09165
0.053840000000000006
-0.02558
-0.09046
0.06375
0.04412
0.046900000000000004
-0.10169
-0.03357
0.01234
-0.03434
0.05033000000000001
0.1527
0.0803
0.13324999999999998
-0.03293
-0.0066300000000000005
0.03449
0.03167
-0.09013
0.02053
0.039689999999999996
0.11628999999999999
0.07352
-0.04577
0.015029999999999998
0.054740000000000004
0.17787
0.03246
0.02089
-0.040999999999999995
-0.0947
0.04598
0.03775
0.07833999999999999
0.20942
0.11364
0.06732
0.0508
-0.07776
0.058550000000000005
0.06551
0.12852
0.15305
0.02529
0.03229
0.06024
0.14192
0.01621
-0.00484
-0.0441
-0.16908
-0.09433
-0.04873
-0.0975
-0.007850000000000001
0.10151
0.02742
0.07347000000000001
-0.09422000000000001
-0.06463
-0.00766
0.06431
0.05453
-0.03966
-0.0076500000000000005
0.0305
-0.05221
-0.09845000000000001
-0.0353
-0.005699999999999999
-0.09534000000000001
-0.14514
-0.06285
-0.03116
0.05119
-0.10031000000000001
-0.07609
-0.07735
-0.15509
-0.25272
-0.15294
-0.22324000000000002
-0.02477
-0.06532
-0.11178
-0.19920000000000002
-0.25396
-0.15466
-0.11714000000000001
-0.16347
-0.03963
-0.00946
-0.03185
-0.07997
0.02273
0.06946
0.013229999999999999
-0.00609
-0.14367000000000002
-0.04997
-0.00077
0.00609
0.14182
0.05891
0.01753
-0.03347
0.018349999999999998
0.10503
0.04886
0.11305
0.16465
0.02396
0.006939999999999999
-0.049400000000000006
-0.05686
0.04934
0.0039000000000000003
-0.04237
-0.03243
0.10167999999999999
0.030379999999999997
0.056299999999999996
-0.11158
-0.06672
-0.04641
-0.05148
-0.15639
-0.083
-0.04661
-0.07277
-0.09596
0.06317
0.040999999999999995
0.11816
-0.01233
-0.048339999999999994
0.017079999999999998
0.07221
0.15186
0.03755
0.02637
0.05086
-0.05925
-0.07521
-0.00597
-0.03243
0.10619999999999999
0.1417
0.08279
0.13845000000000002
0.17123000000000002
0.07251
0.054299999999999994
0.08828
0.07275999999999999
-0.020710000000000003
0.006730000000000001
0.0359
0.07037
-0.06959
-0.04011
-0.12799
-0.10704000000000001
0.02941
0.015960000000000002
0.02075
-0.11555
-0.039529999999999996
0.011970000000000001
0.044020000000000004
0.11764
0.00638
0.00122
0.03722
0.017849999999999998
-0.09815
-0.05739
-0.07861
-0.17279
-0.17384
-0.11052
-0.17096
-0.059800000000000006
0.0109
-0.01796
0.03247
0.0735
-0.06792
-0.041120000000000004
-0.08989000000000001
0.046950000000000006
0.02234
-0.04997
-0.10419
-0.17457
-0.05519
-0.07186
-0.05814
-0.18154
-0.19657
-0.14294
-0.20593
-0.1588
-0.05027
-0.08124
-0.10689
-0.19552
-0.08439
-0.07339999999999999
-0.05847
-0.16615
-0.13909000000000002
-0.09582
-0.14482
-0.08990999999999999
0.020659999999999998
-0.022170000000000002
0.04489
0.00473
-0.12588
-0.09523999999999999
-0.14024
-0.14549
-0.017310000000000002
-0.039599999999999996
-0.0096
-0.13470000000000001
-0.08926
-0.03903
0.014650000000000002
0.05351
-0.084
-0.05505
-0.07110999999999999
0.07605
0.020339999999999997
-0.021429999999999998
-0.029060000000000002
-0.14512
-0.11429
-0.0575
-0.09589
0.03741
0.04283000000000001
0.01023
0.015009999999999999
0.10747999999999999
0.06359
0.02007
0.02896
-0.10057
-0.06141
-0.021240000000000002
-0.00759
-0.11431
-0.11202999999999999
-0.05971
-0.03497
-0.010009999999999998
-0.17428999999999997
-0.12561
-0.2025
-0.18530000000000002
-0.08784
-0.06795
-0.08227000000000001
0.04601
-0.00962
-0.02942
-0.06773
0.04814
0.04792
0.00017
-0.05726
-0.05795
0.05202
0.00911
0.0019
-0.12617
-0.07878
-0.042969999999999994
-0.08146
0.00438
0.06716
0.0104
0.06116
-0.00073
-0.13204000000000002
-0.08786
-0.13404
-0.03418
-0.00953
-0.055069999999999994
-0.06114
0.038290000000000005
0.00842
-0.05311
-0.06654
-0.17527
-0.09757999999999999
-0.07085
-0.09955
-0.0132
0.04321
-0.00567
-0.00048
0.07371
0.08619
0.01899
0.07114
-0.04545
-0.07229000000000001
-0.04111
-0.00457
-0.11127000000000001
-0.1336
-0.08373
-0.05606
0.047510000000000004
-0.04352
-0.058410000000000004
-0.04423
-0.1448
-0.15118
-0.09243
-0.09439
0.04642
-0.04691
-0.06516
-0.1284
-0.0757
0.02955
-0.020110000000000003
0.018009999999999998
-0.086
-0.15402
-0.10888999999999999
-0.14407
-0.18935
-0.08986000000000001
-0.07322000000000001
-0.048479999999999995
-0.14916000000000001
-0.15189
-0.06897
-0.03783
0.06498
-0.06519
-0.03837
-0.07232
0.06755
0.02068
0.00132
-0.04348
0.043680000000000004
0.05091999999999999
0.00974
-0.02611
0.06018
0.06787
0.010660000000000001
-0.03675
-0.07246999999999999
0.05854
0.01812
0.0642
-0.03268
-0.1065
-0.06297
-0.11867000000000001
-0.14627
-0.057350000000000005
-0.03588
-0.06533
-0.017159999999999998
0.06341999999999999
0.044669999999999994
0.05008
0.14513
0.11653000000000001
0.07812000000000001
0.06258
0.12085000000000001
0.20064
0.13461
0.19666
0.13946
0.045579999999999996
0.053579999999999996
0.044180000000000004
-0.06363
0.00638
0.029289999999999997
0.07966000000000001
0.056280000000000004
-0.05484
0.0037
-0.03327
0.07676
0.10013
0.05622
0.07572
0.14015
0.05803
0.02894
0.03019
-0.08208
-0.09834
-0.044509999999999994
-0.05847
0.07644000000000001
0.016579999999999998
-0.0097
-0.062220000000000004
-0.0057799999999999995
0.08016
0.03418
0.02852
-0.09981999999999999
-0.05513
-0.02336
-0.05314
0.0538
0.05388
0.00098
0.00375
-0.12787
-0.08339
-0.02926
-0.026840000000000003
0.08181
0.03945
0.010029999999999999
0.00394
0.09848000000000001
0.11945
0.06173
0.10592
-0.01248
-0.04798
-0.01347
0.00894
0.06612
-0.06987
-0.06619
-0.13071
-0.08195000000000001
-0.0014399999999999999
-0.03252
-0.05949
-0.0882
0.036379999999999996
0.0227
0.06826
0.11861000000000001
0.04645
0.02611
0.058789999999999995
-0.01875
-0.051449999999999996
-0.01417
-0.03621
-0.09992000000000001
-0.01513
0.0132
0.05276
0.07681
-0.05193
-0.03677
-0.07976
-0.14322
-0.07378
-0.04934
-0.0575
-0.13754
-0.14895
-0.09093
-0.14296
-0.06974999999999999
-0.01254
-0.01385
-0.051840000000000004
-0.00433
0.08005000000000001
0.06326999999999999
0.08384
0.14176
0.030219999999999997
0.02992
-0.01614
0.08154
0.08441000000000001
0.049100000000000005
0.006
-0.01728
0.05811
0.045579999999999996
0.019950000000000002
0.08657
0.1306
0.10012
0.12401
0.18977
0.11926
0.1
0.0785
0.16015999999999997
0.11676
0.07809
0.02491
0.051109999999999996
0.11701
0.08119
0.04826
0.054349999999999996
0.12833
0.09931
0.09058999999999999
0.12637
0.19906
0.15157
0.19306
0.22632000000000002
0.16186
0.11817
0.14598
0.03936
-0.00512
0.03463
0.00863
0.10452
0.07548
0.03311
-0.00262
0.0458
0.10528
0.052610000000000004
0.04046
-0.04682
0.03609
0.02847
0.00825
0.0687
0.10398999999999999
0.03777
0.012270000000000001
-0.04141
0.0968
0.06277
0.11708
-0.00579
-0.042030000000000005
-0.00771
-0.0225
0.07617
0.07907
0.024009999999999997
0.026920000000000003
-0.08317000000000001
0.02069
0.017150000000000002
0.07109
-0.02268
-0.05717
-0.02357
-0.04183
0.053360000000000005
0.1054
0.03779
0.08219
-0.03408
-0.04697
-0.01915
-0.035590000000000004
0.06934
0.07467
0.00146
0.01325
-0.10042999999999999
-0.053230000000000006
-0.03551
-0.06417
-0.08007999999999998
0.04551
0.015
0.06125
-0.051859999999999996
-0.008539999999999999
0.02035
0.07574
0.0177
-0.02399
0.006889999999999999
0.052779999999999994
0.01373
-0.04154
-0.01023
0.03016
0.04739
-0.0368
-0.014110000000000001
0.022090000000000002
-0.0276
-0.07031
-0.02387
-0.01944
0.08243
0.01283
-0.00628
0.01541
0.046189999999999995
-0.06067
-0.04534
-0.11097
-0.052910000000000006
0.01322
-0.02283
-0.04841
-0.12549
-0.05591
-0.04549
-0.061989999999999996
-0.13104
-0.062240000000000004
-0.04276
-0.04792
-0.10798999999999999
-0.047
-0.01795
-0.03825
0.02434
0.08843
0.041890000000000004
0.06280000000000001
-0.0558
-0.01724
0.01389
0.05755
0.06906
-0.045759999999999995
-0.024329999999999997
-0.0647
-0.00367
0.04633
-0.00241
-0.01968
-0.06219
0.04521
0.01357
0.05343
-0.04038
-0.04769
-0.03365
-0.00953
-0.07475
-0.09731
-0.06197
-0.03724
-0.05208
-0.15576
-0.12484999999999999
-0.18141
-0.15827
-0.085
-0.09365
-0.11833
-0.10877
-0.0051
-0.032799999999999996
0.00808
-0.08882
-0.09851000000000001
-0.07346
-0.04367
-0.08455
-0.12808999999999998
-0.09606999999999999
-0.07759
-0.11457
-0.19874
-0.14639
-0.19765
-0.09508
-0.07425
-0.09351000000000001
-0.12744
-0.14571
-0.045739999999999996
-0.05883
-0.02934
-0.10627
-0.16149000000000002
-0.10896
-0.13465
-0.03653
-0.014119999999999999
-0.04622
-0.021320000000000002
0.00136
-0.09706
-0.08445
-0.12053000000000001
-0.14842
-0.08721
-0.06751
-0.10313
-0.06527
-0.01229
-0.026019999999999998
-0.054009999999999996
-0.03431
0.039
0.019299999999999998
0.02412
0.10215
0.07908
0.035769999999999996
0.027559999999999998
-0.06834
-0.02139
0.00358
-0.01832
0.050309999999999994
0.0862
0.047889999999999995
0.08175
-0.00357
-0.059269999999999996
-0.01812
-0.05516
-0.029380000000000003
0.03185
0.0231
0.00889
0.06246
0.10404999999999999
0.07139999999999999
0.10676999999999999
0.1381
0.05956
0.04852
0.04095
0.12210000000000001
0.07736
0.03764
0.0001
0.01477
0.0886
0.060599999999999994
0.06171
0.12833
0.13848000000000002
0.09593
0.07089000000000001
0.07386
0.16591
0.11567999999999999
0.14906
0.16824000000000003
0.12494
0.08968999999999999
0.10945
-0.0062900000000000005
0.0407
0.06018
0.09773
0.12538
0.0638
0.05464
0.09593
0.0294
-0.008579999999999999
0.0282
0.026309999999999997
0.10666
0.08471999999999999
0.05136
0.09417999999999999
0.09044
0.00501
0.01551
-0.017079999999999998
0.04507
0.10339999999999999
0.05759
0.09438
0.11996000000000001
0.07075000000000001
0.0508
0.0745
0.11396
0.06923
0.04456
0.06665
-0.00886
-0.026099999999999998
-0.01237
-0.01256
-0.09239000000000001
-0.08496000000000001
-0.05641
-0.05341
-0.11839000000000001
-0.09992000000000001
-0.05373
-0.0767
-0.03574
0.03994
0.00417
0.05219
-0.00164
-0.04184
-0.01818
0.02062
0.0035399999999999997
-0.07152
-0.04099
-0.07614
-1e-05
0.051449999999999996
0.0059499999999999996
0.03072
-0.05083
-0.04565
-0.018879999999999997
-0.00975
-0.06857
-0.09721
-0.057859999999999995
-0.09949
-0.0443
0.02727
0.00491
0.00928
-0.07321
-0.0009
0.021259999999999998
0.0588
0.00316
-0.034300000000000004
0.014499999999999999
0.02791
0.11239
0.06436
0.0499
0.08026
0.04612
-0.031110000000000002
0.00529
-0.01134
0.08717000000000001
0.052329999999999995
0.02783
0.01968
0.10232
0.07591
0.04275
0.020030000000000003
-0.03781
0.05126
0.05643
0.08495
0.11338
0.03331
0.02851
0.0126
-0.056740000000000006
-0.03092
-0.00077
-0.0348
-0.03454
0.03816
0.02489
0.03515
-0.050170000000000006
-0.060309999999999996
-0.01817
-0.050890000000000005
0.0013900000000000002
0.05706000000000001
0.02997
0.03708
-0.04125
-0.01925
0.00847
-0.01224
0.05098
0.07783000000000001
0.05314
0.06083
0.13048
0.11688000000000001
0.06613000000000001
0.05311
-0.0356
0.02806
0.02923
0.06065
0.00442
-0.03802
-0.00809
-0.04942
0.0028100000000000004
0.04717
0.012450000000000001
0.01644
-0.06368
-0.02606
0.0027800000000000004
-0.0169
0.03714
0.08489000000000001
0.04196
0.06213
-0.03351
-0.012430000000000002
0.021869999999999997
0.028679999999999997
0.10611000000000001
0.07551999999999999
0.03758
0.047670000000000004
-0.03741
-0.00571
0.02436
0.0298
0.10766
0.08946
0.05656
0.08285000000000001
0.10026
0.02377
0.0155
-0.01866
-0.014410000000000001
0.07433
0.04273
0.07964
0.04754
-0.00672
-0.0013
0.01447
-0.04449
-0.05496
-0.00993
-0.03333
0.02032
0.07876999999999999
0.04447
0.07692
-0.010209999999999999
-0.00191
0.02833
0.05956
0.10447
0.035840000000000004
0.02997
0.0318
-0.03015
-0.02979
0.00188
-0.027149999999999997
0.036000000000000004
0.08621000000000001
0.05242
0.06834
-0.00776
-0.00947
0.0167
-0.00865
-0.04063
0.026629999999999997
0.031120000000000002
0.03629
-0.03241
-0.00738
0.014039999999999999
0.00505
-0.04561
0.00999
0.034089999999999995
0.06427
0.11231999999999999
0.0408
0.05287
0.05025
0.12564999999999998
0.09551
0.07681
0.06679
0.13317
0.13628
0.09706
0.11135999999999999
0.02612
0.00246
0.02661
-0.00095
0.07404
0.07765
0.04147
0.01577
-0.040839999999999994
0.037989999999999996
0.03042
0.058129999999999994
0.08048999999999999
0.00528
0.006979999999999999
-0.022320000000000003
-0.01922
0.059379999999999995
0.0412
0.0713
0.08449999999999999
0.01625
0.01106
0.010740000000000001
0.07904
0.07588
0.03162
0.041440000000000005
-0.04375
-0.01839
-0.00058
-0.0063
0.05375
0.08505000000000001
0.0462
0.08468999999999999
0.09228
0.059370000000000006
0.04471
0.07283
0.011479999999999999
-0.00311
0.00916
0.03622
-0.00658
-0.04182
-0.021339999999999998
0.0010199999999999999
-0.02946
-0.07014999999999999
-0.04646
-0.03076
-0.07718
-0.08944
-0.05011
-0.035699999999999996
0.027440000000000003
-0.03574
-0.02774
-0.02459
0.04212
0.01551
-0.0023799999999999997
0.01711
-0.0217
-0.06208
-0.03481
-0.021949999999999997
0.00803
-0.07569
-0.059829999999999994
-0.09803
-0.09978
-0.03206
-0.02553
-0.02329
0.037989999999999996
0.01318
-0.00557
0.01988
-0.006919999999999999
-0.06833
-0.04077
-0.06904
0.00233
0.00035000000000000005
-0.03212
-0.02092
-0.09017
-0.11657000000000001
-0.08449999999999999
-0.1148
-0.12576
-0.07037
-0.061799999999999994
-0.07622
-0.11363
-0.05869
-0.03803
-0.034230000000000003
0.04089
-0.0013700000000000001
-0.0138
-0.0368
-0.06503
0.00804
-0.00489
0.024380000000000002
0.00983
-0.07121000000000001
-0.04933
-0.07871
-0.08109
-0.02825
-0.02804
-0.05061
-0.03026
0.01064
-0.005719999999999999
-0.01906
0.027759999999999996
0.07454
0.040830000000000005
0.07395
0.04106
-0.02382
-0.01225
-0.04683
-0.00469
0.03193
-0.0032300000000000002
-0.012310000000000001
-0.07467
-0.00155
-0.00021999999999999998
0.034300000000000004
-0.01797
-0.05881
-0.030379999999999997
-0.0319
0.042140000000000004
0.0178
-0.0066500000000000005
-0.00033
-0.07780999999999999
-0.08654999999999999
-0.06021
-0.08388999999999999
-0.02186
-0.0076
-0.04124
-0.0346
-0.10544
-0.09853999999999999
-0.06646
-0.07947
-0.01026
-0.00154
-0.02552
-0.02825
0.02322
0.02243
-0.0086
-0.01236
0.03549
0.02092
-0.017410000000000002
-0.03325
-0.08405
0.0028699999999999997
-0.01525
0.017159999999999998
-0.02894
-0.08033
-0.06358
-0.07521
-0.1009
-0.01644
-0.02496
0.0132
-0.025840000000000002
-0.06912
-0.05178
-0.02851
-0.02556
-0.08928000000000001
-0.07833999999999999
-0.08979
-0.12455
-0.07458999999999999
-0.057839999999999996
-0.061020000000000005
0.00074
-0.00676
-0.034140000000000004
-0.009130000000000001
0.01641
-0.03031
-0.03479
-0.05444
-0.09628
-0.025830000000000002
-0.02106
0.0070599999999999994
0.035910000000000004
-0.00435
-0.00681
0.02024
0.00189
-0.054619999999999995
-0.03488
-0.04868
0.01069
0.00873
-0.01997
0.00477
0.015029999999999998
-0.02806
-0.02847
-0.0072299999999999994
-0.03254
-0.08101000000000001
-0.05772
-0.08054
-0.01532
0.01533
-0.00569
0.01328
0.0408
0.01102
0.00151
0.02491
0.01242
-0.029769999999999998
-0.01933
-0.0217
-0.08128
-0.054009999999999996
-0.02748
-0.0005
-0.006999999999999999
-0.07522999999999999
-0.041440000000000005
-0.05561
0.01559
0.03223
0.010920000000000001
0.03677
0.02379
-0.03722
-0.01956
-0.025929999999999998
0.041299999999999996
-0.0105
-0.02645
-0.06176
-0.060439999999999994
-0.015189999999999999
-0.02843
-0.05074
-0.028079999999999997
0.01969
-0.011470000000000001
-0.00433
-0.07244
-0.02443
-0.01908
-0.00079
-0.047270000000000006
-0.07942
-0.05213
-0.06679
-0.07661
-0.00966
-0.013000000000000001
0.01087
0.029849999999999998
-0.02786
-0.0291
-0.02559
-0.07686
-0.06764
-0.04543
-0.06315
-0.01924
0.01569
-0.01399
-0.00181
-0.07132
-0.05119
-0.03961
-0.01611
-0.03692
-0.07602
-0.06002
-0.06349
-0.10426
-0.11148999999999999
-0.08117
-0.11202
-0.07257
-0.033010000000000005
-0.05196
-0.055940000000000004
-0.11683
-0.1069
-0.08283
-0.10537
-0.11114
-0.06801
-0.06214
-0.07479
-0.02752
-0.01109
-0.03694
-0.0451
-0.08900999999999999
-0.02552
-0.025009999999999998
0.00148
0.03743
-0.01784
-0.02466
-0.03789
-0.08009000000000001
-0.02793
-0.01873
-0.0037099999999999998
0.04386999999999999
-0.006999999999999999
-0.02249
-0.045919999999999996
-0.041580000000000006
0.009130000000000001
-0.01455
-0.026459999999999997
-0.03613
0.033479999999999996
0.00869
0.030750000000000003
-0.039580000000000004
-0.01736
-0.015069999999999998
0.00073
-0.053099999999999994
-0.05558
-0.04069
-0.03495
-0.08215
-0.07574
-0.05647
-0.07416
-0.08018
-0.02402
-0.025779999999999997
-0.02472
-0.04332
0.030539999999999998
0.020739999999999998
0.061040000000000004
0.02196
-0.00407
0.008539999999999999
0.03881
0.04668
0.00605
0.00661
0.02336
-0.00827
-0.03174
-0.01409
-0.02331
-0.06052
-0.01854
-0.00418
0.01254
0.05151
0.014199999999999999
0.00634
0.02207
-0.020390000000000002
-0.037989999999999996
-0.01117
0.0022400000000000002
0.04759
-0.00294
-0.00803
-0.01478
-0.0655
-0.02796
-0.006889999999999999
0.01783
0.02886
-0.01877
-0.00169
0.00712
0.013819999999999999
-0.03436
-0.021099999999999997
-0.01798
-0.05136
-0.07574
-0.03372
-0.054240000000000003
0.0166
0.010369999999999999
0.00148
-0.00605
0.040519999999999994
0.037469999999999996
0.01832
0.03968
0.03164
-0.01869
-0.00681
-0.0218
-0.067
-0.052329999999999995
-0.028290000000000003
-0.02255
0.014570000000000001
-0.0583
-0.04485
-0.08378999999999999
-0.05453
-0.02801
-0.0353
-0.06366
-0.047080000000000004
-0.01109
-0.01807
-0.03294
-0.00032
0.02778
0.0057799999999999995
0.00203
-0.051710000000000006
-0.01497
0.0028799999999999997
0.00852
0.0571
0.04101
0.02234
0.04238
0.04877
-0.01397
-0.00634
-0.03551
-0.011000000000000001
0.027469999999999998
0.00444
0.00053
-0.05104
-0.02255
-0.00754
-0.01054
0.04504
0.020059999999999998
0.00943
-0.00771
0.02741
0.05831
0.03248
0.01418
-0.013349999999999999
0.044640000000000006
0.03064
0.04428
-0.02016
0.00223
0.02028
0.04165
0.05392
0.00127
0.00687
0.0246
0.052169999999999994
-0.00466
-0.00023
-0.01423
0.04594
0.029289999999999997
0.00931
-0.01375
-0.01214
0.03291
0.020790000000000003
0.010209999999999999
0.04573000000000001
0.07549
0.04582
0.055830000000000005
-0.01171
-0.00494
0.01238
0.0059499999999999996
0.056799999999999996
0.04854
0.02611
0.009210000000000001
-0.012960000000000001
0.043429999999999996
0.026789999999999998
0.04215
-0.02027
0.00657
0.02419
0.05029
0.07642
0.02725
0.025339999999999998
0.03004
0.07602
0.04304
0.02448
0.00413
-0.00487
0.05367
0.02959
0.044950000000000004
-0.01125
-0.02315
-0.008060000000000001
-0.01606
-0.04271
6e-05
0.005
-0.00097
-0.03683
0.01583
0.02048
0.0479
0.05776
0.01075
0.022869999999999998
0.023010000000000003
0.07293999999999999
0.07298
0.053070000000000006
0.07708
0.08012000000000001
0.03467
0.03801
0.04472
0.09308
0.06939000000000001
0.0385
0.03765
-0.01798
-0.00512
0.00565
-0.0074399999999999996
-0.04111
0.00387
0.00978
0.03077
0.020870000000000003
-0.02657
-0.01002
-0.03125
-0.03585
0.009000000000000001
0.01369
0.015069999999999998
0.0623
0.05708
0.03526
0.03298
-0.005600000000000001
0.0545
0.05621
0.0863
0.08494
0.03771
0.048150000000000005
0.0406
0.08481
0.09119
0.06678
0.07161
0.10198
0.09539999999999998
0.06952
0.08202
0.02383
0.03207
0.03709
0.04758
0.0014199999999999998
0.01991
0.0395
0.06216
0.08094
0.03185
0.0337
0.030440000000000002
0.07687000000000001
0.07174
0.04816
0.06077
0.00712
0.01226
0.02613
0.04294
0.021720000000000003
-0.018799999999999997
0.00111
-0.02005
-0.00801
0.048470000000000006
0.039169999999999996
0.06904
0.03811
0.00799
0.02928
0.021589999999999998
0.07449
0.08736000000000001
0.06454
0.08771000000000001
0.08395
0.0453
0.04536
0.0482
0.0817
0.06288
0.03777
0.05168999999999999
0.01659
0.004699999999999999
0.0095
0.01782
-0.01167
-0.02167
-0.01011
-0.00557
-0.03202
-0.02629
-0.012809999999999998
-0.00918
-0.03275
-0.027149999999999997
-0.01395
-0.005639999999999999
-0.02563
-0.02714
-0.0102
-0.00561
0.020489999999999998
-0.00017999999999999998
-0.00435
-0.00262
-0.02266
-0.01861
-0.01122
-0.00609
-0.01344
-0.03063
-0.020640000000000002
-0.027469999999999998
-0.0045000000000000005
-0.00661
-0.01476
-0.0168
-0.03141
-0.02743
-0.02017
-0.02421
-0.03117
-0.020630000000000003
-0.017410000000000002
-0.01603
-0.0064600000000000005
-0.01349
-0.01246
-0.00881
-0.01294
-0.02051
-0.01498
-0.016399999999999998
-0.007039999999999999
-0.00577
-0.00852
-0.00633
-0.00695
-0.01373
-0.01077
-0.011160000000000002
-0.00499
-0.00813
-0.00903
-0.01135
-0.00752
-0.005829999999999999
-0.00577
-0.00661
-0.005889999999999999
-0.00272
-0.00308
-0.0032400000000000003
-0.00268
-0.00084
-0.00131
-0.00132
-0.0023799999999999997
-0.00104
-0.0008500000000000001
-0.00052
4e-05
-2e-05
-0.00066
-0.00064
-0.00111
-0.00109
-0.0007599999999999999
-0.00066
-0.0007199999999999999
-0.00043999999999999996
-0.0003
-0.00017
-0.00012
-7.000000000000001e-05
0.0
0.0
0.0
0.0
0.0
0.0
0.0
0.0
0.0
0.0
0.0
0.0
0.0
0.0
0.0
0.0
0.0
0.0
0.0
0.0
0.0
0.0
0.0
0.0
0.0
0.0
0.0
0.0
0.0
0.0
0.0
0.0
0.0
0.0
0.0
0.0
0.0
0.0
0.0
0.0
0.0
0.0
0.0
0.0
0.0
0.0
0.0
0.0
0.0
0.0
0.0
0.0
0.0
0.0
0.0
0.0
0.0
0.0
0.0
0.0
0.0
0.0
0.0
0.0
0.0
0.0
0.0
0.0
0.0
0.0
0.0
0.0
0.0
0.0
0.0
0.0
0.0
0.0
0.0
0.0
0.0
0.0
0.0
0.0
0.0
0.0
0.0
0.0
0.0
0.0
0.0
0.0
0.0
0.0
0.0
0.0
0.0
0.0
0.0
0.0
0.0
0.0
0.0
0.0
0.0
0.0
0.0
0.0
0.0
0.0
0.0
0.0
0.0
0.0
0.0
0.0
0.0
0.0
0.0
0.0
0.0
0.0
0.0
0.0
0.0
0.0
0.0
0.0
0.0
0.0
0.0
0.0
0.0
0.0
0.0
0.0
0.0
0.0
0.0
0.0
0.0
0.0
0.0
0.0
0.0
0.0
0.0
0.0
0.0
0.0
0.0
0.0
0.0
0.0
0.0
0.0
0.0
0.0
0.0
0.0
0.0
0.0
0.0
0.0
0.0
0.0
0.0
0.0
0.0
0.0
0.0
0.0
0.0
0.0
0.0
0.0
0.0
0.0
0.0
0.0
0.0
0.0
0.0
0.0
0.0
0.0
0.0
0.0
0.0
0.0
0.0
0.0
0.0
0.0
0.0
0.0
0.0
0.0
0.0
0.0
0.0
0.0
0.0
0.0
0.0
0.0
0.0
0.0
0.0
0.0
0.0
0.0
0.0
0.0
0.0
0.0
0.0
0.0
0.0
0.0
0.0
0.0
0.0
0.0
0.0
0.0
0.0
0.0
0.0
0.0
0.0
0.0
0.0
0.0
0.0
0.0
0.0
0.0
0.0
0.0
0.0
0.0
0.0
0.0
0.0
0.0
0.0
0.0
0.0
0.0
0.0
0.0
0.0
0.0
0.0
0.0
0.0
0.0
0.0
0.0
0.0
0.0
0.0
0.0
0.0
0.0
0.0
0.0
0.0
0.0
0.0
0.0
0.0
0.0
0.0
0.0
0.0
0.0
0.0
0.0
0.0
0.0
0.0
0.0
0.0
0.0
0.0
0.0
0.0
0.0
0.0
0.0
0.0
0.0
0.0
0.0
0.0
0.0
0.0
0.0
0.0
0.0
0.0
0.0
0.0
0.0
0.0
0.0
0.0
0.0
0.0
0.0
0.0
0.0
0.0
0.0
0.0
0.0
0.0
0.0
0.0
0.0
0.0
0.0
0.0
0.0
0.0
0.0
0.0
0.0
0.0
0.0
0.0
0.0
0.0
0.0
0.0
0.0
0.0
0.0
0.0
0.0
0.0
0.0
0.0
0.0
0.0
0.0
0.0
0.0
0.0
0.0
0.0
0.0
0.0
0.0
0.0
0.0
0.0
0.0
0.0
0.0
0.0
0.0
0.0
0.0
0.0
0.0
0.0
0.0
0.0
0.0
0.0
0.0
0.0
0.0
0.0
0.0
0.0
0.0
0.0
0.0
0.0
0.0
0.0
0.0
0.0
0.0
0.0
0.0
0.0
0.0
0.0
0.0
0.0
0.0
0.0
0.0
0.0
0.0
0.0
0.0
0.0
0.0
0.0
0.0
0.0
0.0
0.0
0.0
0.0
0.0
0.0
0.0
0.0
0.0
0.0
0.0
0.0
0.0
0.0
0.0
0.0
0.0
0.0
0.0
0.0
0.0
0.0
0.0
0.0
0.0
0.0
0.0
0.0
0.0
0.0
0.0
0.0
0.0
0.0
0.0
0.0
0.0
0.0
0.0
0.0
0.0
0.0
0.0
0.0
0.0
0.0
0.0
0.0
0.0
0.0
0.0
0.0
0.0
0.0
0.0
0.0
0.0
0.0
0.0
0.0
0.0
0.0
0.0
0.0
0.0
0.0
0.0
0.0
0.0
0.0
0.0
0.0
0.0
0.0
0.0
0.0
0.0
0.0
0.0
0.0
0.0
0.0
0.0
0.0
0.0
0.0
0.0
0.0
0.0
0.0
0.0
0.0
0.0
0.0
0.0
0.0
0.0
0.0
0.0
0.0
0.0
0.0
0.0
0.0
0.0
0.0
0.0
0.0
0.0
0.0
0.0
0.0
0.0
0.0
0.0
0.0
0.0
0.0
0.0
0.0
0.0
0.0
0.0
0.0
0.0
0.0
0.0
0.0
0.0
0.0
0.0
0.0
0.0
0.0
0.0
0.0
0.0
0.0
0.0
0.0
0.0
0.0
0.0
0.0
0.0
0.0
0.0
0.0
0.0
0.0
0.0
0.0
0.0
0.0
0.0
0.0
0.0
0.0
0.0
0.0
0.0
0.0
0.0
0.0
0.0
0.0
0.0
0.0
0.0
0.0
0.0
0.0
0.0
0.0
0.0
0.0
0.0
0.0
0.0
0.0
0.0
0.0
0.0
0.0
0.0
0.0
0.0
0.0
0.0
0.0
0.0
0.0
0.0
0.0
0.0
0.0
0.0
0.0
0.0
0.0
0.0
0.0
0.0
0.0
0.0
0.0
0.0
0.0
0.0
0.0
0.0
0.0
0.0
0.0
0.0
0.0
0.0
0.0
0.0
0.0
0.0
0.0
0.0
0.0
0.0
0.0
0.0
0.0
0.0
0.0
0.0
0.0
0.0
0.0
0.0
0.0
0.0
0.0
0.0
0.0
0.0
0.0
0.0
0.0
0.0
0.0
0.0
0.0
0.0
0.0
0.0
0.0
0.0
0.0
0.0
0.0
0.0
0.0
0.0
0.0
0.0
0.0
0.0
0.0
0.0
0.0
0.0
0.0
0.0
0.0
0.0
0.0
0.0
0.0
0.0
0.0
0.0
0.0
0.0
0.0
0.0
0.0
0.0
0.0
0.0
0.0
0.0
0.0
0.0
0.0
0.0
0.0
0.0
0.0
0.0
0.0
0.0
0.0
0.0
0.0
0.0
0.0
0.0
0.0
0.0
0.0
0.0
0.0
0.0
0.0
0.0
0.0
0.0
0.0
0.0
0.0
0.0
0.0
0.0
0.0
0.0
0.0
0.0
0.0
0.0
0.0
0.0
0.0
0.0
0.0
0.0
0.0
0.0
0.0
0.0
0.0
0.0
0.0
0.0
0.0
0.0
0.0
0.0
0.0
0.0
0.0
0.0
0.0
0.0
0.0
0.0
0.0
0.0
0.0
0.0
0.0
0.0
0.0
0.0
0.0
0.0
0.0
0.0
0.0
0.0
0.0
0.0
0.0
0.0
0.0
0.0
0.0
0.0
0.0
0.0
0.0
0.0
0.0
0.0
0.0
0.0
0.0
0.0
0.0
0.0
0.0
0.0
0.0
0.0
0.0
0.0
0.0
0.0
0.0
0.0
0.0
0.0
0.0
0.0
0.0
0.0
0.0
0.0
0.0
0.0
0.0
0.0
0.0
0.0
0.0
0.0
0.0
0.0
0.0
0.0
0.0
0.0
0.0
0.0
0.0
0.0
0.0
0.0
0.0
0.0
0.0
0.0
0.0
0.0
0.0
0.0
0.0
0.0
0.0
0.0
0.0
0.0
0.0
0.0
0.0
0.0
0.0
0.0
0.0
0.0
0.0
0.0
0.0
0.0
0.0
0.0
0.0
0.0
0.0
0.0
0.0
0.0
0.0
0.0
0.0
0.0
0.0
0.0
0.0
0.0
0.0
0.0
0.0
0.0
0.0
0.0
0.0
0.0
0.0
0.0
0.0
0.0
0.0
0.0
0.0
0.0
0.0
0.0
0.0
0.0
0.0
0.0
0.0
0.0
0.0
0.0
0.0
0.0
0.0
0.0
0.0
0.0
0.0
0.0
0.0
0.0
0.0
0.0
0.0
0.0
0.0
0.0
0.0
0.0
0.0
0.0
0.0
0.0
0.0
0.0
0.0
0.0
0.0
0.0
0.0
0.0
0.0
0.0
0.0
0.0
0.0
0.0
0.0
0.0
0.0
0.0
0.0
0.0
0.0
0.0
0.0
0.0
0.0
0.0
0.0
0.0
0.0
0.0
0.0
0.0
0.0
0.0
0.0
0.0
0.0
0.0
0.0
0.0
0.0
0.0
0.0
0.0
0.0
0.0
0.0
0.0
0.0
0.0
0.0
0.0
0.0
0.0
0.0
0.0
0.0
0.0
0.0
0.0
0.0
0.0
0.0
0.0
0.0
0.0
0.0
0.0
0.0
0.0
0.0
0.0
0.0
0.0
0.0
0.0
0.0
0.0
0.0
0.0
0.0
0.0
0.0
0.0
0.0
0.0
0.0
0.0
0.0
0.0
0.0
0.0
0.0
0.0
0.0
0.0
0.0
0.0
0.0
0.0
0.0
0.0
0.0
0.0
0.0
0.0
0.0
0.0
0.0
0.0
0.0
0.0
0.0
0.0
0.0
0.0
0.0
0.0
0.0
0.0
0.0
0.0
0.0
0.0
0.0
0.0
0.0
0.0
0.0
0.0
0.0
0.0
0.0
0.0
0.0
0.0
0.0
0.0
0.0
0.0
0.0
0.0
0.0
0.0
0.0
0.0
0.0
0.0
0.0
0.0
0.0
0.0
0.0
0.0
0.0
0.0
0.0
0.0
0.0
0.0
0.0
0.0
0.0
0.0
0.0
0.0
0.0
0.0
0.0
0.0
0.0
0.0
0.0
0.0
0.0
0.0
0.0
0.0
0.0
0.0
0.0
0.0
0.0
0.0
0.0
0.0
0.0
0.0
0.0
0.0
0.0
0.0
0.0
0.0
0.0
0.0
0.0
0.0
0.0
0.0
0.0
0.0
0.0
0.0
0.0
0.0
0.0
0.0
0.0
0.0
0.0
0.0
0.0
0.0
0.0
0.0
0.0
0.0
0.0
0.0
0.0
0.0
0.0
0.0
0.0
0.0
0.0
0.0
0.0
0.0
0.0
0.0
0.0
0.0
0.0
0.0
0.0
0.0
0.0
0.0
0.0
0.0
0.0
0.0
0.0
0.0
0.0
0.0
0.0
0.0
0.0
0.0
0.0
0.0
0.0
0.0
0.0
0.0
0.0
0.0
0.0
0.0
0.0
0.0
0.0
0.0
0.0
0.0
0.0
0.0
0.0
0.0
0.0
0.0
0.0
0.0
0.0
0.0
0.0
0.0
0.0
0.0
0.0
0.0
0.0
0.0
0.0
0.0
0.0
0.0
0.0
0.0
0.0
0.0
0.0
0.0
0.0
0.0
0.0
0.0
0.0
0.0
0.0
0.0
0.0
0.0
0.0
0.0
0.0
0.0
0.0
0.0
0.0
0.0
0.0
0.0
0.0
0.0
0.0
0.0
0.0
0.0
0.0
0.0
0.0
0.0
0.0
0.0
0.0
0.0
0.0
0.0
0.0
0.0
0.0
0.0
0.0
0.0
0.0
0.0
0.0
0.0
0.0
0.0
0.0
0.0
0.0
0.0
0.0
0.0
0.0
0.0
0.0
0.0
0.0
0.0
0.0
0.0
0.0
0.0
0.0
0.0
0.0
0.0
0.0
0.0
0.0
0.0
0.0
0.0
0.0
0.0
0.0
0.0
0.0
0.0
0.0
0.0
0.0
0.0
0.0
0.0
0.0
0.0
0.0
0.0
0.0
0.0
0.0
0.0
0.0
0.0
0.0
0.0
0.0
0.0
0.0
0.0
0.0
0.0
0.0
0.0
0.0
0.0
0.0
0.0
0.0
0.0
0.0
0.0
0.0
0.0
0.0
0.0
0.0
0.0
0.0
0.0
0.0
0.0
0.0
0.0
0.0
0.0
0.0
0.0
0.0
0.0
0.0
0.0
0.0
0.0
0.0
0.0
0.0
0.0
0.0
0.0
0.0
0.0
0.0
0.0
0.0
0.0
0.0
0.0
0.0
0.0
0.0
0.0
0.0
0.0
0.0
0.0
0.0
0.0
0.0
0.0
0.0
0.0
0.0
0.0
0.0
0.0
0.0
0.0
0.0
0.0
0.0
0.0
0.0
0.0
0.0
0.0
0.0
0.0
0.0
0.0
0.0
0.0
0.0
0.0
0.0
0.0
0.0
0.0
0.0
0.0
0.0
0.0
0.0
0.0
0.0
0.0
0.0
0.0
0.0
0.0
0.0
0.0
0.0
0.0
0.0
0.0
0.0
0.0
0.0
0.0
0.0
0.0
0.0
0.0
0.0
0.0
0.0
0.0
0.0
0.0
0.0
0.0
0.0
0.0
0.0
0.0
0.0
0.0
0.0
0.0
0.0
0.0
0.0
0.0
0.0
0.0
0.0
0.0
0.0
0.0
0.0
0.0
0.0
0.0
0.0
0.0
0.0
0.0
0.0
0.0
0.0
0.0
0.0
0.0
0.0
0.0
0.0
0.0
0.0
0.0
0.0
0.0
0.0
0.0
0.0
0.0
0.0
0.0
0.0
0.0
0.0
0.0
0.0
0.0
0.0
0.0
0.0
0.0
0.0
0.0
0.0
0.0
0.0
0.0
0.0
0.0
0.0
0.0
0.0
0.0
0.0
0.0
0.0
0.0
0.0
0.0
0.0
0.0
0.0
0.0
0.0
0.0
0.0
0.0
0.0
0.0
0.0
0.0
0.0
0.0
0.0
0.0
0.0
0.0
0.0
0.0
0.0
0.0
0.0
0.0
0.0
0.0
0.0
0.0
0.0
0.0
0.0
0.0
0.0
0.0
0.0
0.0
0.0
0.0
0.0
0.0
0.0
0.0
0.0
0.0
0.0
0.0
0.0
0.0
0.0
0.0
0.0
0.0
0.0
0.0
0.0
0.0
0.0
0.0
0.0
0.0
0.0
0.0
0.0
0.0
0.0
0.0
0.0
0.0
0.0
0.0
0.0
0.0
0.0
0.0
0.0
0.0
0.0
0.0
0.0
0.0
0.0
0.0
0.0
0.0
0.0
0.0
0.0
0.0
0.0
0.0
0.0
0.0
0.0
0.0
0.0
0.0
0.0
0.0
0.0
0.0
0.0
0.0
0.0
0.0
0.0
0.0
0.0
0.0
0.0
0.0
0.0
0.0
0.0
0.0
0.0
0.0
0.0
0.0
0.0
0.0
0.0
0.0
0.0
0.0
0.0
0.0
0.0
0.0
0.0
0.0
0.0
0.0
0.0
0.0
0.0
0.0
0.0
0.0
0.0
0.0
0.0
0.0
0.0
0.0
0.0
0.0
0.0
0.0
0.0
0.0
0.0
0.0
0.0
0.0
0.0
0.0
0.0
0.0
0.0
0.0
0.0
0.0
0.0
0.0
0.0
0.0
0.0
0.0
0.0
0.0
0.0
0.0
0.0
0.0
0.0
0.0
0.0
0.0
0.0
0.0
0.0
0.0
0.0
0.0
0.0
0.0
0.0
0.0
0.0
0.0
0.0
0.0
0.0
0.0
0.0
0.0
0.0
0.0
0.0
0.0
0.0
0.0
0.0
0.0
0.0
0.0
0.0
0.0
0.0
0.0
0.0
0.0
0.0
0.0
0.0
0.0
0.0
0.0
0.0
0.0
0.0
0.0
0.0
0.0
0.0
0.0
0.0
0.0
0.0
0.0
0.0
0.0
0.0
0.0
0.0
0.0
0.0
0.0
0.0
0.0
0.0
0.0
0.0
0.0
0.0
0.0
0.0
0.0
0.0
0.0
0.0
0.0
0.0
0.0
0.0
0.0
0.0
0.0
0.0
0.0
0.0
0.0
0.0
0.0
0.0
0.0
0.0
0.0
0.0
0.0
0.0
0.0
0.0
0.0
0.0
0.0
0.0
0.0
0.0
0.0
0.0
0.0
0.0
0.0
0.0
0.0
0.0
0.0
0.0
0.0
0.0
0.0
0.0
0.0
0.0
0.0
0.0
0.0
0.0
