0.0
4e-05
4e-05
1e-05
4e-05
4e-05
-8e-05
4e-05
4e-05
-0.00023
4e-05
4e-05
-0.00043999999999999996
4e-05
4e-05
-0.0007099999999999999
3e-05
3e-05
-0.00104
2e-05
2e-05
-0.0014399999999999999
1e-05
1e-05
-0.00189
-2e-05
-1e-05
-0.0024
-7.000000000000001e-05
-5e-05
-0.00297
-0.00013
-0.00013
-0.00361
-0.00017999999999999998
-0.00018999999999999998
-0.0042899999999999995
-0.00024
-0.00026
-0.00505
-0.00037
-0.00037
-0.00586
-0.00052
-0.00052
-0.00674
-0.00063
-0.00065
-0.00767
-0.00078
-0.0008100000000000001
-0.00867
-0.0013
-0.0011799999999999998
-0.00972
-0.00198
-0.0017100000000000001
-0.01083
-0.00227
-0.00247
-0.011770000000000001
-0.0030499999999999998
-0.0035499999999999998
-0.01324
-0.00486
-0.0039700000000000004
-0.014539999999999999
-0.01026
-0.0074
-0.0159
-0.01053
-0.01121
-0.01581
-0.015569999999999999
-0.01829
-0.012110000000000001
-0.00999
-0.01923
-0.01312
-0.0184
-0.02138
-0.01266
-0.00394
-0.00407
0.00964
0.0038900000000000002
0.00256
-0.00394
-0.00779
-0.00528
-0.0097
0.00722
0.01065
0.01431
0.01994
0.0204
0.013309999999999999
0.01701
0.02253
0.0217
0.023809999999999998
0.03241
0.01951
0.01714
0.032170000000000004
0.01799
0.01353
0.026459999999999997
0.01724
0.01311
0.028980000000000002
0.0236
0.01602
0.0276
0.02461
0.02193
0.02896
0.0286
0.026469999999999997
0.02698
0.030219999999999997
0.02664
0.02314
0.0316
0.03367
0.0246
0.0273
0.03572
0.028980000000000002
0.02643
0.030219999999999997
0.02897
0.02839
0.03161
0.03841
0.038450000000000005
0.03986
0.05173
0.040279999999999996
0.03814
0.058179999999999996
0.045270000000000005
0.03048
0.04749
0.044930000000000005
0.02472
0.039209999999999995
0.06139
0.030750000000000003
0.037450000000000004
0.05843
0.03805
0.04034
0.06829
0.06039
0.04457
0.05688
0.04875
0.05406
0.07888
0.06146
0.05869
0.07016
0.07775
0.08306
0.08785
0.08596999999999999
0.05853
0.07097
0.08192
0.09677
0.07991
0.054299999999999994
0.07092999999999999
0.087
0.09955
0.053070000000000006
0.04206000000000001
0.01621
0.0254
0.07772
0.060579999999999995
0.08992000000000001
0.07193
0.02177
0.038149999999999996
0.04141
0.07533000000000001
0.00155
-0.01581
-0.03565
-0.07993
-0.022269999999999998
-0.00201
0.011240000000000002
0.04196
-0.00599
-0.00616
0.01969
0.03905
-0.040190000000000003
-0.04124
-0.03074
0.01537
-0.047380000000000005
-0.053230000000000006
-0.08101000000000001
-0.14337
-0.05339000000000001
-0.03157
-0.01168
0.00321
-0.10024
-0.08559
-0.11939
-0.03089
-0.018959999999999998
-0.0602
-0.0874
-0.1476
-0.10122
-0.0725
-0.09924
-0.14893
-0.09910000000000001
-0.08893000000000001
-0.11807000000000001
-0.17242000000000002
-0.11974
-0.07980000000000001
-0.11851
-0.02048
0.04858
0.00316
-0.01125
-0.0166
0.04279
0.021320000000000002
-0.01019
-0.01313
0.07786
0.02613
0.06716
-0.016810000000000002
0.036840000000000005
0.027970000000000002
0.07509
-0.01997
-0.07333
-0.051050000000000005
-0.01616
-0.10837
-0.20323
-0.14252
-0.1863
-0.08925000000000001
0.01115
0.0042899999999999995
0.02359
0.01302
-0.03612
-0.02767
-0.03868
-0.11753
-0.03622
0.005350000000000001
0.01975
-0.019799999999999998
0.01895
0.07027
0.03304
0.14476
0.24766
0.18183
0.23550000000000001
0.10590999999999999
0.09968
0.13404
0.21722000000000002
0.25398
0.10319
0.11718999999999999
0.08491
0.006939999999999999
0.08201
0.05558
0.08274
-0.017769999999999998
-0.0535
0.0085
0.035699999999999996
0.08922000000000001
-0.04806
-0.06612
-0.07461000000000001
-0.2575
-0.14039
-0.05253
0.0006900000000000001
0.05197
-0.15433
-0.10287
-0.16959
-0.17578
0.0013900000000000002
0.033639999999999996
0.07782
0.15034
0.08605
0.06847
-0.014910000000000001
0.00314
0.18319
0.11041000000000001
0.19751000000000002
-0.03232
-0.01444
0.056139999999999995
0.16843
0.04944
-0.09208
0.02465
0.055830000000000005
0.08175
-0.08798
-0.048150000000000005
-0.07199
-0.17059999999999997
-0.14954
-0.07861
-0.13866
-0.08710000000000001
0.11826
0.14395
0.20568999999999998
-0.06332
-0.11882
-0.03319
0.01322
-0.01643
-0.20239000000000001
-0.06621
-0.17902
0.08842
0.15958
0.07297
-0.00246
-0.17193999999999998
-0.03308
5e-05
-0.01428
-0.16879000000000002
-0.10148
-0.06866
-0.10206
-0.25902000000000003
-0.17294
-0.13813
-0.19198
-0.41058999999999996
-0.18315
-0.10462999999999999
-0.059829999999999994
-0.14661
-0.34236
-0.1821
-0.16749
0.16988
0.12523
0.034300000000000004
0.06280000000000001
-0.08551
-0.1483
-0.08608
-0.18908000000000003
-0.18951
0.07663
0.05593
0.19182
0.01635
-0.14881
-0.05766
-0.00497
0.21153
-0.17007999999999998
-0.11469
-0.11183
0.29498
-0.04445
-0.14262
-0.31037
-0.29646
-0.00615
-0.06089000000000001
-0.040369999999999996
-0.02538
0.09678
0.04048
0.11732
-0.28422000000000003
-0.37893
-0.22774999999999998
-0.11986000000000001
0.24248
-0.12990000000000002
-0.14505
-0.24378
0.13606
0.046349999999999995
-0.10744999999999999
-0.08579
-0.39243
-0.30334
-0.16861
-0.12344
0.06770999999999999
-0.22366
-0.15425
-0.21561
0.08269
0.16549
0.0489
0.059980000000000006
0.36304000000000003
0.15564
-0.00505
-0.03392
-0.33181
-0.35536999999999996
-0.27908
-0.42493000000000003
-0.60729
-0.26448
-0.1981
-0.23047
-0.4722
-0.24455
-0.13049
-0.0977
0.28633
0.2954
0.21688
0.30963999999999997
0.28813
0.09885
0.07242
0.06681
-0.15223
-0.36227
-0.22036
-0.45236
-0.28355
0.1492
0.036000000000000004
0.17992999999999998
-0.09029
-0.34838
-0.13585
-0.23176
0.07679
-0.12465999999999999
-0.16815999999999998
-0.35542999999999997
-0.21329
0.15102000000000002
0.06396
-0.032240000000000005
0.07158
0.31351
0.13388
0.2011
-0.28196
-0.18652000000000002
-0.04627
0.05253
0.12517
-0.0647
0.07553
0.047990000000000005
0.36306
0.17118
0.12651
0.032549999999999996
0.55564
0.3602
0.16896
-0.04697
0.02342
0.43902
0.25422999999999996
0.30079
-0.22878
-0.31848
-0.21236999999999998
-0.3497
-0.37011000000000005
-0.22158999999999998
-0.25833
-0.42884999999999995
-0.46091
0.047400000000000005
0.0258
0.03315
-0.35692
-0.16231
0.05119
0.09337999999999999
0.6439199999999999
0.6980200000000001
0.51213
0.5889099999999999
0.8740000000000001
0.77167
0.51406
0.63085
0.056740000000000006
-0.0016200000000000001
0.21370999999999998
0.40340000000000004
0.47552
-0.17786000000000002
-0.12481999999999999
-0.27245
0.25122
0.48052999999999996
0.18300999999999998
0.12732
-0.22728
0.07496
0.13356
0.37498
-0.16692
-0.34428
-0.12097
0.07945
0.17591
-0.48183
-0.35631999999999997
-0.57857
-0.04293
0.21922999999999998
0.10847
0.28028
0.10421
-0.15769
-0.02538
-0.0069299999999999995
0.52432
0.21745
0.05803
-0.07123
0.18164000000000002
0.54681
0.32397
0.66669
0.047670000000000004
-0.5795600000000001
-0.29447
-0.18955
0.21719999999999998
-0.55452
-0.59019
-0.8962300000000001
-0.79892
-0.21475999999999998
-0.28637
-0.32145
-0.7270099999999999
-0.4268
-0.23112
-0.09935000000000001
-0.6005400000000001
-0.60311
-0.24137
-0.20889
0.46356
0.12258
0.07017999999999999
-0.22015
0.33063000000000003
0.33687
0.03395
-0.11387
-0.50375
-0.21013
-0.15195
-0.38348
-0.8310599999999999
-0.28872
-0.19248
-0.25648
-0.58467
-0.37215000000000004
-0.16018999999999997
-0.27863
0.24203
0.64971
0.33384
0.40076999999999996
-0.08928000000000001
0.16318000000000002
0.26159
0.35406
-0.39935000000000004
-0.69261
-0.3271
-0.35231
0.09452999999999999
0.055540000000000006
0.0555
-0.06927
0.34659
0.28703
0.17998999999999998
0.12484999999999999
0.00884
-0.028210000000000002
0.01975
0.09447
0.8594799999999999
0.31413
0.08092
-0.27654
-0.08483
0.40209000000000006
0.14752
0.01516
-0.28228000000000003
0.21834
0.19369
0.3822
0.63792
0.4108
0.29129
0.23079
0.70505
1.12816
0.75544
1.03232
0.32019
0.40240000000000004
0.54852
0.9906699999999999
0.71711
0.11806
0.32384999999999997
0.49311
0.42673
-0.0397
-0.0471
0.059269999999999996
-0.17001000000000002
-0.71139
-0.35109999999999997
-0.48699
-0.21983
-0.22635000000000002
-0.2727
-0.07198
-0.08933999999999999
-0.4984
-0.19301
-0.25143
0.21828
-0.29242
-0.29271
-0.65374
-0.33058
0.11103999999999999
0.025009999999999998
-0.11694
0.60071
0.47951
0.16729
-0.10303000000000001
0.07014999999999999
0.40081000000000006
0.12298
0.08763
0.11952
0.15518
-0.0035099999999999997
-0.16895
-0.44893
-0.04609
-0.04061
-0.16433
0.36321
0.79824
0.31638
0.42218000000000006
-0.67414
-0.52984
-0.25257999999999997
-0.31349
-0.5022099999999999
-0.08234999999999999
0.09368
0.38322
0.51861
-0.14751
-0.14746
-0.30456
0.3394
0.40364
0.14867
-0.09222
-0.99126
-0.44500999999999996
-0.27653
-0.12935
-0.48546999999999996
-0.68542
-0.43700000000000006
-0.7826900000000001
-0.13862
0.22742
-0.18472999999999998
-0.30053
-0.49076000000000003
0.49173
0.42017000000000004
0.79196
-0.14471
-0.43523
-0.01121
-0.06416000000000001
0.4899
0.5528
0.44222
0.65107
1.30901
1.13351
0.73419
0.9810599999999999
0.28269
-0.21782
-0.03411
0.011470000000000001
-0.58394
-0.72619
-0.5145000000000001
-0.6347200000000001
-0.8778199999999999
-0.24613
-0.09266
0.20254000000000003
0.60515
0.02025
0.07283
0.35017000000000004
0.06465
-0.34875
-0.05102
-0.01859
0.87098
0.38787999999999995
0.18638000000000002
-0.18503
-0.15686999999999998
0.47720999999999997
0.24251
0.54204
-0.00992
-0.32104999999999995
-0.04217
0.12029999999999999
0.42502
-0.22685
-0.24966000000000002
-0.59651
-0.6821299999999999
0.20192
0.24516
0.11217
0.26003
0.81411
0.61924
1.15782
0.92438
0.16134
0.2805
0.17287
0.36125
0.72748
0.47909
0.7041
0.19701000000000002
0.36587000000000003
0.46917000000000003
0.85698
0.47833
-0.09224
0.21672
0.60378
0.80402
0.19289
0.3768
0.48679
0.92181
0.20329
0.17894
0.10858000000000001
0.61744
0.7304999999999999
0.48332
0.89999
0.88863
0.17262
0.17364999999999997
0.31175
-0.26222999999999996
-0.39805999999999997
-0.19147999999999998
0.02213
-0.08141
-0.2615
-0.11037000000000001
-0.08939
-0.62897
-0.13065
0.23036
0.7121
0.76571
-0.13641999999999999
-0.01947
-0.0085
-0.44695999999999997
-0.93525
-0.55616
-0.74225
-1.11128
-0.85421
-0.5073599999999999
-0.6250399999999999
-0.8819400000000001
-0.81341
-0.60275
-0.96652
-0.92809
-0.08764
-0.08263999999999999
-0.207
-0.8206699999999999
-0.2168
-0.03687
0.06731
-0.45555
-0.37014
-0.05801
0.010669999999999999
-0.048799999999999996
-0.53905
-0.27086
-0.49315
0.24486
0.74348
0.53595
0.7359300000000001
0.78684
0.53616
0.45036000000000004
0.60171
-0.02421
-0.20867000000000002
-0.00655
0.22843
0.00357
-0.46415999999999996
-0.19573000000000002
-0.023719999999999998
0.46757
-0.59417
-0.59229
-0.91631
-1.19034
-0.5992000000000001
-0.44223999999999997
-0.41866
-0.96702
-0.62582
-0.22258
-0.18555
0.30569
0.35524
0.35716000000000003
0.70703
1.23077
0.58176
0.43503000000000003
0.6359
0.54817
-0.06991
0.06647
-0.17613
-1.01992
-0.93132
-0.59643
-0.6177
-0.88484
-1.37586
-0.9588899999999999
-1.3570099999999998
-0.27241
-0.0944
-0.44032
-0.78935
-1.20081
-0.06447
-0.05811
0.15405
-0.57465
-0.56275
-0.12951000000000001
-0.08141999999999999
0.09849000000000001
-0.62993
-0.38891
-0.7416800000000001
0.21886
0.40845
0.18992
-0.15278
0.46088
0.36892
0.09473000000000001
-0.04896
0.79208
0.6772
0.19086999999999998
-0.021920000000000002
-0.44648000000000004
0.19508
-0.01068
-0.08775000000000001
-0.6804300000000001
-0.15258
-0.11047000000000001
-0.1272
-0.45142000000000004
0.25137
0.23768999999999998
0.6659999999999999
0.72244
0.43274999999999997
0.53909
0.83908
0.54273
-0.18076
-0.00891
0.10225
-0.33695
-0.7045
-0.16001
-0.11458
0.80605
0.08338
-0.11091
-0.57839
-0.76984
0.00223
-0.0105
0.10830000000000001
0.29888000000000003
-0.09849000000000001
-0.19624
-0.25042000000000003
-1.07821
-1.22746
-0.82753
-1.1767100000000001
-1.33404
-0.77927
-0.49215000000000003
-1.05094
-0.54598
0.20428999999999997
-0.031200000000000002
-0.20464
0.49078000000000005
1.0034
0.5287
0.55729
-0.16966
-0.47729
-0.30877
-0.5788300000000001
-0.7844199999999999
-0.22408999999999998
-0.11467000000000001
-0.35685
0.28541
0.61115
0.26202000000000003
0.020720000000000002
0.43759
1.2991300000000001
0.81657
1.12724
0.1636
-0.23225
-0.16085999999999998
-0.1918
-0.47743
0.27905
0.3488
0.7364700000000001
0.55519
0.02686
0.0956
0.49052
-0.09009
-0.82271
-0.35607
-0.40707
0.62888
0.08128
0.00755
-0.38002
-0.51251
0.56464
0.38067999999999996
0.8022499999999999
0.35723999999999995
-0.3657
-0.0882
-0.4365
-0.27716
0.46042
0.23565999999999998
0.47739
-0.30369
-0.09852
0.02336
-0.04069
-0.7081999999999999
-0.27096
-0.06684
0.28431
-0.76279
-0.64775
-0.15092
0.06783
-0.44573
-0.30561
0.11251
0.38827
0.52449
-0.15533
0.01869
-0.02466
-0.33458
-0.51252
-0.11525
0.13727999999999999
0.49589
-0.54303
-0.31149
-0.8912
0.23596
0.7676999999999999
0.29011
0.30865
-0.7062
-0.0414
-0.00597
0.1387
-0.7156399999999999
-0.83036
-0.402
-0.28847
-0.57441
-0.08047
0.05576
0.33437
-0.24385
-0.78818
-0.21271
-0.10768000000000001
1.16843
0.91834
0.57855
0.8470300000000001
-0.1813
-0.31263
0.07372
0.27425
-0.08341
-0.70919
-0.17944
0.14429999999999998
0.82929
-0.80848
-0.63521
-1.2303
-0.45948
0.17163
-0.08743000000000001
-0.02848
-0.7934300000000001
-0.91014
-0.60909
-0.75394
-1.16333
-0.8956000000000001
-0.43676000000000004
-0.55817
0.9103100000000001
0.9861
0.36097999999999997
0.43331000000000003
-0.37427999999999995
-0.8639100000000001
-0.40765999999999997
-0.50238
0.35073
0.07085
-0.19872
-0.5909
-0.22856
0.13973000000000002
-0.016
-0.26405
0.03939
0.77508
0.49207
0.89188
1.3328499999999999
0.878
0.62292
0.9777
0.92034
0.40066
0.35673
0.47167000000000003
-0.00722
-0.0229
0.08236
0.32583
0.02477
-0.7326600000000001
-0.32791
-0.18283000000000002
-0.48152
-1.23514
-0.83979
-1.35697
-0.34978000000000004
-0.13072
-0.44021
-0.61381
-0.91471
-0.35159999999999997
-0.39198
-0.45128999999999997
-1.14611
-0.56392
-0.31120000000000003
-0.19272999999999998
-0.72667
-0.49643
-0.11460000000000001
0.08206
1.05931
0.26007
0.21966000000000002
0.21156
1.07678
0.7745799999999999
0.46194
0.67889
0.70313
-0.28614
-0.18567
-0.59434
-0.16396999999999998
0.27762
0.02128
0.37951
0.018269999999999998
-1.00814
-0.75985
-1.2298
-0.41789000000000004
-0.23768999999999998
-0.46384000000000003
-0.8767499999999999
-1.15685
-0.38911
-0.39030000000000004
-0.3782
0.57628
0.28667000000000004
-0.00524
-0.19002
0.21826
0.87894
0.36345999999999995
0.5259199999999999
-0.60872
-0.35124
-0.013879999999999998
0.16936
0.63836
0.55593
0.50193
0.69882
1.03254
0.5534
0.49048
0.84961
1.08631
0.13345
0.18922999999999998
0.24719999999999998
-0.51273
-1.1478
-0.71934
-1.14646
-0.6084499999999999
-0.16444
-0.29986
-0.47509999999999997
-1.20283
-1.06113
-0.83646
-1.05165
-1.28559
-0.78242
-0.45691000000000004
-0.71493
-0.011240000000000002
0.55252
0.16933
0.10571
-0.6493099999999999
-0.28767
-0.07929
-0.21773
0.11019
0.6415900000000001
0.31202
0.38645
-0.66547
-0.10961
0.19807
0.66416
0.7505
0.00651
-0.01877
0.14809
-0.35796999999999995
-0.53809
-0.18088
0.04657
-0.03094
-0.28332999999999997
0.02114
0.33237
-0.20652
-0.9285899999999999
-0.32795
-0.50537
0.55145
0.18891
0.11972
-0.08548
0.1246
0.67872
0.41031999999999996
0.76358
0.69435
-0.09207000000000001
0.0383
0.21137
-0.42361
-0.85263
-0.56409
-0.5467
-1.24789
-1.24553
-0.5298700000000001
-0.54543
0.48679
0.09687
0.044829999999999995
0.03564
0.4703
-0.07056
-0.06996000000000001
-0.10117000000000001
0.40134000000000003
-0.24248999999999998
-0.12648
-0.22593
0.92566
0.20542000000000002
-0.17751
-0.69174
-0.95329
-0.23916
-0.19215
-0.07731
0.43054000000000003
-0.32156999999999997
-0.40791
-0.8340000000000001
-0.62405
-0.20082
-0.21685
-0.31973
0.29704
0.21446
-0.02536
-0.32789
0.13526
0.0344
-0.05992
-0.07196
0.76
0.54122
0.09658
-0.34950000000000003
-0.6255299999999999
-0.02971
0.024220000000000002
-0.22119
0.11423
0.7637999999999999
0.40131
0.59521
0.40579
-0.24959
-0.21219000000000002
-0.5473899999999999
-0.18523
0.23186
0.014830000000000001
-0.046020000000000005
-0.7391599999999999
-0.83001
-0.47028
-0.8529399999999999
-0.00755
0.35905000000000004
0.1664
0.18713000000000002
0.86194
0.74119
0.50521
0.28905000000000003
0.97681
1.307
0.80972
0.90003
0.32188
0.17329999999999998
0.12191
-0.16263000000000002
-0.8680500000000001
-0.55097
-0.39271999999999996
-0.59756
-0.9932
-0.76866
-0.48382
-0.87127
0.09699999999999999
0.42963999999999997
-0.03246
-0.19943000000000002
-0.27515
0.5827100000000001
0.44155
0.7406100000000001
0.93337
0.34619
0.2822
0.42911
-0.17012
-0.38104
-0.10400000000000001
-0.34131
0.69247
0.48195
0.17273
-0.13354
0.29362
0.60109
0.28865999999999997
0.54522
0.84238
0.08497
-0.18555
-0.44585
-0.72015
-0.46549
-0.46928
-0.68391
-1.15368
-0.48741
-0.31623999999999997
-0.2095
-0.54871
-0.63527
-0.40452
-0.72344
-0.27962
0.3271
0.26533999999999996
-0.004050000000000001
-0.00538
0.5799799999999999
0.48984
0.7903600000000001
1.58266
0.8765900000000001
0.48334000000000005
0.25534
-0.41674
-0.24303
-0.19777999999999998
-0.39812
-1.1091
-0.42866
-0.22921
-0.21065
-0.5947399999999999
-0.97021
-0.5964200000000001
-1.01478
0.27641
0.71351
0.18234999999999998
0.11613
-0.6196200000000001
-0.37961
-0.25637
-0.49194000000000004
-0.48012
0.05903
-0.07652
-0.18411999999999998
-0.44397
0.042539999999999994
-0.06145
0.16815000000000002
-0.2693
-0.72584
-0.39149999999999996
-0.47523000000000004
0.32311999999999996
-0.18455
-0.35878
-0.7352500000000001
-0.54635
0.17037
0.0592
-0.02316
0.013380000000000001
0.022170000000000002
-0.04654
-0.37012
0.07214999999999999
0.91069
0.5090100000000001
0.8200400000000001
0.66781
0.38707
0.42369
0.58534
1.12068
0.46108
0.25635
0.16561
0.06231
0.2564
0.09999000000000001
-0.15295
-0.80226
0.09073
0.24324
0.52583
-0.16613
-0.52264
-0.18762
-0.28104
0.50859
0.65902
0.40525
0.4596
0.50277
0.62415
0.47396
0.81694
0.22742
-0.37886000000000003
-0.009729999999999999
0.14647
0.30587
-0.42406999999999995
-0.4146
-0.7598999999999999
-1.04392
-0.45025
-0.23437999999999998
-0.39322
-0.35893
-0.0874
-0.04545
0.06005
0.53951
-0.16591
-0.20885
-0.49888
0.22127
0.37497
0.09516
-0.19745000000000001
-0.13679
0.6664
0.61873
0.71164
0.93342
0.83581
0.5153099999999999
0.68029
-0.00226
-0.54844
-0.25211
-0.54896
0.08993999999999999
0.44939999999999997
0.19397999999999999
-0.09689
-0.95001
0.00875
0.06703
0.25577
0.38917999999999997
0.02782
0.01533
-0.10920999999999999
-0.7286199999999999
-0.15204
0.05785
0.43334000000000006
0.55584
-0.17971
-0.0986
-0.42839
-0.88741
-0.61236
-0.40535
-0.7039799999999999
-0.90607
-0.05373
0.16111
0.34169
0.65579
-0.29673
-0.2987
-0.76265
-0.25158
0.23888
0.00769
-0.14436
0.24606999999999998
0.35755000000000003
0.16518
0.07327
0.20799
0.6797799999999999
0.44884
0.6349199999999999
0.57569
0.07904
0.04412
-0.25851
-0.22498
0.5331
0.42502
0.86284
1.06541
0.12433999999999999
0.15027
-0.12183
0.91412
0.97444
0.41692
0.5454
0.10439999999999999
0.27551
0.32278
0.6692100000000001
0.43213999999999997
-0.62647
-0.50519
-0.77889
-0.9434699999999999
-0.59549
-0.55747
-0.9622799999999999
-1.17626
-0.2375
-0.1383
0.0018599999999999999
0.5429999999999999
0.48038
0.33299
0.5310900000000001
0.88787
0.43071
0.2334
0.17478000000000002
-0.32819000000000004
0.06831999999999999
0.308
0.40448
1.01574
0.68084
0.45875
0.65565
0.04863000000000001
-0.35502
-0.20414000000000002
-0.22878
-0.70661
-1.28645
-0.84396
-1.17438
-1.63996
-1.22521
-0.98335
-1.5656899999999998
-1.51213
-0.79163
-0.7648
-0.95907
-0.89476
-0.46256
-0.41946
-0.32848999999999995
-0.7870199999999999
-0.82966
-0.43695
-0.76259
-0.21710000000000002
-0.28321999999999997
-0.36861
-0.90275
-0.10424
0.39327
0.00801
-0.32846
-0.11268
0.4096
0.13562
-0.14124
-0.19545
0.14612999999999998
-0.04807
-0.18617
0.20216
0.29448
0.07736
-0.03258
0.9157899999999999
0.87446
0.38343000000000005
0.17274
-0.28271
0.31858000000000003
0.26649
0.043120000000000006
0.30657
0.94174
0.5939800000000001
0.57636
0.64878
0.8676200000000001
0.59075
0.74587
-0.17997
-0.71143
-0.49066000000000004
-0.8774599999999999
-0.59273
0.02673
-0.17454
-0.48029000000000005
-0.6377
0.1745
-0.01607
0.10728
-0.7237699999999999
-0.09393000000000001
-0.01544
0.15914999999999999
-0.57491
-0.5071800000000001
-0.13321
-0.26846
-0.57042
0.28659
0.43826
0.8143600000000001
0.9222
0.17163
0.24693
0.128
0.54827
0.33709000000000006
0.03124
-0.33746000000000004
-1.35863
-0.1127
0.06536
0.38522
-0.52423
-0.40913
0.05464
0.34975
0.7732800000000001
-0.13292
-0.048949999999999994
-0.21576
-0.08161
0.54362
0.5054099999999999
0.6937000000000001
0.5256000000000001
-0.13986
-0.06935
-0.50899
-0.56362
0.31175
0.12141
0.53494
-0.25233
-1.11865
-0.60106
-0.93365
-0.21644
0.0872
-0.13956
-0.41088
-1.05522
-0.43516
-0.21184
-0.30864
-0.04661
0.46135
0.45636000000000004
0.6494199999999999
1.50567
1.00746
0.7628499999999999
0.6905
1.1991100000000001
1.25852
0.9346800000000001
1.26575
1.52565
0.3862
0.25671
-0.14703
0.31990999999999997
0.71449
0.25644
0.12257
-0.6359
0.25697
0.20556999999999997
0.20440000000000003
-0.47224
-0.00314
0.11410999999999999
0.61052
0.52241
0.013049999999999999
0.09910000000000001
-0.03117
-0.65567
-0.16533
-0.01226
0.40027
-0.15416
-1.01317
-0.58807
-1.03477
-0.5561699999999999
0.28473
0.10554999999999999
0.45212
-0.35629
-0.6386
-0.31054
-0.23879999999999998
0.02459
-0.85053
-0.60695
-1.01428
-0.61925
0.017929999999999998
-0.17975000000000002
-0.18511
0.5631
0.16594
-0.08705
-0.36194000000000004
-0.37258
0.44685
0.31495
0.5325
0.71796
0.48779000000000006
0.5186999999999999
0.86271
1.31656
0.09458
0.030289999999999997
-0.5512
0.2541
0.6799599999999999
0.21550999999999998
-0.043429999999999996
-0.34877
0.41514
0.07117
0.18313
-0.56533
-0.52945
-0.27132
-0.35112000000000004
0.60887
0.7077100000000001
0.12475
0.37741
-0.51208
-0.50274
-0.07883
-0.26609
0.727
1.09182
0.66204
1.01272
1.3231899999999999
1.0484900000000001
0.63685
0.88652
0.18571000000000001
-0.05181
0.15622
0.62913
0.93427
0.20870999999999998
0.16736
0.16552
-0.46921
-0.52586
-0.15582000000000001
0.10998
0.96152
0.27498
0.13658
0.05284
0.8712099999999999
0.024329999999999997
-0.27723
-0.54991
-1.32241
-0.55802
-0.56626
-0.85462
-1.08145
-0.54264
-0.40095
-0.40934
-0.42719999999999997
0.46669
0.33966999999999997
0.81499
1.13984
0.22079000000000001
0.22896
0.24666
1.4438900000000001
1.38823
0.8637
1.27535
0.9869199999999999
0.0018599999999999999
-0.0742
-0.23268999999999998
-0.79998
-0.39787999999999996
-0.2688
-0.04758
0.49784999999999996
-0.18956
-0.50154
-0.82026
-1.45496
-0.0776
-0.11470000000000001
0.7313299999999999
0.14958
-0.85991
-0.30146999999999996
-0.16552
0.96596
0.74024
0.39503
0.73009
-0.12380000000000001
-0.26773
0.13105
0.25989
0.84907
0.39426
0.29196
0.68905
0.62716
0.32497
0.28639
0.64503
0.06240999999999999
-0.6965300000000001
-0.26519
0.04231
0.3613
-0.52888
-0.47513
-0.7959900000000001
-1.63996
-0.90835
-0.46604999999999996
-0.45089
-0.9231699999999999
-0.63251
-0.20748999999999998
-0.26519
0.39189
0.32488
0.18018
0.45052
1.1791200000000002
0.72359
0.35703
0.23856000000000002
-0.87627
-0.25723
0.09401999999999999
0.36219
-0.69389
-0.77506
-0.22149999999999997
-0.04539
1.08704
0.49292
0.23907
0.3849
0.35109
0.07774
0.10246000000000001
0.35252
0.0046500000000000005
-0.31388
-0.06428
-0.014070000000000001
-0.71962
-0.28123000000000004
0.04195
0.5987100000000001
0.4018
-0.59103
-0.12601
0.06915
0.51796
-0.39887
-0.25363
-0.16344
-0.142
-0.80152
-0.52074
-0.72033
-0.012450000000000001
-0.24647
-0.14615999999999998
-0.15518
0.66649
0.60869
0.43178
0.67
0.4932
-0.12339
0.09192
-0.23236
0.8063400000000001
1.27986
0.9843000000000001
1.29119
1.21381
0.54127
0.51199
0.6927500000000001
0.575
-0.59083
-0.3375
-0.80821
-0.19949000000000003
0.07035
-0.06121000000000001
-0.17864000000000002
-0.53776
-0.39665999999999996
-0.29288000000000003
-0.63804
-1.03506
-0.56819
-0.25976
-0.5056
0.31495999999999996
1.14442
0.74198
0.9656600000000001
0.88027
0.37239
0.31605
0.34226999999999996
-0.30433
-1.02399
-0.65179
-0.94747
-0.78527
-0.80369
-0.55735
-1.08128
-0.03352
0.14206
-0.24827000000000002
-0.5882999999999999
-0.1618
0.39244
0.18208
0.22797
0.87466
0.75803
0.37193
0.22397999999999998
-0.5985199999999999
-0.51356
-0.23140999999999998
-0.55891
0.49372
0.83781
0.32531999999999994
0.50879
0.5322
-0.19039999999999999
-0.20620000000000002
-0.58634
-0.82392
-0.23478000000000002
-0.2225
-0.44242
-0.34220999999999996
0.20138999999999999
0.16063
0.2082
0.99197
0.43349
-0.00888
-0.00688
-0.66976
-0.88878
-0.55787
-0.976
-0.39035
0.05376
-0.19513999999999998
-0.59438
-0.79789
-0.18944
-0.23402
-0.23363
0.6093999999999999
0.5677
0.34723
0.28132
0.95195
0.63298
0.25892
-0.1508
-0.04385
0.37369
0.0166
-0.20161
-0.25207999999999997
0.2195
0.037599999999999995
-0.15170999999999998
0.41
1.0292400000000002
0.56845
0.85881
-0.05346
-0.43473999999999996
-0.17437000000000002
-0.34384
0.65388
0.80699
0.51893
0.49394
0.70804
0.68573
0.33594999999999997
0.44168
0.3
-0.41967
-0.3029
-0.54417
0.28535
0.4201
-0.01645
-0.3329
-0.13923
0.87503
0.58835
0.98548
0.71604
0.15945
0.22143999999999997
0.33438
0.68723
0.08811999999999999
0.05197
-0.28569
0.23009000000000002
0.90342
0.41873
0.28235
-0.56479
-0.36558999999999997
-0.257
-0.43986
-0.91628
-0.15994999999999998
-0.14639
-0.12724
-0.7573000000000001
-0.53637
-0.31812
-0.56267
-0.55454
0.34952
0.26835000000000003
0.28215
-0.3811
0.04626
0.13945
0.18108000000000002
-0.46070999999999995
-0.17289000000000002
0.14808
0.23768
0.14615999999999998
-0.20825
-0.13374
-0.51719
0.037599999999999995
0.9918
0.6770900000000001
1.0175
0.58966
0.43957
0.47997999999999996
0.60097
-0.12457000000000001
-0.38445999999999997
-0.06992
-0.11898999999999998
0.15859
0.37262
0.21502
0.18406
-0.41509
-0.06767000000000001
0.21614
0.59004
0.7923
0.0663
-0.00213
-0.19139
-0.92003
-0.48172
-0.10614000000000001
-0.01584
0.29282
0.58419
0.5404599999999999
0.81581
0.9856
0.48777000000000004
0.36469
0.51554
0.12517
0.18186
0.24642
0.44862
-0.34091
-0.7270399999999999
-0.31622
-0.21622
-0.41845
-0.50965
-0.28915
-0.10183999999999999
-0.07094
-0.62635
-0.45417
-0.58754
-0.61924
-0.21999
-0.02035
0.21370999999999998
0.10732
-0.43611
-0.23681000000000002
-0.30346
0.13043
-0.10026
-0.04234
0.12694
0.49922
-0.32092
-0.19841
-0.3957
0.37670000000000003
0.24226
-0.06019
-0.41345
-1.11726
-0.32072
-0.17027
-0.16111
-0.036629999999999996
-0.10980000000000001
0.016
0.19198
0.56165
-0.12607
-0.16909
-0.52617
0.00462
-0.18623
-0.31516
-0.8585200000000001
-0.53167
0.2883
0.01486
-0.24853999999999998
-0.5660499999999999
0.14317
0.02105
0.052469999999999996
-0.07724
-0.0030499999999999998
-0.07966000000000001
-0.24420000000000003
-0.21622
-0.10061
-0.0833
-0.05852
0.55333
0.09995
-0.21954
-0.70601
-0.85725
-0.34229
-0.38114
-0.62371
-0.38942
0.35597999999999996
0.21695
0.43418999999999996
0.7689
0.27661
0.13604
-0.09986
0.5700999999999999
1.0702
0.5792
0.57696
0.32586
0.4042
0.29128
0.39289
-0.15638
-0.09119
0.0998
0.13304
0.63959
0.08063000000000001
-0.20042000000000001
-0.5988600000000001
-0.71476
0.43536
0.2848
0.54225
0.08138999999999999
-0.16225
-0.05947
-0.09476000000000001
-0.41947
-0.26333
-0.09161
-0.06621
0.06386
-0.31088
-0.28547
-0.8141700000000001
-0.53111
0.26256
0.11522
0.14483000000000001
0.44750999999999996
0.37268999999999997
0.05854
-0.18322
-0.5433100000000001
0.02973
-0.05072
0.04366
-0.24103000000000002
-0.01614
0.03594
-0.06606
-0.41113999999999995
0.23115
0.21047000000000002
0.47082999999999997
0.52941
0.33846
0.33701000000000003
0.57664
0.90096
0.28313
0.32565
0.37307
0.94003
0.99895
0.6606799999999999
0.83848
0.2029
-0.16612
0.08584
0.08709
-0.10388
-0.0558
-0.06083
-0.030139999999999997
-0.6552
-0.6547
-0.43256999999999995
-0.60121
-0.8562000000000001
-0.68684
-0.52393
-0.68997
-1.01404
-0.40792
-0.20348
-0.03327
0.45106999999999997
-0.31329
-0.28709
-0.68035
-0.38845999999999997
0.08471999999999999
-0.11646000000000001
-0.33946
-0.47625999999999996
-0.20223
-0.24329
-0.45574
-0.41446
-0.09823
-0.28525
-0.58163
-0.84038
-0.09106
-0.19249
-0.29725999999999997
-1.0212
-0.33411
-0.16993
-0.29308
-0.08749000000000001
0.51976
0.39164
0.5533899999999999
0.9437000000000001
1.0969
0.69928
0.92084
0.50979
0.51329
0.53766
0.82377
0.01389
-0.22249
0.11518
0.38534
0.6529600000000001
-0.13330999999999998
-0.07968
-0.43444000000000005
-0.32203000000000004
0.53747
0.36258
0.6722499999999999
-0.02952
-0.11946
0.18303999999999998
0.4397
0.14866
-0.14844
-0.04781
0.00534
-0.6186200000000001
-0.6485299999999999
-0.30061
-0.55399
-0.75361
-0.19862
-0.014830000000000001
0.16283999999999998
-0.44183
-0.8318300000000001
-0.46462000000000003
-0.72247
0.00436
0.12401999999999999
-0.0108
-0.19746
-0.63496
0.00095
0.11840999999999999
0.01773
-0.40409
-0.26115
-0.06172
-0.15541
0.19748000000000002
0.82705
0.59222
0.51258
-0.10371999999999999
0.3289
0.48231999999999997
0.84595
0.41773000000000005
-0.22928
-0.07522999999999999
-0.12909
-0.165
-0.45082
-0.28995
-0.62839
-0.68818
-0.05194
-0.1441
-0.1446
-0.8174800000000001
-0.93411
-0.52997
-0.73556
0.05519
0.46241
0.20856000000000002
0.26644
0.54202
0.49237000000000003
0.32462
0.18053
-0.20704999999999998
0.2026
0.21894
0.42125999999999997
0.81171
0.4241
0.12704000000000001
-0.23315999999999998
-0.91411
0.16507000000000002
0.10382999999999999
0.47483
0.044829999999999995
-0.38670000000000004
-0.09894
0.00513
0.72513
0.24674
0.017689999999999997
-0.00886
0.44427
0.7128700000000001
0.55067
0.6136699999999999
0.85625
1.08791
0.77873
1.2183599999999999
0.63676
0.53124
0.57209
0.93072
0.8841899999999999
0.25509
0.28301
0.63704
0.48164
-0.15575
-0.06516
0.21343
0.32228999999999997
-0.61714
-0.56099
-0.54157
-0.77071
-0.7617400000000001
-0.53631
-0.48497
-1.0629
-0.86929
-0.56839
-0.38838
-0.6078399999999999
-0.88203
-0.60635
-0.87907
-0.17257
0.39253
0.23142
0.65107
0.545
-0.22515000000000002
-0.20873999999999998
-0.10855000000000001
-0.16598
-0.80267
-0.5815
-0.80535
-0.7848
-0.11521
-0.08928000000000001
0.12777
0.20773
-0.45878
-0.3099
-0.51406
0.02461
-0.1052
-0.2298
-0.16097999999999998
0.78869
0.07811
-0.25346
-0.6153
-0.36887000000000003
-0.056369999999999996
-0.36216000000000004
-0.52156
-0.88846
-0.29197
-0.22587
-0.25367999999999996
-0.07101
0.29923
0.21838999999999997
0.3398
0.9882899999999999
0.53307
0.18761
-0.07103
0.37774
0.79083
0.28515
0.26550999999999997
-0.62497
-0.07824
-0.04218
0.04146
-0.5582699999999999
-0.45143
-0.38345
-0.40590000000000004
-0.6111099999999999
0.39256
0.33694
0.70748
0.53214
0.56945
0.65352
1.23324
0.8798999999999999
0.29549
0.49306
0.84199
0.889
0.49195
0.52396
0.75447
0.19816
-0.2059
0.03877
0.28687999999999997
0.0373
-0.13593
0.04507
0.30726
0.11571
-0.33954
-0.16681
0.03056
-0.22923
-0.37581000000000003
-0.07117
0.28759
-0.38637
-1.14782
-0.66432
-0.86658
-0.8902800000000001
-0.63141
-0.43686
-0.55538
-0.55596
0.00912
0.06003
0.33541
0.019110000000000002
-0.0226
0.23122
0.6563500000000001
0.77161
0.015960000000000002
0.11529
0.26625
-0.03268
-0.21489
0.04842
0.25714
0.23956
-0.28812
-0.10013
-0.03216
-0.37144
-0.63873
-0.30820000000000003
-0.12045
0.24638000000000002
-0.37378
-0.18732
-0.24677
0.34946
0.20117000000000002
0.15102000000000002
0.25379
0.43249000000000004
0.001
0.07351
0.16036
0.46303
-0.37656
-0.39515999999999996
-0.78512
-1.10131
-0.60624
-0.49225
-0.7136100000000001
-0.47987
-0.11851
-0.20722000000000002
-0.28126
-0.63427
-0.31489
-0.19282
-0.14662
0.11814
0.50204
0.52354
0.73142
1.2664900000000001
0.79688
0.5845600000000001
0.79483
0.56589
0.0452
0.13104
0.20631
0.30077000000000004
-0.35633000000000004
-0.22771
-0.56603
-0.65366
-0.39407
-0.36707
-0.48511000000000004
-0.26383
-0.14195
-0.22643999999999997
-0.38114
0.01636
0.6748099999999999
0.44938
0.7568
0.36212000000000005
0.15567999999999999
0.2821
0.58865
0.54519
-0.20135999999999998
-0.07763
-0.20846
0.42725
0.20495999999999998
0.03421
-0.043250000000000004
-0.51789
-0.14521
-0.0712
0.22952000000000003
0.1388
-0.53433
-0.2468
-0.34049999999999997
0.43185
0.42700000000000005
0.14615
0.30069
-0.040510000000000004
-0.09872
0.12585000000000002
0.2932
0.72494
0.11073000000000001
0.04655
0.13565
-0.10296
-0.36805
-0.14898
-0.13624
0.42999000000000004
0.09643
0.10874
0.16274999999999998
0.49418
-0.11456
-0.10583000000000001
-0.37149
-0.0035499999999999998
0.15849
0.06544
-0.00831
0.61299
0.33119
0.13987
-0.08417
0.35616
0.33456
-0.017669999999999998
-0.15546
-0.30352
-0.054610000000000006
-0.08039
-0.06072
0.39921
0.08628999999999999
-0.02096
-0.213
-0.10782
0.32714
0.07232
-0.04063
0.42016
0.58926
0.31947
0.44171
0.14017
-0.049980000000000004
-0.00487
0.029750000000000002
0.35533000000000003
0.0069299999999999995
-0.15625999999999998
-0.36015
-0.31143
0.00741
-0.1137
-0.21678
-0.49878
0.12891
0.12203
0.23132000000000003
-0.15618
0.14435
0.17386
0.39079
0.27922
-0.00023
0.11044999999999999
0.19928
-0.023889999999999998
-0.18672
-0.049370000000000004
0.03592
0.38315
0.020390000000000002
-0.03997
-0.21921
-0.24096
0.1204
0.02601
0.25967
-0.02117
-0.19559
0.09005
0.38608
0.69426
-0.01224
0.023889999999999998
-0.10794000000000001
0.48384
0.30679
0.10449
-0.06473
0.057460000000000004
0.27881
0.13028
0.34894
0.21982
-0.14112
-0.13341
-0.12112
-0.49598
-0.49589
-0.36189
-0.37567999999999996
-0.7820900000000001
-0.55357
-0.24423999999999998
-0.20285
0.32055999999999996
0.23856000000000002
0.09670999999999999
0.13502
-0.11037000000000001
-0.1999
-0.13907999999999998
-0.19118
-0.52782
-0.40418
-0.15999
-0.01772
0.36784
-0.12584
-0.11337
-0.16066
0.27993
0.16552
0.045739999999999996
-0.06112
-0.49877000000000005
-0.40215
-0.2084
-0.34404
-0.13647
0.10923999999999999
0.09626
0.18342
0.46523000000000003
0.07669
-0.13388
-0.27484000000000003
-0.59053
-0.63394
-0.50347
-0.6807899999999999
-0.8133499999999999
-0.5384899999999999
-0.41807
-0.57388
-0.51376
-0.25614000000000003
-0.26881
-0.35908
0.12711
0.29586
0.08457
0.11155
-0.16292
0.07269
0.10752
0.22876000000000002
0.02535
-0.3038
-0.18742
-0.37021
-0.53683
-0.42731
-0.27789
-0.41411000000000003
0.16215
0.14667
-0.00813
-0.08961999999999999
0.26164000000000004
0.20713
0.01238
-0.09646
-0.18721
0.07046999999999999
0.07991
0.02054
0.00945
0.15259999999999999
0.07153999999999999
0.04694
-0.20501000000000003
-0.23616
-0.09199
-0.27387
0.19847
0.49085
0.21995
0.17839
-0.46845
-0.3997
-0.21760000000000002
-0.39399999999999996
-0.42253999999999997
-0.15103999999999998
-0.03396
-0.09731999999999999
0.22481
0.16917000000000001
-0.03656
-0.24506
-0.47540999999999994
-0.27349
-0.19519999999999998
-0.40456000000000003
-0.18184999999999998
-0.0070599999999999994
-0.15642
-0.34722000000000003
-0.28267
0.13609
0.00569
-0.11123
-0.06902
0.30844
0.16004000000000002
0.1518
-0.17721
0.30183
0.37067999999999995
0.6015999999999999
0.89429
0.63008
0.48325
0.46381
0.52101
0.49351999999999996
0.3843
0.53977
0.37117
0.12992
0.12922
0.19638999999999998
-0.10865999999999999
-0.4048
-0.27964
-0.43353
-0.21914
0.13708
0.08276
0.17579
-0.24696
-0.20687
-0.11351000000000001
-0.10299
-0.03273
0.02847
0.1246
0.21597000000000002
0.47834000000000004
0.30516
0.22588999999999998
0.34853
0.48506
0.030270000000000002
0.05409
-0.14587999999999998
0.21658999999999998
0.23617000000000002
0.042480000000000004
0.05126
-0.00994
0.26442
0.27353
0.39341000000000004
0.48201
-0.03073
-0.07603
-0.2183
0.00128
0.26476
0.16751000000000002
0.20384
0.66078
0.58396
0.31113
0.36504
0.007169999999999999
-0.09204000000000001
-0.009389999999999999
0.09187
0.5373100000000001
0.25836
0.14611000000000002
0.07545
0.17088
0.46513
0.35569
0.47741
0.7167100000000001
0.467
0.3431
0.44125
0.03232
-0.12343
-0.03769
0.00292
0.35497999999999996
-0.03257
-0.1666
-0.42355
-0.74827
-0.22571000000000002
-0.24542999999999998
-0.12249
-0.5929800000000001
-0.51648
-0.26706
-0.25638
-0.10291
-0.34700000000000003
-0.27819
-0.34963
-0.05276
0.1859
0.10016
-0.06221
0.07005
0.41148
0.16044
0.201
-0.5651700000000001
-0.35194000000000003
-0.11038
0.013080000000000001
0.061900000000000004
-0.26899
-0.16818000000000002
-0.21982
0.07327
-0.12591
-0.2749
-0.52424
-0.69304
-0.36335999999999996
-0.25672
-0.34213
-0.29802
0.10702
0.11341
0.23251999999999998
0.51143
0.25972
0.13121
-0.00041
0.2933
0.67686
0.40094
0.5899
0.18228000000000003
0.15489
0.26221
0.49024999999999996
0.30021000000000003
-0.11932000000000001
-0.07676999999999999
-0.18257
-0.40293999999999996
-0.26634
-0.19635999999999998
-0.10124000000000001
-0.37402
-0.56159
-0.41079
-0.42112
-0.79649
-0.9002899999999999
-0.62246
-0.86245
-0.59972
-0.30548
-0.29301
-0.36633000000000004
-0.1414
0.1197
0.06424
0.02119
0.07466
0.37605
0.27311
0.38337000000000004
0.06299
-0.01431
0.04591
0.07238
-0.24757
-0.31806999999999996
-0.17168
-0.34584000000000004
-0.27127
0.06602999999999999
0.04506
0.03624
-0.37201
-0.19652999999999998
-0.07517
0.010129999999999998
-0.03365
-0.29042
-0.17617000000000002
-0.29757
0.01693
0.3782
0.24047999999999997
0.33437
-0.22848
-0.16699000000000003
0.06626
0.18533999999999998
0.30117
-0.25675000000000003
-0.18061
-0.37766
-0.09666000000000001
0.16655999999999999
0.0696
-0.03047
0.12707000000000002
0.38927
0.25527
0.39862000000000003
-0.06659
-0.36427
-0.16638000000000003
-0.25936
0.1909
0.32857
0.21822
0.33808
0.44270000000000004
0.06978
-0.06559999999999999
-0.23032
-0.58562
-0.46683
-0.32819000000000004
-0.43207999999999996
-0.56264
-0.1827
-0.12147999999999999
0.0125
0.27393999999999996
-0.14493999999999999
-0.08807999999999999
-0.29936
0.02828
0.24140999999999999
0.04808
-0.025249999999999998
0.15
0.43998
0.36156999999999995
0.48874
0.80013
0.47286
0.26227
0.35014
0.39337000000000005
-0.0143
-0.03987
-0.1426
0.06055
0.061829999999999996
-0.01871
0.06018
0.12589
-0.31445
-0.33197000000000004
-0.6098899999999999
-0.29352
-0.0431
-0.21957000000000002
-0.36866
-0.51634
0.14127
0.06457
0.24763000000000002
0.30009
-0.10005000000000001
-0.08858
-0.09525
0.10533
0.0216
-0.05909
-0.11369
0.22072
-0.03705
-0.14303000000000002
-0.37877000000000005
-0.32263
-0.01989
-0.13641
-0.25368999999999997
-0.00947
0.24817
-0.01905
-0.0431
-0.14348
0.15414
0.02008
0.07400999999999999
-0.36617
-0.23009000000000002
-0.06187
-0.08986000000000001
0.05302
0.34226999999999996
0.22042
0.35414
0.5278499999999999
0.27205999999999997
0.12185
0.01675
-0.32154000000000005
0.06887
0.06526
0.31726
0.00893
-0.16582999999999998
-0.07186
0.04103
-0.09298999999999999
-0.40277
-0.28888
-0.36555
-0.66214
-0.38396
-0.19322
-0.13937
-0.07717
-0.19754000000000002
-0.12179999999999999
-0.13913999999999999
0.34240000000000004
0.23903
0.014539999999999999
-0.07666
-0.56594
-0.17697
-0.15758
-0.11598000000000001
-0.6581199999999999
-0.48467
-0.26045
-0.20714
-0.32797
-0.37807
-0.28294
-0.36341999999999997
-0.11236
0.031869999999999996
-0.0030399999999999997
0.058410000000000004
0.37649
0.53823
0.36562
0.60668
0.21525
-0.05295
0.12256
0.32199
0.21119
-0.04688
0.10215999999999999
0.19869
0.46840000000000004
0.028380000000000002
0.013600000000000001
-0.11985
0.01311
0.24867
0.15246
0.34590000000000004
-0.01585
-0.41856000000000004
-0.19186
-0.31665
-0.16732
-0.07386999999999999
-0.11179
-0.11775000000000001
-0.40213
-0.32667
-0.15678
-0.33171
-0.24672
0.16111999999999999
0.1902
0.261
0.62268
0.61087
0.41812
0.45770000000000005
0.20024999999999998
0.13407
0.27077
0.37715000000000004
0.66065
0.33470999999999995
0.26143
0.08548
0.20933
0.33997999999999995
0.14448
0.04972000000000001
-0.41445
0.17193000000000003
0.23702
0.43579999999999997
0.25205
-0.10421
-0.03778
0.059770000000000004
-0.08289999999999999
-0.28416
-0.20431999999999997
-0.35648
-0.43327
-0.23402
-0.16599
-0.27394999999999997
-0.48578000000000005
-0.11799
-0.00136
0.17647
0.43469
0.04625
-0.006860000000000001
-0.20572
-0.24552
0.30551
0.22392
0.33692999999999995
-0.04883
0.11097
0.24283000000000002
0.40839
0.07319
-0.10705999999999999
0.02846
0.14776999999999998
0.22045
-0.12344
-0.09374
-0.20390999999999998
-0.60938
-0.53023
-0.35204
-0.34941
-0.44708
-0.19150999999999999
-0.00664
0.14496
0.09185
-0.33724
-0.19756
-0.33941000000000004
-0.09615
0.15749000000000002
0.17633
0.30524999999999997
0.54809
0.05857999999999999
-0.00559
-0.16532
-0.27118
-0.15965
-0.19760999999999998
-0.35811
-0.58016
-0.30293
-0.26297
-0.20135999999999998
-0.50225
-0.67066
-0.44223
-0.62827
-0.21835000000000002
0.026389999999999997
-0.11936999999999999
-0.22418
-0.21694
0.12324
0.10796
0.1243
0.37744999999999995
0.51266
0.37287
0.57941
0.23305
0.01935
0.1174
0.2076
0.57182
0.32776000000000005
0.26868
0.332
0.28933
0.13654
0.12384
0.19389
0.0425
-0.08021
0.08990999999999999
0.11158
0.42651000000000006
0.17257999999999998
0.052809999999999996
0.07690000000000001
-0.25562
-0.53794
-0.34436
-0.5243099999999999
-0.13792
0.00932
-0.12352
-0.18464
-0.3917
-0.3611
-0.25229
-0.39242
-0.36805
-0.17873
-0.14265
-0.2
0.28684
0.24254
0.03703
-0.11477
-0.14374
0.12227
-0.03305
-0.15735
-0.48311
-0.14236000000000001
-0.0786
-0.049100000000000005
0.36167
0.38795
0.25809
0.35455
0.5526
0.46673000000000003
0.31554
0.36549
0.50473
0.47899
0.43921999999999994
0.60555
0.79803
0.56973
0.44841000000000003
0.46186
0.64866
0.50307
0.28711
0.3936
0.00577
-0.13287000000000002
-0.03896
-0.02749
-0.20929999999999999
-0.048979999999999996
0.01924
0.12821
0.19121
0.05697
0.10804
0.24169000000000002
0.25286000000000003
0.0008500000000000001
0.051550000000000006
0.07564
0.30853
0.1562
0.06544
0.07211000000000001
-0.28447
-0.3298
-0.23623999999999998
-0.30357
-0.54067
-0.36646
-0.22484
-0.16295
0.09563
-0.0654
-0.11503000000000001
-0.09159
-0.22016
-0.08123
0.005620000000000001
0.05483
0.25129
0.12185
0.047569999999999994
0.14515
-0.11246
-0.39921
-0.23922000000000002
-0.33574
-0.0034300000000000003
0.09529
-0.01506
0.02243
-0.05146
-0.26312
-0.20937999999999998
-0.31016
-0.11077
0.07828
0.02871
0.12756
0.41612000000000005
0.29113
0.17556999999999998
0.22096
0.46553
0.27042
0.09227
0.07031
-0.28881
-0.13385
-0.06756999999999999
0.09388
0.14574
-0.25255
-0.12548
-0.1937
0.14199
0.13701
-0.00017999999999999998
-0.01973
0.13341
0.16888999999999998
0.10752
0.10832000000000001
-0.01962
0.20654
0.18292999999999998
0.32719000000000004
-0.00738
-0.19693000000000002
-0.0722
-0.05376
-0.21488
-0.35252
-0.21396
-0.3557
-0.1368
0.10343999999999999
0.06392
0.11128
0.12098
0.056909999999999995
0.09998
0.10331
0.32137
0.32814
0.25364000000000003
0.25031
0.43823
0.53567
0.38897
0.54503
0.44737000000000005
0.17887
0.17701
0.20332999999999998
0.10622
-0.10973000000000001
-0.030139999999999997
0.006919999999999999
0.23446
0.08042999999999999
0.00882
-0.07331
0.01367
0.21664999999999998
0.1383
0.21853
-0.09725
-0.10369
-0.030449999999999998
-0.0034999999999999996
-0.11266999999999999
-0.02508
0.060129999999999996
0.20417000000000002
0.37857999999999997
0.024900000000000002
-0.01122
-0.031939999999999996
-0.25223
-0.33582
-0.15584
-0.19471
0.048209999999999996
0.17791
0.12129
0.11413000000000001
0.10053000000000001
0.032
0.07531
0.03162
0.10996
0.21101
0.19436
0.27235
0.37406999999999996
0.039529999999999996
0.03739
-0.10907
0.18218
0.33024000000000003
0.14666
0.09376
-0.04753
0.10346
0.11085
0.19563
0.28792
0.16815999999999998
0.14727
0.17329999999999998
0.0475
-0.0041199999999999995
0.025779999999999997
-0.0712
0.11498
0.28345
0.18951
0.30333
0.28612
0.13964000000000001
0.07817
0.02189
-0.16677
0.02544
0.054880000000000005
0.19135000000000002
-0.00976
-0.08275
0.00091
0.07603
0.1054
-0.17112
-0.10154999999999999
-0.07332
-0.14762
-0.2202
-0.16939
-0.28702
-0.47487999999999997
-0.37
-0.21111999999999997
-0.30145
-0.18577000000000002
0.06394
0.00551
0.09422000000000001
0.18093
-0.07388
-0.04665
-0.10162
-0.22024000000000002
-0.15544
-0.15702
-0.23221
-0.40209000000000006
-0.28106000000000003
-0.18488
-0.30475
-0.31308
-0.06421
-0.09881999999999999
-0.00313
-0.07490000000000001
-0.37339
-0.26227
-0.40602
-0.13929
-0.026840000000000003
-0.14191
-0.22094999999999998
-0.30393000000000003
-0.12552
-0.09909000000000001
-0.17636
-0.16449999999999998
0.00752
-0.00924
0.00796
0.18715
0.23009000000000002
0.14185999999999999
0.17920000000000003
0.41098
0.29467
0.13244
0.16501000000000002
-0.05364
-0.04622
0.0212
0.07212
0.31501
0.26722
0.15953
0.276
0.15037
0.03479
0.0506
0.06444
0.12802
0.03929
0.02918
0.12296
-0.0732
-0.20018999999999998
-0.06638
-0.04131
0.16127
-0.08416
-0.07200000000000001
-0.15519
-0.06504
-0.10083
-0.14929
-0.23586
-0.24372
0.04482
0.034820000000000004
0.0209
-0.13901
0.02359
0.02911
0.12871
0.08182
-0.06346
0.00402
0.05006
0.1405
-0.02641
0.00588
-0.026269999999999998
0.18951
0.15607
0.0812
0.03572
-0.24705
-0.17922999999999997
-0.08891
-0.09926
0.09242
0.058499999999999996
0.01284
0.01917
-0.05649
-0.19335000000000002
-0.20419
-0.31284
-0.4365
-0.19260000000000002
-0.15900999999999998
-0.23534
-0.22045
-0.09038
-0.08556
-0.059109999999999996
-0.22576000000000002
-0.19577000000000003
-0.09826
-0.11756
-0.00134
-0.0009299999999999999
-0.03764
-0.16253
-0.07352
0.22875
0.13704
0.23759
-0.073
-0.14515
-0.06572
-0.0275
-0.11002
-0.31251999999999996
-0.21355000000000002
-0.30722
-0.12648
-0.11871999999999999
-0.1149
-0.19296
-0.15548
0.01833
0.0264
0.04719
0.33716
0.21895
0.09455
-0.0305
-0.06987
0.22283
0.12714
0.22514
0.06309000000000001
0.02445
0.07582
0.14683
0.30863
0.036699999999999997
-0.01605
-0.13175
-0.05577
0.15075
0.09827
0.13315
0.22324000000000002
0.20962
0.15289999999999998
0.20532
0.2668
0.22039999999999998
0.13401
0.23440999999999998
0.17202
-0.07994
-0.07767
-0.0123
-0.12689
-0.36433
-0.26963000000000004
-0.42392
-0.23352
-0.04893
-0.10563
-0.08234999999999999
-0.15167999999999998
-0.01927
0.02303
0.1139
0.16332999999999998
-0.08744999999999999
-0.06459
-0.14551
0.049800000000000004
0.21895
0.07045
0.11369
-0.24877
-0.3059
-0.2109
-0.23558
-0.34735999999999995
-0.46444
-0.33248
-0.43616
-0.16939
0.00924
-0.040970000000000006
-0.11559
-0.1186
0.1234
0.11827
0.1685
0.39185000000000003
0.25765
0.16384
0.15468
0.34496000000000004
0.44445
0.32889
0.42073
0.47024
0.27317
0.17434000000000002
0.15051
-0.15206
-0.14686
-0.042539999999999994
0.07647999999999999
0.30879
0.12104
0.08062
0.08353999999999999
0.10458
-0.047380000000000005
-0.06598
-0.14483000000000001
-0.22798
0.04609
0.03924
0.15079
0.0032500000000000003
-0.16425
-0.04518
-0.00822
0.23913
-0.016
-0.0304
-0.08254
0.15103
0.10221999999999999
0.02265
-0.046180000000000006
-0.051070000000000004
0.1514
0.12555
0.12788
0.05191
0.23242000000000002
0.20535
0.33709000000000006
0.21815
-0.046529999999999995
-0.02254
0.01671
-0.04414
-0.26803
-0.20132999999999998
-0.35951
-0.35019
-0.13113
-0.11037000000000001
-0.11731
-0.043890000000000005
0.09707
0.11672
0.183
0.24376
-0.034769999999999995
-0.027080000000000003
-0.10192
0.11548
0.22375
0.15728
0.10821
0.26404
0.22622
0.04995
0.00417
-0.26951
-0.22454999999999997
-0.15502000000000002
-0.1759
0.021629999999999996
-0.045970000000000004
-0.0814
-0.15503999999999998
-0.04294
0.12646000000000002
0.050570000000000004
0.06886
0.27863
0.1955
0.09124
0.051719999999999995
0.025539999999999997
0.25872
0.20888
0.34304
0.41845999999999994
0.16462
0.08123
0.00866
-0.28906
-0.1691
-0.06666
-0.00179
0.20913
0.14594
0.12121
0.12342
0.23037
0.21803
0.13912000000000002
0.22646
0.19675
0.07528
0.0737
0.07739
-0.21709
-0.10637
-0.03852
0.00454
-0.13308999999999999
-0.22035
-0.15575
-0.22460999999999998
-0.38065
-0.22851
-0.1489
-0.08285999999999999
-0.07535
-0.16674
-0.10231
-0.075
0.04147
-0.19165
-0.15494
-0.29969
-0.31405
-0.10069
-0.09094
-0.11556
0.09157
0.02513
-0.05453
-0.14127
-0.18999
-0.0786
-0.14689
-0.23384
-0.31107
0.00333
0.01103
0.0907
0.13365
-0.021640000000000003
-0.08074999999999999
-0.09586
-0.29212
-0.06555
-0.023119999999999998
0.03972
0.00941
-0.11603
-0.08267
-0.10836
-0.33441000000000004
-0.24492999999999998
-0.12805999999999998
-0.06727999999999999
0.21823
-0.025699999999999997
-0.10654999999999999
-0.20562000000000002
-0.37131000000000003
-0.11036
-0.03582
-0.00445
0.13229
0.11631999999999999
0.10768000000000001
0.24768
0.3704
0.09082000000000001
0.051390000000000005
-0.00628
0.14615999999999998
0.04883
-0.02062
-0.04151
-0.31425000000000003
-0.15242
-0.0788
-0.018520000000000002
0.026539999999999998
-0.2024
-0.124
-0.21757
-0.026789999999999998
0.11871000000000001
-0.01226
0.08392
0.00664
-0.21469000000000002
-0.08864000000000001
-0.18213000000000001
0.08047
0.21282
0.08277
0.11051
-0.05065
-0.09869
-0.05268
-0.0904
0.09085000000000001
0.07161
0.00891
0.07792
0.13853
-0.0726
-0.10708999999999999
-0.28392
-0.30746
-0.00475
-0.0279
0.047220000000000005
0.13645
0.00936
0.03928
0.031139999999999998
0.27434000000000003
0.22986
0.13093
0.1734
0.32204
0.22213000000000002
0.08634
-0.0258
-0.20639
-0.0051
-0.00166
0.07164
-0.10481
-0.08644
-0.01406
0.058019999999999995
0.19916
-0.08919
-0.09653
-0.17971
-0.26041000000000003
-0.21326
-0.15656
-0.26622
-0.041260000000000005
0.04061
0.00502
-0.006730000000000001
0.14592
0.0873
0.00491
-0.09768
0.05795
0.13093
0.02496
-0.01789
-0.08975
0.054450000000000005
0.05956
0.08002000000000001
0.31997
0.19746
0.11703
0.029449999999999997
0.23585
0.25055
0.050170000000000006
-0.06378
-0.16562000000000002
0.19313
0.17980000000000002
0.24372
0.23699
0.18471
0.1096
0.17271
0.18286999999999998
-0.10361000000000001
-0.10503
-0.25596
-0.10455
0.06226
-0.0292
-0.12484999999999999
-0.16344999999999998
0.1942
0.15775
0.19984000000000002
0.17618999999999999
0.09731999999999999
0.061200000000000004
0.07058
0.29172
0.23048
0.11378
0.02696
0.05253
0.23408
0.12143000000000001
0.11148999999999999
-0.26652000000000003
-0.11053
-0.04548
-0.038220000000000004
0.01881
0.055229999999999994
0.01641
0.0014000000000000002
-0.08128
0.13232
0.12908
0.12167
-0.048780000000000004
0.14275000000000002
0.13738
0.2225
0.00443
-0.05484
0.01876
0.04462
0.19632000000000002
0.13473000000000002
0.09148999999999999
0.07389
-0.17297
-0.01191
0.04223
0.12
0.03836
-0.18632
-0.11710000000000001
-0.20829999999999999
-0.12317
0.10951000000000001
0.06937
0.10318
0.14581
0.18795
0.14986
0.22052
0.17964
-0.00015
-0.03055
0.01107
-0.12465
-0.2528
-0.13385999999999998
-0.1985
0.05962
0.11233
0.01836
-0.030590000000000003
0.00121
0.13928000000000001
0.06777
0.07876
0.020640000000000002
0.17876
0.15825
0.28973
0.30534
0.20065000000000002
0.16613
0.2409
0.14861000000000002
-0.06903
-0.03147
0.0016
0.08972
-0.0944
-0.08155
-0.1885
-0.15957000000000002
0.12273999999999999
0.11683
0.21003
0.29411000000000004
0.21847000000000003
0.1603
0.21329
0.18715
0.07522000000000001
0.06019
0.1281
0.09518
-0.01054
-0.00817
-0.08036
-0.18609
-0.06627
-0.07384
-0.06253
-0.27308
-0.17971
-0.09619
-0.03229
0.11914
-0.01149
-0.048760000000000005
-0.0688
-0.15214
0.00613
0.015569999999999999
0.07395
-0.06788999999999999
-0.11672
-0.05097
-0.07013
0.017079999999999998
0.12657
0.08089
0.15797
0.00493
-0.052430000000000004
-0.03653
-0.00649
-0.14948
-0.16466999999999998
-0.06878000000000001
-0.04089
0.12541
0.15705
0.09783
0.16718
0.08596
0.07243000000000001
0.09285
0.17366
0.05591
-0.01778
0.04182
0.14926999999999999
0.09739
-0.11721999999999999
-0.048940000000000004
-0.028069999999999998
0.06554
-0.02735
-0.03018
-0.05497
-0.20487
-0.15710000000000002
-0.09083999999999999
-0.032170000000000004
-0.07457
-0.12210000000000001
-0.06584
-0.03671
-0.14698
-0.29843
-0.20851
-0.28368
-0.12314
-0.063
-0.11233
-0.14255
-0.27876
-0.14691
-0.07658000000000001
-0.06955
0.010209999999999999
0.07747
0.06234
0.13477
0.25037
0.16419
0.10991
0.16875
0.18181999999999998
0.11628999999999999
0.12584
0.19712
0.20589
0.08019
0.08338
0.13167
0.12942
-0.01926
0.00892
-0.01794
0.15236
0.13305
0.06909
0.14709
0.0892
-0.06752
-0.04069
-0.03211
-0.04936
-0.08381
-0.062
-0.0738
-0.04099
0.02374
0.036469999999999995
0.11535000000000001
0.07427
-0.08321999999999999
0.00368
0.0008100000000000001
0.21106000000000003
0.06413
-0.011000000000000001
-0.10904
-0.12107
0.04859
0.042030000000000005
0.04518
0.0706
0.18382
0.12602
0.20544
0.07876999999999999
-0.05574
-0.005809999999999999
-0.00929
-0.05535
-0.06766
-0.042539999999999994
-0.10856
-0.09951
0.04823
0.04668
0.07027
0.13273
0.12154999999999999
0.07969
0.1011
-0.06833
-0.04502
0.03473
0.08028
0.2302
0.14224
0.10265
0.12778
0.02859
-0.02638
-0.009689999999999999
-0.04417
-0.06202
0.03142
0.0446
0.10382999999999999
0.00449
-0.07751000000000001
-0.016200000000000003
0.01266
0.13293
0.03392
-0.00745
0.00762
-0.10727
-0.15733
-0.08836000000000001
-0.08893000000000001
-0.07694
-0.01226
0.047439999999999996
0.11403
0.21155000000000002
0.06695000000000001
0.07124
0.08686999999999999
0.16690000000000002
0.02242
0.05096
0.03386
0.18363
0.17425999999999997
0.11767
0.07450999999999999
0.05493000000000001
0.10872
0.08673
0.12686999999999998
0.15578
0.05713
0.022949999999999998
0.03008
-0.07925
-0.12617
-0.06847
-0.10404
-0.21396
-0.10301
-0.06078
-0.08183
-0.07958
-0.08393
-0.06045
-0.09051000000000001
-0.016819999999999998
0.084
0.0467
0.08512
0.00265
-0.04407
-0.01497
-0.01697
-0.17873
-0.15881
-0.09191
-0.061020000000000005
0.031059999999999997
-0.08236
-0.07843
-0.13805
-0.19384
0.00976
0.02298
0.09621
-0.02089
-0.12603
-0.044199999999999996
-0.03649
0.03212
-0.1417
-0.12465999999999999
-0.15689
-0.08717000000000001
-0.10916000000000001
-0.10186999999999999
-0.18345
-0.08372
-0.012809999999999998
-0.05591
-0.11006
-0.14528
-0.02406
-0.0040999999999999995
0.02552
0.17684999999999998
0.14212
0.09230000000000001
0.10612
0.12906
0.01859
-0.00655
-0.06604
-0.01253
0.03315
-0.02101
-0.042359999999999995
-0.02121
0.07945
0.033639999999999996
0.08372
0.00826
-0.08137
-0.056150000000000005
-0.04402999999999999
-0.13963
-0.12444000000000001
-0.05423
-0.03397
0.17082999999999998
0.1333
0.09439
0.11433
0.14928
0.07254
0.02891
0.05483
-0.04428
-0.10275000000000001
-0.03001
-0.01595
0.06631999999999999
-0.09707
-0.08736000000000001
-0.17187999999999998
-0.10981
-0.00544
-0.00359
-0.00061
0.15955
0.11821
0.05638
0.01729
0.06297
0.10992
0.04227
0.05524
-0.08999
-0.09369999999999999
-0.06623
-0.09263
-0.2195
-0.22579000000000002
-0.16449000000000003
-0.20962
-0.15733
-0.09742
-0.09347
-0.16168
-0.06242
0.010700000000000001
-0.02229
-0.054400000000000004
0.07447
0.16741
0.08622
0.11255000000000001
-0.04913
-0.08393
-0.05453
-0.08141999999999999
-0.0866
-0.02302
0.00045
-0.044180000000000004
0.049240000000000006
0.04881
-0.01031
-0.08801
-0.036680000000000004
0.15667999999999999
0.1272
0.18134
0.3094
0.24072
0.16766999999999999
0.19683
0.12013
0.07678
0.06875
0.09257
0.09949
0.06799000000000001
0.05856
0.02487
-0.13452999999999998
-0.11652
-0.06825
-0.10412
-0.01779
0.060629999999999996
0.0297
0.03292
0.13963
0.14612999999999998
0.07794
0.12144
0.021920000000000002
0.02117
0.042460000000000005
0.08651999999999999
-0.0602
-0.16044
-0.08858
-0.13214
0.01295
0.034390000000000004
0.0007599999999999999
-0.00898
0.05623
-0.0137
-0.03601
-0.07168000000000001
-0.11644
-0.0483
-0.00111
-0.02023
0.17533
0.17442
0.10837999999999999
0.04968
0.08124
0.20088
0.12078
0.10775
0.168
0.2227
0.13720000000000002
0.15808
0.06353
0.04473
0.029249999999999998
0.05694
-0.08959
-0.12437
-0.062400000000000004
-0.08769
0.10086
0.07807
0.03794
0.00713
0.11469
0.21326
0.15401
0.16911
0.21071
0.2094
0.12425000000000001
0.18422999999999998
0.11257999999999999
-0.00167
-0.00967
-0.052649999999999995
-0.14374
-0.051699999999999996
-0.05484
-0.014530000000000001
-0.11871000000000001
-0.17635
-0.11076000000000001
-0.16163
-0.04621
0.01472
-0.02464
-0.05009
-0.04872
0.12859
0.10798999999999999
0.20513
0.2053
0.028820000000000002
0.04063
-0.009300000000000001
0.06621
0.20403
0.1143
0.17183
0.02839
0.01812
0.05634
0.07986
-0.01201
-0.03324
0.02754
0.06451
0.18374
0.0669
0.01076
-0.01138
-0.14859999999999998
-0.11817
-0.07052
-0.13955
-0.11226000000000001
-0.007980000000000001
-0.03787
-0.048150000000000005
-0.22666
-0.20841
-0.17687999999999998
-0.23412
-0.22710999999999998
-0.10462999999999999
-0.10311999999999999
-0.14539
-0.10051
0.051070000000000004
0.006670000000000001
0.04294
-0.07807
0.054189999999999995
0.054299999999999994
0.09384
-0.04316
-0.01554
0.022160000000000003
0.06721
-0.01905
-0.00963
0.04134
0.12127
0.16909
-0.05061
-0.048600000000000004
-0.03999
0.06878999999999999
-0.03688
-0.06297
-0.07668
-0.20913
-0.08346999999999999
-0.01659
0.04764
-0.05148
-0.14775
-0.05902
-0.08005000000000001
0.10641
0.07681
0.0383
-0.01069
0.13964000000000001
0.2764
0.16888000000000003
0.24257
0.10657
0.054580000000000004
0.07485
0.14404
0.08893000000000001
-0.02484
0.01886
0.040999999999999995
0.00887
-0.04059
0.004030000000000001
-0.014459999999999999
0.11916
0.0978
0.06901
0.054189999999999995
0.17445
0.19939
0.10758
0.13038
-0.0147
-0.00293
0.04626
0.10984
0.20531
0.05457
0.06813
0.06924000000000001
0.24780000000000002
0.18392
0.11196999999999999
0.09960000000000001
0.19190000000000002
0.23897
0.18999
0.20933
0.23786000000000002
0.23124
0.17282
0.25318999999999997
0.14818
0.0701
0.07167
0.09992000000000001
-0.01743
-0.14807
-0.10856
-0.14693
-0.18795
-0.01735
-0.004079999999999999
-6e-05
-0.11156
-0.028050000000000002
0.02226
0.10112
0.04386
-0.02258
0.03411
0.10171
0.16319
-0.00497
-0.0008799999999999999
-0.0216
-0.17061
-0.14417
-0.11252000000000001
-0.13971
-0.30139
-0.30477
-0.19687000000000002
-0.23032
-0.18913
-0.11314
-0.09505000000000001
-0.056029999999999996
0.06692000000000001
-0.05704
-0.0512
-0.11507999999999999
-0.12142
-0.015349999999999999
-0.02009
-0.00031
0.10827999999999999
0.04197
0.00487
-0.061500000000000006
-0.08989000000000001
0.028300000000000002
-0.028820000000000002
0.01719
-0.13174
-0.21768
-0.14653
-0.19149000000000002
-0.09695000000000001
-0.054000000000000006
-0.10174
-0.1108
-0.16293
-0.055439999999999996
-0.03627
-0.03988
0.01088
0.08141
0.0335
0.11262
-0.03118
-0.11074
-0.044059999999999995
-0.01073
0.10098000000000001
-0.05631
-0.08761
-0.13332
-0.18776
-0.07689
-0.06969
-0.05289
-0.07035999999999999
-0.11495
-0.08928000000000001
-0.0729
-0.15299
-0.12659
-0.08741
-0.0554
0.07128999999999999
0.03388
-0.010360000000000001
0.00649
-0.14762
-0.17306000000000002
-0.11942
-0.10125
-0.19136
-0.2028
-0.11426
-0.09386
0.02512
-0.07115
-0.08696
-0.12242000000000001
-0.054509999999999996
-0.055689999999999996
-0.07175
-0.06384000000000001
-0.1782
-0.22283
-0.16913
-0.21937
-0.1285
-0.07547
-0.11647
-0.18337
-0.3361
-0.17723
-0.13266
-0.09585
-0.00732
-0.057460000000000004
-0.055330000000000004
-0.05957
0.08778000000000001
0.05668
0.00209
-0.04076
-0.037970000000000004
0.09068
0.0545
0.09315
-0.02273
-0.05101
-0.01656
-0.00567
0.10861000000000001
0.07150000000000001
0.00449
0.017070000000000002
-0.14273999999999998
-0.14289
-0.11326
-0.12492
-0.21858
-0.20611999999999997
-0.13051000000000001
-0.1407
-0.09627000000000001
-0.021789999999999997
-0.03003
-0.00551
0.00916
0.042359999999999995
0.03555
0.08792
0.03688
-0.07729
-0.06405
-0.05618
-0.14045
-0.15267
-0.09716
-0.10451
-0.00772
-0.04552
-0.07341
-0.09227
-0.17234000000000002
-0.18149
-0.15237
-0.168
-0.16017
-0.06857
-0.04763
0.015029999999999998
0.05643
-0.08585000000000001
-0.09172000000000001
-0.16285
-0.16507000000000002
-0.08166999999999999
-0.09991
-0.08736000000000001
-0.13704
-0.05252
-0.02659
0.04298
0.06634000000000001
-0.08657999999999999
-0.05978
-0.08186
0.03965
0.043570000000000005
-0.014990000000000002
0.03042
0.01081
-0.054000000000000006
-0.02068
0.010069999999999999
0.02228
-0.06067
-0.04427
-0.01233
0.01755
-0.16228
-0.14603
-0.21212
-0.05708
-0.06638
-0.10778
-0.14776999999999998
-0.12407
-0.02113
-0.04134
-0.011439999999999999
-0.07338
-0.1188
-0.06944
-0.07503
0.08535
0.00459
-0.03521
-0.08685000000000001
0.011619999999999998
0.06859
0.021560000000000003
-0.01601
-0.013680000000000001
0.07719000000000001
0.0344
0.04319
-0.00536
-0.06817000000000001
-0.03918
-0.05589
0.07341
0.09076000000000001
0.07367
0.06279
0.14601
0.12242000000000001
0.07135
0.025670000000000002
0.0426
0.09759000000000001
0.05394
0.033170000000000005
0.02537
0.12159
0.09474
0.11294
0.05866
0.034929999999999996
0.03335
0.0379
-0.02059
-0.06501
-0.04106
-0.09129
0.02009
0.0556
0.04425
0.02492
0.08918
0.11537000000000001
0.07043
0.03608
0.06414
0.11069000000000001
0.07123
0.048490000000000005
0.07328
0.11682000000000001
0.08003
0.07039
0.039369999999999995
0.08882999999999999
0.09253
0.09739
0.15904
0.13135
0.08048
0.04398
-0.03483
0.08037000000000001
0.08306
0.08852
0.047400000000000005
0.12132
0.11592000000000001
0.14007
0.05971
0.02186
0.04732
0.00954
-0.01061
0.048029999999999996
0.05116
0.058929999999999996
0.10975
0.14315
0.14739000000000002
0.17294
0.24373
0.20454
0.15454
0.14159
0.034460000000000005
0.10578
0.12266
0.16576000000000002
0.20947
0.14769
0.13297
0.1392
0.07792
0.06734
0.054189999999999995
0.06767000000000001
0.034620000000000005
-0.01328
0.01242
0.01754
-0.00455
-0.022959999999999998
0.006690000000000001
-0.00912
0.08862
0.18724
0.14849
0.19521999999999998
0.11461
0.07
0.09469
0.13888999999999999
0.16175
0.07695
0.08483
0.08066000000000001
0.07631
0.047060000000000005
0.052039999999999996
0.05013
0.08336
0.03232
0.029750000000000002
0.02798
0.07894999999999999
0.01343
0.00695
-0.01907
0.05566
0.11964999999999999
0.09273999999999999
0.08248
0.10682
0.16229
0.11297
0.15063000000000001
0.11397
0.01695
0.012450000000000001
-0.00337
0.02681
0.06851
0.05221
0.04152
-0.00615
0.04075
0.034910000000000004
0.041449999999999994
0.04062
-0.01982
-0.00594
-0.03962
0.06077
0.16428
0.10617000000000001
0.14546
0.07654
0.00764
0.01274
-0.02619
-0.006540000000000001
0.032440000000000004
0.005180000000000001
0.0216
0.03869
0.052270000000000004
0.03773
0.05981
0.09779
0.03998
0.02665
0.00979
-0.042640000000000004
0.02544
0.0329
0.06854
0.18387
0.12922
0.08866
0.09772
0.12855
0.1346
0.08545
0.10147
-0.02665
-0.006770000000000001
0.020550000000000002
0.05778
0.01687
-0.0070799999999999995
0.014150000000000001
0.02681
-0.015349999999999999
0.0018599999999999999
0.01594
0.04675
0.02283
0.0035399999999999997
0.024409999999999998
0.06874
0.02221
-0.09477000000000001
-0.05468
-0.07297
-0.10139
-0.06876
-0.05125
-0.07291
-0.13719
-0.08164999999999999
-0.03514
-0.042480000000000004
-0.029910000000000003
-0.035840000000000004
-0.01111
-0.00781
0.10597
0.07708
0.0388
0.01555
0.10558999999999999
0.10287
0.04734
0.029580000000000002
-0.06446
-0.00156
-0.00612
0.012709999999999999
-0.0040999999999999995
-0.05479
-0.03835
-0.05701
-0.01328
0.01536
-0.00641
-0.02121
0.022639999999999997
0.10534
0.08865
0.13236
0.19432
0.15385
0.11465
0.13648
0.05638
0.07034
0.07231
0.11601
0.09676
0.01213
0.0167
0.01349
-0.0366
-0.04316
-0.02231
-0.005889999999999999
-0.07264999999999999
-0.07007
-0.034820000000000004
-0.0338
-0.06884
-0.05037
-0.00853
-0.01363
-0.00769
0.07428
0.08364
0.11789999999999999
0.11611
-0.0007599999999999999
-0.0007199999999999999
-0.03791
-0.0098
0.046130000000000004
0.02859
0.04776
-0.022240000000000003
-0.05022
-0.03748
-0.045419999999999995
-0.1217
-0.1116
-0.0774
-0.10046
-0.11515
-0.07225
-0.06303
-0.10308999999999999
-0.14124
-0.00116
0.00884
0.05627
0.02238
-0.07162
-0.05183
-0.06247
0.00255
-0.0326
-0.03188
-0.0582
0.0006900000000000001
0.05835
0.026549999999999997
0.009439999999999999
-0.09039
-0.033170000000000005
0.00046
0.00809
0.12073
0.1266
0.05931
0.07175
-0.04457
-0.034460000000000005
-0.012390000000000002
-0.0044
-0.07052
-0.08159000000000001
-0.0575
-0.0989
-0.14984
-0.08778999999999999
-0.06831999999999999
-0.0867
-0.10102
-0.00453
-0.00312
-0.0005099999999999999
-0.09162000000000001
-0.03568
-0.0025700000000000002
-0.01163
-0.02951
0.044480000000000006
0.027120000000000002
0.04994
-0.01727
-0.04011
-0.02448
-0.044610000000000004
-0.11715
-0.014499999999999999
0.01044
0.033549999999999996
-0.06268
-0.05636
-0.02443
0.00243
0.04736
0.016220000000000002
0.028300000000000002
0.07657
0.11926
0.06773
0.053689999999999995
0.06942
-0.026520000000000002
-0.053230000000000006
-0.01757
0.00356
-0.04671
-0.08903
-0.04628
-0.047400000000000005
0.00919
0.041749999999999995
0.03144
0.06704
-0.01762
-0.024990000000000002
0.01269
0.05989
0.07694
-0.025230000000000002
0.00212
0.02085
0.07547
0.04256
0.03698
0.03915
-0.03444
-0.048470000000000006
-0.018779999999999998
-0.00315
-0.051
-0.13579
-0.10581
-0.14759
-0.17192
-0.08599
-0.06564
-0.08813
-0.09553
0.01111
0.01221
0.03714
-0.00982
-0.05849
-0.032170000000000004
-0.012809999999999998
-0.03536
-0.10278000000000001
-0.08055999999999999
-0.12912
-0.08064
-0.021589999999999998
-0.03115
-0.062009999999999996
-0.13234
-0.05950999999999999
-0.06207
-0.062220000000000004
-0.10096999999999999
-0.03527
-0.01095
0.02423
0.10811
0.08103999999999999
0.05972
0.09388999999999999
0.04841
-0.03025
-0.01039
-0.0017699999999999999
0.0072699999999999996
-0.07096
-0.05748
-0.08047
-0.021330000000000002
0.02626
-0.00507
-0.01502
-0.08375
-0.01788
-0.02545
0.01006
-0.124
-0.14666
-0.07232999999999999
-0.05448
0.07425
0.054299999999999994
0.03231
0.05978
0.01784
-0.00729
-0.0051
-0.01053
-0.07461000000000001
-0.07805
-0.052110000000000004
-0.03237
-0.10093
-0.10918
-0.07055
-0.0545
-0.010129999999999998
-0.12693
-0.11978
-0.15843
-0.21670999999999999
-0.14983000000000002
-0.12426999999999999
-0.13983
-0.11892
-0.0875
-0.061340000000000006
-0.06404
0.00561
0.02067
-0.00681
0.00768
0.03064
-0.03012
-0.03365
-0.05473
0.009210000000000001
0.08025
0.04782
0.09747
0.046029999999999995
-0.02054
0.0074399999999999996
0.02452
0.07029
0.01052
-0.01798
-0.019790000000000002
-0.10538
-0.1063
-0.06829
-0.07744
-0.1127
-0.05274
-0.0414
-0.0035199999999999997
-0.00513
-0.05218
-0.05411
-0.04759
-0.14187
-0.12545
-0.0594
-0.00792
-0.01823
-0.10099
-0.04795
-0.05158
0.05102
-0.03305
-0.046310000000000004
-0.08897000000000001
-0.05195
0.0085
-0.01125
0.00745
-0.04503
-0.0821
-0.040279999999999996
-0.022090000000000002
0.04918
-0.07731
-0.10122
-0.17803999999999998
-0.13285
-0.02406
-0.05183
-0.053869999999999994
-0.12897999999999998
-0.060570000000000006
-0.028079999999999997
-0.01569
0.054029999999999995
0.05501
0.023620000000000002
0.028239999999999998
0.00784
-0.009729999999999999
-0.00335
0.00264
0.0723
0.01429
0.01307
-0.00409
0.08304
0.06393
0.01894
-0.00774
0.01654
0.06953999999999999
0.044930000000000005
0.07244
0.14063
0.11202999999999999
0.08259
0.12063
0.11621000000000001
0.048780000000000004
0.03939
0.045899999999999996
0.08343
0.03078
0.00999
1e-05
-0.08064
-0.08297
-0.043949999999999996
-0.03334
0.0466
-0.0027300000000000002
-0.0226
-0.060129999999999996
-0.11007
-0.04285
-0.03248
-0.0519
-0.11236
-0.03094
0.00639
0.02243
0.08089
0.07786
0.06158
0.058390000000000004
0.01838
-0.004030000000000001
0.019030000000000002
-0.02459
0.03643
0.04359
0.024
-0.01448
-0.01988
0.06484
0.048479999999999995
0.019379999999999998
0.0588
0.10691
0.07822
0.07285
0.04593
0.10572
0.09903
0.11635999999999999
0.16073
0.12564
0.10772
0.07516
0.13916
0.17349
0.10617000000000001
0.10554000000000001
0.0027300000000000002
0.0294
0.05518
0.07506
0.11731
0.07275999999999999
0.04504
0.03574
0.0268
0.09755000000000001
0.06858
0.08539999999999999
0.0027900000000000004
0.03773
0.0593
0.11463
0.10246000000000001
0.03183
0.06284
0.08181
0.11784
0.04987
0.049400000000000006
0.06062
0.10215999999999999
0.04681
0.03141
-0.0059299999999999995
-0.009689999999999999
0.07914
0.07264
0.10865999999999999
0.04585
0.05519
0.06583
0.08399
0.11345000000000001
0.04439
0.04641
0.033549999999999996
0.067
0.1383
0.10674
0.15622
0.13043
0.033690000000000005
0.03879
0.0278
-0.04029
-0.01858
-0.01168
0.01493
-0.01456
-0.04283000000000001
-0.00529
-0.011040000000000001
0.04702
0.05115
0.03266
0.06193
0.02257
-0.06496
-0.043680000000000004
-0.06225
0.02434
0.054240000000000003
0.01867
0.03069
-0.06705
-0.04472
-0.0028799999999999997
0.00376
0.03277
0.0057399999999999994
0.009000000000000001
0.03374
0.07450999999999999
0.01786
0.01397
-0.00984
0.05678
0.08539999999999999
0.050039999999999994
0.03741
-0.040519999999999994
0.03433
0.03363
0.05142
-0.02434
-0.00422
0.03195
0.06471
0.04446
-0.0034999999999999996
0.021709999999999997
0.00544
0.02905
0.08698
0.09283
0.12104
0.13583
0.07937
0.07324
0.06422
0.03767
0.09218
0.10223
0.13627
0.13487
0.05704
0.05654
0.04871
0.07566
0.03394
0.01678
0.0013800000000000002
-0.05748
-0.02175
0.00986
0.00437
0.01683
0.06495000000000001
0.06784
0.09125
0.13025
0.13785
0.12272999999999999
0.15472
0.14482
0.11741
0.12467
0.16426
0.17926999999999998
0.11077
0.11218
0.11987
0.07955
0.056900000000000006
0.06075
0.07293999999999999
0.06515
0.03811
0.055549999999999995
0.06817999999999999
0.05653
0.03837
0.04881
0.06746
0.014150000000000001
-0.02667
0.00398
-0.022709999999999998
-0.04195
0.03289
0.04919
0.0771
0.053689999999999995
0.017070000000000002
0.03784
0.0305
0.07269
0.058899999999999994
0.040229999999999995
0.026269999999999998
-0.04692
0.00187
0.013380000000000001
0.034769999999999995
0.022029999999999998
-0.00616
0.004719999999999999
0.0052
-0.047110000000000006
-0.03572
-0.01947
-0.01889
-0.04655
-0.03864
-0.020470000000000002
-0.01477
0.03832
0.01141
-0.00151
0.02145
-0.004739999999999999
-0.028820000000000002
-0.015109999999999998
0.00383
0.0051600000000000005
-0.025070000000000002
-0.02329
-0.01102
-0.048179999999999994
-0.061349999999999995
-0.03754
-0.01744
-0.01966
-0.06431
-0.044050000000000006
-0.03802
-0.07166
-0.13177
-0.11410999999999999
-0.14743
-0.15218
-0.12371
-0.10897
-0.11532
-0.09974
-0.0935
-0.08563000000000001
-0.09701
-0.12313
-0.1143
-0.09601000000000001
-0.12015
-0.11445999999999999
-0.06361
-0.06991
-0.07556
-0.11732
-0.06203
-0.04596
-0.02605
0.0072499999999999995
-0.05366
-0.06474
-0.07533000000000001
-0.08798
-0.11069000000000001
-0.10726000000000001
-0.13538
-0.14111
-0.08311
-0.07544
-0.058440000000000006
-0.04117
-0.09225
-0.09073
-0.10171
-0.048049999999999995
-0.07014999999999999
-0.08417999999999999
-0.11071999999999999
-0.06679
-0.057519999999999995
-0.07755
-0.09745
-0.08988
-0.04843
-0.06570999999999999
-0.0722
-0.08965
-0.052039999999999996
-0.07078999999999999
-0.06083
-0.1107
-0.11118
-0.09107
-0.09094
-0.05652
-0.01973
-0.02939
-0.00151
-0.01989
-0.07833
-0.07107000000000001
-0.09841
-0.12268000000000001
-0.06583
-0.05045
-0.02274
-0.0017699999999999999
-0.04475
-0.05152
-0.05726
-0.03579
-0.04742
-0.054900000000000004
-0.07246000000000001
-0.10529
-0.04851
-0.0414
-0.01299
-0.019110000000000002
-0.04247
-0.025910000000000002
-0.0096
0.03435
-0.01817
-0.03657
-0.04476
-0.06286
-0.04609
-0.04073
-0.0348
-0.012199999999999999
-0.01808
-0.025339999999999998
-0.00337
0.0012
-0.03283
-0.03118
-0.01209
0.02809
-0.01755
-0.01848
-0.007169999999999999
0.01355
0.00023
-0.0005600000000000001
0.02461
0.04408
-0.015260000000000001
-0.02757
-0.02469
-0.04946
-0.05655
-0.05177
-0.0432
-0.08102999999999999
-0.11288000000000001
-0.08874
-0.0922
-0.10699
-0.08241
-0.06827
-0.056769999999999994
-0.00822
-0.058570000000000004
-0.05346
-0.07626000000000001
-0.06534
-0.01498
-0.01873
0.00641
0.045869999999999994
0.0008799999999999999
-0.00647
-0.0045000000000000005
-0.01287
-0.03276
-0.04442
-0.04359
-0.07731
-0.06787
-0.044480000000000006
-0.03989
-0.05341
-0.07761
-0.05195
-0.056749999999999995
0.03994
0.01562
-0.01591
-0.019110000000000002
0.0028499999999999997
0.02476
0.00658
0.0248
-0.01437
-0.02331
-0.00839
-0.00929
-0.03227
-0.02383
-0.01035
0.00873
0.02936
-0.02939
-0.02125
-0.04186
-0.01566
0.03023
0.01546
0.024249999999999997
-0.01623
-0.00674
0.0027500000000000003
0.00432
-0.01528
0.00244
0.02073
0.05005
0.09657
0.03131
0.02316
0.01208
0.024169999999999997
0.03678
0.03838
0.04009
0.08249000000000001
0.09276999999999999
0.08321999999999999
0.11191000000000001
0.09552
0.07279
0.07942
0.10111
0.13599
0.08054
0.07464
0.07427
0.031349999999999996
0.00885
0.02408
0.03954
0.05178
0.00407
0.015609999999999999
-0.01153
-0.01385
-0.005520000000000001
0.0018
-0.020630000000000003
-0.015069999999999998
0.052930000000000005
0.05913
0.06161
0.09731999999999999
0.10751
0.09404
0.08601
0.05196
0.09656
0.09533
0.10382
0.08070000000000001
0.07206
0.08553000000000001
0.11226000000000001
0.1272
0.04547
0.05389
0.01623
0.04272
0.08092
0.06788
0.05431
0.0216
0.0832
0.09538
0.11814999999999999
0.11654
0.07854
0.08804000000000001
0.0795
0.1193
0.12955
0.10181
0.09324
0.06663999999999999
0.06109
0.061829999999999996
0.04843
-0.00082
0.05405
0.06871000000000001
0.08537
0.06651
0.03951
0.06458
0.06343
0.12868000000000002
0.08915
0.07629999999999999
0.0691
0.09527
0.09167
0.07878
0.06454
0.08363
0.12525
0.09792
0.08731
0.02762
0.05742
0.05437
0.07639
0.023399999999999997
0.00454
0.029140000000000003
0.05012
0.09602000000000001
0.051719999999999995
0.0461
0.01916
-0.020419999999999997
0.030590000000000003
0.037200000000000004
0.05141
0.03085
0.01606
0.042960000000000005
0.04506
0.0809
0.06276
0.05427
0.06582
0.07602
0.02699
0.01744
-0.01423
-0.047729999999999995
0.01315
0.01114
0.043550000000000005
0.012809999999999998
-0.01452
0.00453
0.00624
-0.01459
-0.03435
-0.01962
-0.017070000000000002
-0.02178
-0.06765
-0.04904
-0.05566
0.0035099999999999997
-0.03546
-0.04984
-0.08273
-0.09583
-0.04793
-0.0434
-0.05659
-0.025670000000000002
-0.00555
-0.01573
0.0078000000000000005
0.02336
0.00185
-0.0034899999999999996
0.00459
0.02874
-0.0347
-0.03003
-0.06611
-0.06365
-0.03061
-0.03907
-0.06359
-0.031190000000000002
-0.01643
-0.02818
-0.04195
-0.00912
0.015700000000000002
-0.013819999999999999
-0.026690000000000002
-0.057460000000000004
-0.03161
-0.019039999999999998
-0.02465
0.02888
0.023889999999999998
0.00046
-0.01417
-0.00986
0.03359
0.02342
0.02189
0.05804
0.05573
0.02186
0.01807
-0.052969999999999996
-0.04682
-0.02979
-0.043949999999999996
-0.05857999999999999
0.00395
0.00557
0.01151
0.031869999999999996
0.03879
0.02141
0.01432
0.00455
0.047510000000000004
0.0373
0.060110000000000004
0.00029
0.00431
0.02445
0.04601
0.00863
-0.02746
-0.0084
-0.01398
-0.04775
-0.028820000000000002
-0.013819999999999999
-0.015260000000000001
-0.03066
0.011080000000000001
0.026539999999999998
0.02947
0.00228
0.02633
0.034780000000000005
0.059480000000000005
0.04072
0.017929999999999998
0.028919999999999998
0.039169999999999996
0.02942
0.00292
0.01803
0.010169999999999998
0.03884
0.0425
0.028300000000000002
0.03335
-0.0017100000000000001
-0.01529
-0.00507
-0.009300000000000001
0.00419
0.021419999999999998
0.01776
0.02834
0.01458
0.01129
0.014830000000000001
0.021869999999999997
0.032029999999999996
0.01845
0.01829
0.02282
0.0168
0.00927
0.010289999999999999
0.01447
0.00028000000000000003
8e-05
0.01006
0.01394
0.02099
0.0072699999999999996
0.00701
0.00457
-0.00078
0.00344
0.0066500000000000005
0.0066300000000000005
0.006500000000000001
0.01242
0.01428
0.01509
0.0086
0.00569
0.00759
0.008020000000000001
0.01284
0.00757
0.00611
0.00517
0.00166
0.00291
0.0055000000000000005
0.00542
0.00567
0.00664
0.005719999999999999
0.006500000000000001
0.00567
0.0034899999999999996
0.00361
0.0028599999999999997
0.00266
0.0026
0.0023699999999999997
0.0024
0.0010299999999999999
0.00067
0.00079
0.00048
0.00063
0.00025
0.00015
0.00014000000000000001
0.00015
2e-05
4e-05
1e-05
0.0
0.0
0.0
0.0
0.0
0.0
0.0
0.0
0.0
0.0
0.0
0.0
0.0
0.0
0.0
0.0
0.0
0.0
0.0
0.0
0.0
0.0
0.0
0.0
0.0
0.0
0.0
0.0
0.0
0.0
0.0
0.0
0.0
0.0
0.0
0.0
0.0
0.0
0.0
0.0
0.0
0.0
0.0
0.0
0.0
0.0
0.0
0.0
0.0
0.0
0.0
0.0
0.0
0.0
0.0
0.0
0.0
0.0
0.0
0.0
0.0
0.0
0.0
0.0
0.0
0.0
0.0
0.0
0.0
0.0
0.0
0.0
0.0
0.0
0.0
0.0
0.0
0.0
0.0
0.0
0.0
0.0
0.0
0.0
0.0
0.0
0.0
0.0
0.0
0.0
0.0
0.0
0.0
0.0
0.0
0.0
0.0
0.0
0.0
0.0
0.0
0.0
0.0
0.0
0.0
0.0
0.0
0.0
0.0
0.0
0.0
0.0
0.0
0.0
0.0
0.0
0.0
0.0
0.0
0.0
0.0
0.0
0.0
0.0
0.0
0.0
0.0
0.0
0.0
0.0
0.0
0.0
0.0
0.0
0.0
0.0
0.0
0.0
0.0
0.0
0.0
0.0
0.0
0.0
0.0
0.0
0.0
0.0
0.0
0.0
0.0
0.0
0.0
0.0
0.0
0.0
0.0
0.0
0.0
0.0
0.0
0.0
0.0
0.0
0.0
0.0
0.0
0.0
0.0
0.0
0.0
0.0
0.0
0.0
0.0
0.0
0.0
0.0
0.0
0.0
0.0
0.0
0.0
0.0
0.0
0.0
0.0
0.0
0.0
0.0
0.0
0.0
0.0
0.0
0.0
0.0
0.0
0.0
0.0
0.0
0.0
0.0
0.0
0.0
0.0
0.0
0.0
0.0
0.0
0.0
0.0
0.0
0.0
0.0
0.0
0.0
0.0
0.0
0.0
0.0
0.0
0.0
0.0
0.0
0.0
0.0
0.0
0.0
0.0
0.0
0.0
0.0
0.0
0.0
0.0
0.0
0.0
0.0
0.0
0.0
0.0
0.0
0.0
0.0
0.0
0.0
0.0
0.0
0.0
0.0
0.0
0.0
0.0
0.0
0.0
0.0
0.0
0.0
0.0
0.0
0.0
0.0
0.0
0.0
0.0
0.0
0.0
0.0
0.0
0.0
0.0
0.0
0.0
0.0
0.0
0.0
0.0
0.0
0.0
0.0
0.0
0.0
0.0
0.0
0.0
0.0
0.0
0.0
0.0
0.0
0.0
0.0
0.0
0.0
0.0
0.0
0.0
0.0
0.0
0.0
0.0
0.0
0.0
0.0
0.0
0.0
0.0
0.0
0.0
0.0
0.0
0.0
0.0
0.0
0.0
0.0
0.0
0.0
0.0
0.0
0.0
0.0
0.0
0.0
0.0
0.0
0.0
0.0
0.0
0.0
0.0
0.0
0.0
0.0
0.0
0.0
0.0
0.0
0.0
0.0
0.0
0.0
0.0
0.0
0.0
0.0
0.0
0.0
0.0
0.0
0.0
0.0
0.0
0.0
0.0
0.0
0.0
0.0
0.0
0.0
0.0
0.0
0.0
0.0
0.0
0.0
0.0
0.0
0.0
0.0
0.0
0.0
0.0
0.0
0.0
0.0
0.0
0.0
0.0
0.0
0.0
0.0
0.0
0.0
0.0
0.0
0.0
0.0
0.0
0.0
0.0
0.0
0.0
0.0
0.0
0.0
0.0
0.0
0.0
0.0
0.0
0.0
0.0
0.0
0.0
0.0
0.0
0.0
0.0
0.0
0.0
0.0
0.0
0.0
0.0
0.0
0.0
0.0
0.0
0.0
0.0
0.0
0.0
0.0
0.0
0.0
0.0
0.0
0.0
0.0
0.0
0.0
0.0
0.0
0.0
0.0
0.0
0.0
0.0
0.0
0.0
0.0
0.0
0.0
0.0
0.0
0.0
0.0
0.0
0.0
0.0
0.0
0.0
0.0
0.0
0.0
0.0
0.0
0.0
0.0
0.0
0.0
0.0
0.0
0.0
0.0
0.0
0.0
0.0
0.0
0.0
0.0
0.0
0.0
0.0
0.0
0.0
0.0
0.0
0.0
0.0
0.0
0.0
0.0
0.0
0.0
0.0
0.0
0.0
0.0
0.0
0.0
0.0
0.0
0.0
0.0
0.0
0.0
0.0
0.0
0.0
0.0
0.0
0.0
0.0
0.0
0.0
0.0
0.0
0.0
0.0
0.0
0.0
0.0
0.0
0.0
0.0
0.0
0.0
0.0
0.0
0.0
0.0
0.0
0.0
0.0
0.0
0.0
0.0
0.0
0.0
0.0
0.0
0.0
0.0
0.0
0.0
0.0
0.0
0.0
0.0
0.0
0.0
0.0
0.0
0.0
0.0
0.0
0.0
0.0
0.0
0.0
0.0
0.0
0.0
0.0
0.0
0.0
0.0
0.0
0.0
0.0
0.0
0.0
0.0
0.0
0.0
0.0
0.0
0.0
0.0
0.0
0.0
0.0
0.0
0.0
0.0
0.0
0.0
0.0
0.0
0.0
0.0
0.0
0.0
0.0
0.0
0.0
0.0
0.0
0.0
0.0
0.0
0.0
0.0
0.0
0.0
0.0
0.0
0.0
0.0
0.0
0.0
0.0
0.0
0.0
0.0
0.0
0.0
0.0
0.0
0.0
0.0
0.0
0.0
0.0
0.0
0.0
0.0
0.0
0.0
0.0
0.0
0.0
0.0
0.0
0.0
0.0
0.0
0.0
0.0
0.0
0.0
0.0
0.0
0.0
0.0
0.0
0.0
0.0
0.0
0.0
0.0
0.0
0.0
0.0
0.0
0.0
0.0
0.0
0.0
0.0
0.0
0.0
0.0
0.0
0.0
0.0
0.0
0.0
0.0
0.0
0.0
0.0
0.0
0.0
0.0
0.0
0.0
0.0
0.0
0.0
0.0
0.0
0.0
0.0
0.0
0.0
0.0
0.0
0.0
0.0
0.0
0.0
0.0
0.0
0.0
0.0
0.0
0.0
0.0
0.0
0.0
0.0
0.0
0.0
0.0
0.0
0.0
0.0
0.0
0.0
0.0
0.0
0.0
0.0
0.0
0.0
0.0
0.0
0.0
0.0
0.0
0.0
0.0
0.0
0.0
0.0
0.0
0.0
0.0
0.0
0.0
0.0
0.0
0.0
0.0
0.0
0.0
0.0
0.0
0.0
0.0
0.0
0.0
0.0
0.0
0.0
0.0
0.0
0.0
0.0
0.0
0.0
0.0
0.0
0.0
0.0
0.0
0.0
0.0
0.0
0.0
0.0
0.0
0.0
0.0
0.0
0.0
0.0
0.0
0.0
0.0
0.0
0.0
0.0
0.0
0.0
0.0
0.0
0.0
0.0
0.0
0.0
0.0
0.0
0.0
0.0
0.0
0.0
0.0
0.0
0.0
0.0
0.0
0.0
0.0
0.0
0.0
0.0
0.0
0.0
0.0
0.0
0.0
0.0
0.0
0.0
0.0
0.0
0.0
0.0
0.0
0.0
0.0
0.0
0.0
0.0
0.0
0.0
0.0
0.0
0.0
0.0
0.0
0.0
0.0
0.0
0.0
0.0
0.0
0.0
0.0
0.0
0.0
0.0
0.0
0.0
0.0
0.0
0.0
0.0
0.0
0.0
0.0
0.0
0.0
0.0
0.0
0.0
0.0
0.0
0.0
0.0
0.0
0.0
0.0
0.0
0.0
0.0
0.0
0.0
0.0
0.0
0.0
0.0
0.0
0.0
0.0
0.0
0.0
0.0
0.0
0.0
0.0
0.0
0.0
0.0
0.0
0.0
0.0
0.0
0.0
0.0
0.0
0.0
0.0
0.0
0.0
0.0
0.0
0.0
0.0
0.0
0.0
0.0
0.0
0.0
0.0
0.0
0.0
0.0
0.0
0.0
0.0
0.0
0.0
0.0
0.0
0.0
0.0
0.0
0.0
0.0
0.0
0.0
0.0
0.0
0.0
0.0
0.0
0.0
0.0
0.0
0.0
0.0
0.0
0.0
0.0
0.0
0.0
0.0
0.0
0.0
0.0
0.0
0.0
0.0
0.0
0.0
0.0
0.0
0.0
0.0
0.0
0.0
0.0
0.0
0.0
0.0
0.0
0.0
0.0
0.0
0.0
0.0
0.0
0.0
0.0
0.0
0.0
0.0
0.0
0.0
0.0
0.0
0.0
0.0
0.0
0.0
0.0
0.0
0.0
0.0
0.0
0.0
0.0
0.0
0.0
0.0
0.0
0.0
0.0
0.0
0.0
0.0
0.0
0.0
0.0
0.0
0.0
0.0
0.0
0.0
0.0
0.0
0.0
0.0
0.0
0.0
0.0
0.0
0.0
0.0
0.0
0.0
0.0
0.0
0.0
0.0
0.0
0.0
0.0
0.0
0.0
0.0
0.0
0.0
0.0
0.0
0.0
0.0
0.0
0.0
0.0
0.0
0.0
0.0
0.0
0.0
0.0
0.0
0.0
0.0
0.0
0.0
0.0
0.0
0.0
0.0
0.0
0.0
0.0
0.0
0.0
0.0
0.0
0.0
0.0
0.0
0.0
0.0
0.0
0.0
0.0
0.0
0.0
0.0
0.0
0.0
0.0
0.0
0.0
0.0
0.0
0.0
0.0
0.0
0.0
0.0
0.0
0.0
0.0
0.0
0.0
0.0
0.0
0.0
0.0
0.0
0.0
0.0
0.0
0.0
0.0
0.0
0.0
0.0
0.0
0.0
0.0
0.0
0.0
0.0
0.0
0.0
0.0
0.0
0.0
0.0
0.0
0.0
0.0
0.0
0.0
0.0
0.0
0.0
0.0
0.0
0.0
0.0
0.0
0.0
0.0
0.0
0.0
0.0
0.0
0.0
0.0
0.0
0.0
0.0
0.0
0.0
0.0
0.0
0.0
0.0
0.0
0.0
0.0
0.0
0.0
0.0
0.0
0.0
0.0
0.0
0.0
0.0
0.0
0.0
0.0
0.0
0.0
0.0
0.0
0.0
0.0
0.0
0.0
0.0
0.0
0.0
0.0
0.0
0.0
0.0
0.0
0.0
0.0
0.0
0.0
0.0
0.0
0.0
0.0
0.0
0.0
0.0
0.0
0.0
0.0
0.0
0.0
0.0
0.0
0.0
0.0
0.0
0.0
0.0
0.0
0.0
0.0
0.0
0.0
0.0
0.0
0.0
0.0
0.0
0.0
0.0
0.0
0.0
0.0
0.0
0.0
0.0
0.0
0.0
0.0
0.0
0.0
0.0
0.0
0.0
0.0
0.0
0.0
0.0
0.0
0.0
0.0
0.0
0.0
0.0
0.0
0.0
0.0
0.0
0.0
0.0
0.0
0.0
0.0
0.0
0.0
0.0
0.0
0.0
0.0
0.0
0.0
0.0
0.0
0.0
0.0
0.0
0.0
0.0
0.0
0.0
0.0
0.0
0.0
0.0
0.0
0.0
0.0
0.0
0.0
0.0
0.0
0.0
0.0
0.0
0.0
0.0
0.0
0.0
0.0
0.0
0.0
0.0
0.0
0.0
0.0
0.0
0.0
0.0
0.0
0.0
0.0
0.0
0.0
0.0
0.0
0.0
0.0
0.0
0.0
0.0
0.0
0.0
0.0
0.0
0.0
0.0
0.0
0.0
0.0
0.0
0.0
0.0
0.0
0.0
0.0
0.0
0.0
0.0
0.0
0.0
0.0
0.0
0.0
0.0
0.0
0.0
0.0
0.0
0.0
0.0
0.0
0.0
0.0
0.0
0.0
0.0
0.0
0.0
0.0
0.0
0.0
0.0
0.0
0.0
0.0
0.0
0.0
0.0
0.0
0.0
0.0
0.0
0.0
0.0
0.0
0.0
0.0
0.0
0.0
0.0
0.0
0.0
0.0
0.0
0.0
0.0
0.0
0.0
0.0
0.0
0.0
0.0
0.0
0.0
0.0
0.0
0.0
0.0
0.0
0.0
0.0
0.0
0.0
0.0
0.0
0.0
0.0
0.0
0.0
0.0
0.0
0.0
0.0
0.0
0.0
0.0
0.0
0.0
0.0
0.0
0.0
0.0
0.0
0.0
0.0
0.0
0.0
0.0
0.0
0.0
0.0
0.0
0.0
0.0
0.0
0.0
0.0
0.0
0.0
0.0
0.0
0.0
0.0
0.0
0.0
0.0
0.0
0.0
0.0
0.0
0.0
0.0
0.0
0.0
0.0
0.0
0.0
0.0
0.0
0.0
0.0
0.0
0.0
0.0
0.0
0.0
0.0
0.0
0.0
0.0
0.0
0.0
0.0
0.0
0.0
0.0
0.0
0.0
0.0
0.0
0.0
0.0
0.0
0.0
0.0
0.0
0.0
0.0
0.0
0.0
0.0
0.0
0.0
0.0
0.0
0.0
0.0
0.0
0.0
0.0
0.0
0.0
0.0
0.0
0.0
0.0
0.0
0.0
0.0
0.0
0.0
0.0
0.0
0.0
0.0
0.0
0.0
0.0
0.0
0.0
0.0
0.0
0.0
0.0
0.0
0.0
0.0
0.0
0.0
0.0
0.0
0.0
0.0
0.0
0.0
0.0
0.0
0.0
0.0
0.0
0.0
0.0
0.0
0.0
0.0
0.0
0.0
0.0
0.0
0.0
0.0
0.0
0.0
0.0
0.0
0.0
0.0
0.0
0.0
0.0
0.0
0.0
0.0
0.0
0.0
0.0
0.0
0.0
0.0
0.0
0.0
0.0
0.0
0.0
0.0
0.0
0.0
0.0
0.0
0.0
0.0
0.0
0.0
0.0
0.0
0.0
0.0
0.0
0.0
0.0
0.0
0.0
0.0
0.0
0.0
0.0
0.0
0.0
0.0
0.0
0.0
0.0
0.0
0.0
0.0
0.0
0.0
0.0
0.0
0.0
0.0
0.0
0.0
0.0
0.0
0.0
0.0
0.0
0.0
0.0
0.0
0.0
0.0
0.0
0.0
0.0
0.0
0.0
0.0
0.0
0.0
0.0
0.0
0.0
0.0
0.0
0.0
0.0
0.0
0.0
0.0
0.0
0.0
0.0
0.0
0.0
0.0
0.0
0.0
0.0
0.0
0.0
0.0
0.0
0.0
0.0
0.0
0.0
0.0
0.0
0.0
0.0
0.0
0.0
0.0
0.0
0.0
0.0
0.0
0.0
0.0
0.0
0.0
0.0
0.0
0.0
0.0
0.0
0.0
0.0
0.0
0.0
0.0
0.0
0.0
0.0
0.0
0.0
0.0
0.0
0.0
0.0
0.0
0.0
0.0
0.0
0.0
0.0
0.0
0.0
0.0
0.0
0.0
0.0
0.0
0.0
0.0
0.0
0.0
0.0
0.0
0.0
0.0
0.0
0.0
0.0
0.0
0.0
0.0
0.0
0.0
0.0
0.0
0.0
0.0
0.0
0.0
0.0
0.0
0.0
0.0
0.0
0.0
0.0
0.0
0.0
0.0
0.0
0.0
0.0
0.0
0.0
0.0
0.0
0.0
0.0
0.0
0.0
0.0
0.0
0.0
0.0
0.0
0.0
0.0
0.0
0.0
0.0
0.0
0.0
0.0
0.0
0.0
0.0
0.0
0.0
0.0
0.0
0.0
0.0
0.0
0.0
0.0
0.0
0.0
0.0
0.0
0.0
0.0
0.0
0.0
0.0
0.0
0.0
0.0
0.0
0.0
0.0
0.0
0.0
0.0
0.0
0.0
0.0
0.0
0.0
0.0
0.0
0.0
0.0
0.0
0.0
0.0
0.0
0.0
0.0
0.0
0.0
0.0
0.0
0.0
0.0
0.0
0.0
0.0
0.0
0.0
0.0
0.0
0.0
0.0
0.0
0.0
0.0
0.0
0.0
0.0
0.0
0.0
0.0
0.0
0.0
0.0
0.0
0.0
0.0
0.0
0.0
0.0
0.0
0.0
0.0
0.0
0.0
0.0
0.0
0.0
0.0
0.0
0.0
0.0
0.0
0.0
0.0
0.0
0.0
0.0
