-0.0
-1e-05
-1e-05
2e-05
-1e-05
-1e-05
0.00010999999999999999
-1e-05
-1e-05
0.00026
-1e-05
-1e-05
0.00047
0.0
-0.0
0.00074
6e-05
5e-05
0.00108
0.00015
0.00015
0.00147
-2e-05
-0.00016
-0.0013
-0.00029
-0.00031
-0.00203
-0.00054
-0.0006
-0.00302
-0.00218
-0.00048
-0.00046
0.0010299999999999999
0.00164
0.00111
0.00078
0.00145
0.0014099999999999998
0.00127
0.0022400000000000002
0.0017599999999999998
0.00157
0.00356
0.003
0.00262
0.005540000000000001
0.00622
0.00438
0.00549
0.0087
0.00431
0.0020399999999999997
-0.00248
-0.00378
-0.00559
-0.0028199999999999996
-0.0025800000000000003
-0.00442
-0.0027600000000000003
-0.0026
-0.00438
-0.0027
-0.0025800000000000003
-0.00462
-0.00309
-0.00292
-0.005350000000000001
-0.00357
-0.00337
-0.0066
-0.00434
-0.00379
-0.00746
-0.00532
-0.00452
-0.0089
-0.006750000000000001
-0.00577
-0.01057
-0.00756
-0.00728
-0.014379999999999999
-0.01011
-0.012110000000000001
-0.02476
-0.01367
-0.014150000000000001
-0.026520000000000002
-0.020030000000000003
-0.01039
-0.01663
-0.015109999999999998
-0.005889999999999999
0.0124
0.025779999999999997
0.022639999999999997
0.03214
0.02116
0.01944
0.02352
0.022719999999999997
0.0241
0.03619
0.02858
0.03204
0.006540000000000001
0.01706
0.012230000000000001
0.00891
-0.01357
-0.02222
-0.01791
-0.025099999999999997
0.00083
-0.01955
-0.03448
-0.04503
-0.01653
-0.03209
-0.043230000000000005
-0.04982
-0.02965
-0.041769999999999995
-0.052300000000000006
-0.05093
-0.0382
-0.015189999999999999
-0.01829
0.013080000000000001
0.01616
0.00617
0.01309
0.03386
0.030440000000000002
0.01619
0.03306
0.05264
0.05678
0.039220000000000005
0.04172
0.056639999999999996
0.04766
0.0369
0.04829
0.053070000000000006
0.044539999999999996
0.05267
0.06694
0.03992
0.04327
0.07654
0.05793
0.050069999999999996
0.06515
0.05408
0.0395
0.05631
0.08152
0.043789999999999996
0.053099999999999994
0.08782999999999999
0.05909
0.03172
0.07074
0.056029999999999996
0.04346
0.047729999999999995
0.06067
0.05619
0.09786
0.060430000000000005
0.05984
0.05501
0.08407
0.0987
0.09292
0.06198000000000001
0.07116
0.10843
0.10278999999999999
0.0735
0.08676
0.11331
0.096
0.10765000000000001
0.05395
0.04382
0.03834
0.00851
-0.029990000000000003
0.01976
0.01779
0.0027
-0.02114
-0.01974
-0.046239999999999996
-0.034
-0.08381
-0.13069
-0.1161
-0.13658
-0.09881999999999999
-0.09234
-0.12462999999999999
-0.14204
-0.12301000000000001
-0.12487
-0.1143
-0.1009
-0.1377
-0.11013999999999999
-0.09771
-0.15328
-0.14361000000000002
-0.08714000000000001
-0.1151
-0.09917999999999999
-0.02601
-0.028149999999999998
-0.051109999999999996
-0.02897
-0.027370000000000002
0.033319999999999995
0.04594
0.10474
0.09864
0.0098
0.03828
0.0285
0.14246999999999999
0.17389
0.11061
0.12237
0.07729
0.11319000000000001
0.09552
0.14273
0.01644
-0.06443
-0.022690000000000002
-0.04237
-0.10462999999999999
-0.09023999999999999
-0.02475
-0.00121
0.04896
-0.11291000000000001
-0.10237
-0.18178
-0.12678
-0.10083
-0.09866
-0.12574
-0.02387
-0.09963
-0.16169
-0.21359000000000003
-0.11426
-0.03692
-0.10489000000000001
-0.08853
-0.01831
0.02957
-0.058949999999999995
-0.00784
-0.17264
-0.16843
-0.13483
-0.05589
-0.17021999999999998
-0.22555
-0.15492
-0.1213
-0.0984
-0.12304999999999999
-0.05643
-0.01468
0.06343
-0.06522
-0.01722
-0.02848
0.08231
0.02872
0.0007099999999999999
-0.07218
-0.0958
-0.057359999999999994
-0.046079999999999996
-0.073
0.00077
0.04064
-0.004079999999999999
-0.051609999999999996
-0.04237
0.13558
0.1131
0.25017
0.27442
0.11298
0.08463
0.1079
0.03163
-0.07343
-0.01693
0.011770000000000001
0.12168
-0.05322
-0.04099
-0.11971
-0.16018999999999997
-0.10966
-0.05194
-0.0946
0.0059499999999999996
0.10938
0.07695
0.05946
-0.03637
-0.00782
0.01919
0.0054600000000000004
0.09300000000000001
0.11805
0.14598
0.14893
0.25964
0.20819
0.19401
0.11096
0.26911999999999997
0.3689
0.18922
0.23890999999999998
0.37560000000000004
0.21884
0.12704000000000001
0.15474
0.0027300000000000002
-0.07582
-0.05386
-0.11684
0.027069999999999997
0.14841
0.05345
0.09705
0.046
-0.0836
-0.07743
-0.0779
-0.00365
0.00441
-0.03754
-0.02081
-0.18230000000000002
-0.23544
-0.13624
-0.14861000000000002
0.09909000000000001
-0.009300000000000001
-0.05237
-0.12986
-0.12082000000000001
-0.15711
-0.15468
-0.21777999999999997
-0.16667
-0.05773
-0.11506999999999999
-0.20027999999999999
-0.19588
0.02657
-0.03239
-0.07739
-0.19356
0.13519
0.11621000000000001
0.18841000000000002
0.19817
0.30422
0.21051999999999998
0.30861
0.01172
-0.14689
-0.037919999999999995
-0.048339999999999994
0.09598000000000001
0.17862999999999998
0.11189
0.14848
0.18161000000000002
0.04658
0.031030000000000002
0.06045
0.25405
0.1105
0.060309999999999996
0.0634
0.15597
0.08916
0.03234
0.06154
-0.19277999999999998
-0.14517
-0.02306
0.04166
0.25365
0.1931
0.17733000000000002
0.36715000000000003
0.4894
0.153
0.19161
0.18029
0.12082000000000001
-0.08461
-0.06303
-0.18519
-0.07497
0.05928
0.02374
0.01153
-0.32316
-0.2735
-0.24205
-0.3429
-0.48125999999999997
-0.27302
-0.25983
-0.31121
-0.4756
-0.36137
-0.26278
-0.30205
-0.06691
-0.38079
-0.36267000000000005
-0.48283000000000004
-0.028290000000000003
-0.12598
-0.22999
-0.35753999999999997
-0.01692
0.10976000000000001
-0.05042
-0.10937
-0.10546
-0.03519
-0.08256999999999999
-0.17376000000000003
0.06549
0.47301000000000004
0.32632
0.39138
0.33749
0.4522
0.3875
0.45061999999999997
0.21791
0.29739
0.22300999999999999
0.14667
-0.08628
0.27388
0.2529
0.42749000000000004
0.39218000000000003
-0.026869999999999998
-0.02086
-0.23848
-0.32597000000000004
0.02249
0.01528
0.10257999999999999
0.43851
0.42863999999999997
0.13527
0.24151
-0.11845
-0.20954
-0.15271
-0.11571
-0.06615
0.010289999999999999
-0.03867
0.10354
-0.3382
-0.40037999999999996
-0.13816
-0.09154
-0.10321
-0.10316
-0.058230000000000004
-0.12159
-0.26324000000000003
-0.10608000000000001
-0.06927
0.04352
-0.08368
-0.33857
-0.15317
-0.27353
0.07949
0.16881000000000002
0.06938
-0.07613
-0.22916
0.29914999999999997
0.16039
0.29283000000000003
-0.12202
-0.00062
-0.04192
-0.03894
-0.82392
-0.63744
-0.24887
-0.22652999999999998
0.09731
0.05842
-0.0083
0.07622
0.128
-0.0161
0.04721
0.01131
-0.36639000000000005
-0.35638
-0.13361
-0.31833
0.04946
0.14757
0.016220000000000002
-0.11065
-0.38481000000000004
-0.12961
0.00619
-0.09978999999999999
0.1588
0.46885
0.33318
0.3494
0.41924
0.7321599999999999
0.6297200000000001
0.98949
0.99735
-0.00123
-0.08598
-0.49448000000000003
-0.71013
-0.21911999999999998
-0.11177
-0.29953
-0.12132
0.43132
0.24623
0.41052
0.41089
0.47298
0.32720999999999995
0.34914
0.05514
0.06269999999999999
0.07085
-0.02492
0.24603999999999998
0.39807000000000003
0.14329
0.2981
-0.08811
0.015780000000000002
0.00452
0.09275
-0.49808
-0.22819
-0.05448
0.15985
0.41155
0.24894
0.08148999999999999
0.17298
-0.40841
-0.4572
-0.08274
0.02207
0.37725000000000003
0.15113
0.08596999999999999
0.09618
-0.51356
-0.39546
-0.22418
-0.26708
-0.7132200000000001
-0.11494
0.02786
-0.00947
-0.24163
0.14305
0.25066
0.46587
0.026459999999999997
-0.30234
-0.18253
-0.34515
-0.902
-0.041769999999999995
0.14349
0.45701
0.74528
0.49341999999999997
0.30737
0.5031
-0.28036
-0.55604
-0.25993
-0.15711
-0.48174
-0.79813
-0.37468
-0.47495
0.18566
0.20004000000000002
0.07222
0.2415
-0.21191
-0.56458
-0.2187
-0.054329999999999996
0.0828
-0.36262
-0.21506
-0.47752
-0.36955
-0.28190000000000004
-0.18219000000000002
-0.17689
0.36222
0.17735
-0.09038
-0.31952
-0.77461
0.045410000000000006
0.06231
0.2685
-0.07066
-0.45762
-0.33195
-0.44972
-0.03367
0.46915
0.40863999999999995
0.7084900000000001
0.47031999999999996
-0.40067
-0.18072
-0.29417000000000004
0.54667
0.14102
-0.012769999999999998
-0.126
-0.22408
-0.11825
-0.06776
-0.1728
0.26734
0.6649200000000001
0.32695
0.17256
-0.25078
0.58274
0.5190899999999999
0.9909
0.68513
0.65835
0.56289
0.83841
0.48203
0.52355
0.6501399999999999
1.11293
1.21269
0.30607
0.31393
0.56188
0.47912999999999994
0.06524
0.18977
0.53393
0.25032
-0.7489199999999999
-0.40525
-0.35314
0.2889
-0.10237
0.04539
0.28314
-0.00443
-0.78594
-0.34702
-0.48767000000000005
-0.42561
-0.37951
-0.18216000000000002
-0.26991
0.0124
-0.08933999999999999
-0.30144
-0.19535
-0.8181499999999999
-0.63725
-0.30573
-0.13994
-0.12469
-0.28006
-0.05225
0.13657
0.87337
0.44189999999999996
0.31001999999999996
0.54686
0.047439999999999996
-0.54996
-0.23099
-0.31386
-0.045899999999999996
-0.29012
-0.07328
-0.04221
0.51822
-0.02895
0.12079000000000001
0.16276
0.40825
-0.69179
-0.41820999999999997
-0.93281
-0.03902
-0.11319000000000001
-0.39144
-0.7509999999999999
-1.32143
-1.25857
-0.99997
-1.44623
-0.8526
-0.02193
-0.33177
-0.67905
-0.15624000000000002
1.11393
0.55165
0.94946
0.59429
0.18797999999999998
-0.02484
0.15994999999999998
-0.75839
-0.80416
-0.6065
-0.75589
-1.2726600000000001
-0.49343000000000004
-0.04784
0.28421
1.29251
0.65094
0.6615800000000001
0.8097
1.10815
0.45857
0.69087
0.5298700000000001
1.4024100000000002
1.08208
0.8698
0.8007899999999999
1.21184
0.36573999999999995
0.19919
-0.0030399999999999997
-0.26855
-0.25438
-0.35869
-0.7684799999999999
-1.46035
-0.73443
-0.47546
-0.54698
-0.16689
0.00375
-0.24193
-0.32006999999999997
-0.41481999999999997
0.45561999999999997
0.25575
0.81218
0.62686
-0.36058999999999997
-0.1716
-0.25704
-0.67535
-0.63146
-0.28651
-0.41868
-0.7680500000000001
-0.17323
0.12911
0.15869999999999998
0.83733
-0.13788
0.04995
-0.41652
-0.10753
0.13957
0.17623999999999998
-0.12639
-0.0029
0.31223
0.30248
0.14022
0.89428
0.61626
0.30828
-0.22097
-0.10029
0.72065
0.18591000000000002
0.041580000000000006
-0.44547
0.42604
0.30763
0.37599
0.39262
0.06006
0.01011
0.022690000000000002
0.8336100000000001
1.2367700000000001
0.6981100000000001
1.12978
-0.14278000000000002
-0.64583
-0.0501
-0.01417
1.03219
0.24214
0.03746
-0.41920999999999997
-1.24905
-0.8308
-0.6854399999999999
-0.92008
-0.8464499999999999
-0.20946
-0.32618
-0.40926
-0.3945
0.2562
0.01333
0.08631
-1.3344399999999998
-0.84576
-0.37782
-0.29091
0.66025
0.36493000000000003
0.03444
-0.15276
-0.90256
-0.53756
-0.33779000000000003
-0.2813
-0.86749
-0.22245
-0.05611
0.12936
0.84272
0.23702
0.15393
0.13451000000000002
0.09478999999999999
-0.56101
-0.31617999999999996
-0.60638
-0.32697000000000004
-0.29809
-0.23642
-0.41194000000000003
0.26731
0.9531399999999999
0.57576
0.6990099999999999
-0.05312
0.28155
0.21881
0.41776
0.35430999999999996
0.26334
0.30923
0.51956
0.038759999999999996
-0.60412
-0.22458999999999998
-0.42908
-1.0141
-0.28752
0.06477000000000001
0.3129
0.59822
0.27659
0.20895
0.0232
-0.46096
-0.81175
-0.40957
-0.9903
-0.6823699999999999
-0.15163000000000001
-0.19674
-0.57054
-0.66979
-0.08278
-0.11811999999999999
-0.07293999999999999
0.06404
-0.07025
-0.29474
-0.52534
-1.03563
-0.77399
-0.44664000000000004
-0.64598
0.27792
0.08366
-0.20193000000000003
-0.54304
0.06863000000000001
0.4083
0.07184
0.14447
0.30085999999999996
0.8223900000000001
0.39726
0.50014
-0.28332
0.23116
0.25368999999999997
0.5475800000000001
-0.18509
-0.77146
-0.27823
-0.70017
-0.1808
0.31808
0.36497999999999997
0.31922999999999996
1.2039900000000001
1.24891
0.9384
1.17078
1.5574700000000001
0.9295399999999999
0.7533
0.5458700000000001
0.98699
0.66801
0.35713
0.04555
0.6463899999999999
0.9741200000000001
0.36632
0.40452
-0.54009
-0.029079999999999998
-0.028370000000000003
0.3799
-0.21627
-0.32116
-0.30876000000000003
-0.11821
-0.9130800000000001
-0.74736
-0.45488999999999996
-0.19355
-0.66444
-1.09274
-0.6065699999999999
-0.51829
-0.42097
-1.07158
-0.6711199999999999
-1.21227
-0.93853
-0.35463
-0.20797000000000002
-0.37725000000000003
0.65218
0.67896
0.38101
0.21350999999999998
0.60199
0.6114200000000001
0.47561
0.55377
0.72796
0.25245999999999996
0.08796
-0.16652999999999998
-0.19633
0.24539999999999998
0.14721
0.06968
0.34556
0.23210999999999998
-0.03717
-0.2167
-0.54039
-0.51713
-0.58751
-0.80577
-1.3151499999999998
-0.61819
-0.5905400000000001
-0.81184
-0.7362000000000001
-0.17139
-0.26249
-0.28036
-0.08346
-0.042350000000000006
-0.07951
-0.05248
0.78589
1.20756
0.7464700000000001
0.86476
0.76423
0.5747099999999999
0.41340000000000005
0.7026300000000001
1.23219
1.33343
0.95376
1.47466
0.6271
-0.32298000000000004
0.04506
0.13231
0.62806
0.02162
0.02522
-0.26202000000000003
-0.73437
-0.5498299999999999
-0.35461
-0.47148
0.32763
0.72288
0.41517000000000004
0.55315
0.02916
-0.50161
-0.31949
-0.4086
0.061369999999999994
0.16056
-0.13869
-0.24345
-0.59421
-0.76083
-0.59683
-0.7123900000000001
0.59473
0.55748
0.14765
0.44715000000000005
1.06046
0.58809
0.20477
0.49034999999999995
-0.20164
-0.6397200000000001
-0.33933
-0.60762
0.013349999999999999
0.7218000000000001
0.45369
0.9002800000000001
0.00442
-0.8293300000000001
-0.44104999999999994
-0.53944
-1.07232
-0.8566400000000001
-0.50578
-0.96048
-0.56079
0.30912
0.054130000000000005
0.00027
-0.63438
-0.46982
-0.48251
-0.7570999999999999
-1.3461400000000001
-0.7968899999999999
-0.6409699999999999
-0.89372
-1.03586
-0.39676
-0.29468
-0.47676
0.029769999999999998
0.82466
0.51628
0.87087
0.5619700000000001
0.03087
0.23687999999999998
0.30128
0.82979
0.27702000000000004
0.14887
-0.20414000000000002
0.14446
0.45521
0.1259
-0.03252
-0.32228999999999997
0.45283999999999996
0.36192
0.6189
-0.12909
-0.2232
-0.05176
-0.04672
0.07379
0.21695
0.04521
-0.13888
-0.7410599999999999
-0.37456
-0.29213
-0.32244
-0.042140000000000004
-0.18935
-0.11954000000000001
-0.08265
0.38421999999999995
0.11793
-0.01482
-0.28895
0.11404
0.59358
0.22679
0.33212
0.29794
-0.16516999999999998
-0.30788
-0.5343399999999999
-0.71712
-0.14852
-0.0942
0.07489
0.9577
0.9021399999999999
0.42139000000000004
0.53235
0.7331399999999999
1.00451
0.54671
0.9448300000000001
0.42827
0.09401999999999999
0.1137
0.52835
0.52708
-0.3982
-0.28569
-0.14758
-0.46853
-0.99107
-0.49618
-0.71477
0.026160000000000003
0.13967000000000002
0.043550000000000005
-0.03531
0.69688
0.8101
0.45857
0.7157899999999999
0.15878
-0.30231
-0.28663
-0.7427800000000001
-1.5325499999999999
-0.56229
-0.3732
-0.41735
-0.18205
0.56769
0.10683999999999999
0.30635999999999997
-0.9372400000000001
-0.45848999999999995
-0.12991
0.15488
0.41095
0.052160000000000005
0.024990000000000002
-0.05176
0.6378900000000001
0.53042
0.28701
0.7211799999999999
0.82265
0.12576
0.08960000000000001
0.13205
-0.30767
-0.09856
0.14861000000000002
0.34203000000000006
0.54061
0.47332
0.45565
0.6811799999999999
0.8169299999999999
0.43279
0.33610999999999996
0.53076
-0.13236
-0.33718000000000004
-0.16117
0.06193
-0.56016
-0.78864
-0.59253
-0.78305
-1.64001
-1.1368099999999999
-0.60345
-0.81391
0.051840000000000004
-0.06908
-0.38098999999999994
-0.74994
-1.27394
-0.59373
-0.27035
0.04386999999999999
0.46174
0.09992000000000001
0.00245
-0.03251
0.40175
0.34653
0.22879000000000002
0.4387
0.7504900000000001
-0.1531
-0.18863
-0.41948
-0.14429
0.08653000000000001
-0.08298
-0.20702
-0.54052
0.51536
0.33203000000000005
0.74252
0.07002
0.19671
0.27111
0.76578
0.46448
0.26221
0.34928
0.61168
-0.23384
-1.08306
-0.41434
-0.44368
0.37333
-0.15223
-0.17759
-0.46786
-0.20620999999999998
0.08563000000000001
-0.05732
0.1998
0.10432000000000001
-0.7656999999999999
-0.5347999999999999
-0.87344
-1.2476399999999999
-1.22925
-0.8707299999999999
-1.4006999999999998
-0.9997400000000001
-0.10218999999999999
-0.10798999999999999
-0.08503999999999999
0.57751
0.39444
0.08144
-0.10139
0.5364800000000001
1.3118100000000001
0.71829
0.97235
0.14404999999999998
0.24347000000000002
0.24475000000000002
0.46108
1.03684
0.91487
0.65306
1.0394700000000001
0.49823999999999996
0.17751999999999998
0.38803
0.8354
0.53035
0.06856
0.33485
0.53286
0.8469
-0.0764
-0.10432000000000001
-0.15875
-0.46312
-1.16384
-0.81139
-1.1833799999999999
-1.4657499999999999
-1.08002
-0.7857599999999999
-0.9311499999999999
-0.1637
0.04156
-0.09021000000000001
-0.13895
-0.33968000000000004
-0.424
-0.27716
-0.50216
0.7843600000000001
0.72634
0.32543
0.39587000000000006
0.87886
0.34048
0.13144999999999998
0.16607
0.94217
0.6751999999999999
0.11781000000000001
0.15378999999999998
-0.29302
-0.37015
-0.32715000000000005
-0.45176
-0.36032
-0.29709
-0.23509
-0.08692
0.61013
0.05191
-0.032
-0.06651
0.26354
0.10144
-0.06255
-0.13469
0.49389000000000005
0.91316
0.7084699999999999
0.99346
1.48177
0.5078499999999999
0.27287
-0.25899
-0.73919
-0.02817
-0.14414
-0.45186
-1.3008000000000002
-0.30066
-0.42014
-0.31577
-0.6641400000000001
0.05236
0.12344
0.52972
0.41201
-0.14448
-0.106
-0.33247
-0.33612000000000003
-0.14334
-0.14009
-0.36113
-0.17789000000000002
0.52956
0.054400000000000004
0.08622999999999999
-1.06179
0.02084
0.10961
0.8742300000000001
0.24306
-0.19728
0.042519999999999995
0.14159
-0.55558
-0.8744799999999999
-0.21895
-0.08842
0.87898
0.11191000000000001
-0.04259
-0.1707
-1.2553400000000001
-1.33905
-0.9351600000000001
-1.18212
-1.16454
-0.42618
-0.28439
-0.52254
0.17859000000000003
0.46840000000000004
0.25668
0.13446
0.27915
0.49579999999999996
0.33659999999999995
0.55531
0.13168
-0.41766
-0.39774
-0.53662
-0.38137
0.0935
-0.01314
0.15554
0.58176
0.5202600000000001
0.23364000000000001
0.35518
0.25065000000000004
-0.14923
0.07139999999999999
-0.01087
0.7049500000000001
0.16241
-0.09454000000000001
-0.36090000000000005
-0.63662
0.04873
-0.03468
0.16384
-0.42408999999999997
-0.14465
-0.05627
0.0277
0.36223999999999995
0.49878
0.41463
0.61645
0.59963
0.21037
0.0521
-0.1505
-0.10064000000000001
0.46657
0.24117
0.58402
-0.34485999999999994
-0.45549999999999996
-0.22328
-0.059359999999999996
-0.60758
-0.16535
0.051340000000000004
0.17459
-0.00809
-0.32469000000000003
-0.05311
-0.08574999999999999
0.76205
-0.10664
-0.19736
-0.48506
-0.37544
0.028929999999999997
-0.12092
-0.1548
-0.14271
0.59826
0.28985
0.56419
-0.044039999999999996
0.1378
0.10775
0.31046
-0.7894199999999999
-0.62609
-0.20287
0.1189
0.72296
0.5621
0.31195
0.55179
-0.21112999999999998
-0.17812
0.08653000000000001
0.41779000000000005
-0.27662
-0.52881
-0.29143
-0.22862
-1.09437
-1.16962
-0.68485
-0.70402
-1.16919
-1.24417
-0.54897
-0.8680100000000001
-0.09692
0.40942
0.31812
0.51483
1.18287
1.09457
0.8817
1.26163
1.25768
0.30677
0.23536
0.14522000000000002
-0.32631
0.06293
0.25183
0.54282
0.20234000000000002
-0.22516999999999998
0.08173
0.34932
1.2426000000000001
0.44776000000000005
0.54631
0.61525
0.8506
0.2504
0.1148
-0.12489
-0.43524
-0.18207
-0.06824
0.22354
0.0926
-0.71435
-0.57699
-0.94568
-1.07654
-0.43991
-0.29389
-0.32565
-0.2468
-0.24587
-0.02282
-0.32258000000000003
0.25822
0.55692
0.37451999999999996
0.43774
0.5174300000000001
0.73018
0.40578000000000003
0.7607299999999999
0.2377
-0.11220000000000001
-0.00313
-0.17062999999999998
-0.21859
-0.04974
0.23844
0.21154
0.60917
-0.00975
-0.06944
-0.28674
-0.0535
0.33942999999999995
0.06182000000000001
0.14246
-0.5010600000000001
-0.03832
-0.10113
-0.08076
-0.8387300000000001
-0.05099
0.33338
0.77944
0.8223199999999999
-0.31897
-0.14703
-0.46421999999999997
-0.74776
-0.27025
-0.15702
-0.34570999999999996
-0.85342
0.020339999999999997
0.05602
0.34049999999999997
0.028140000000000002
-0.05376
0.20584
0.49357
1.07887
0.16823
0.49348
0.27248
1.48756
0.7929900000000001
0.5836
0.17573
0.1566
0.75141
0.32976
0.56183
-0.54477
-0.92199
-0.5925699999999999
-0.73937
-0.25561
-0.31001
-0.27937
-0.60405
0.07715
0.59526
0.30341999999999997
0.5307200000000001
0.13819
-0.0833
-0.06132
0.04858
0.22732
-0.1911
-0.35916
-0.45298
-0.39626
0.5886399999999999
0.42128
0.7505299999999999
-0.05518
-0.52461
-0.04646
0.21170000000000003
1.0732599999999999
0.08901999999999999
-0.0348
-0.13713
-0.55882
-0.46776
-0.19869
-0.06841
0.86161
0.09562
0.07502
-0.29217
0.109
0.20884
0.10482
0.09577999999999999
0.56296
0.38094
0.15997
0.39144
1.03316
0.57208
0.26257
0.19308
-0.31725000000000003
0.15312
0.32148000000000004
0.76046
0.68557
-0.08378999999999999
-0.13991
-0.42306
-0.79381
0.2288
0.29908
0.56122
0.11982
0.0518
0.11856
0.21553
-0.72868
-0.7773
-0.13281
-0.19135000000000002
0.92935
0.8078799999999999
0.5505
0.62825
0.6098
-0.16872
0.0983
-0.13069
-0.18064
0.01717
0.17565
0.13875
1.02269
0.9532599999999999
0.66012
1.04583
1.26086
0.24157
0.1885
-0.00831
-0.07007
-0.49607
-0.43323
-0.82418
-1.64001
-1.08768
-0.65904
-0.9164
-0.14623
0.226
-0.022250000000000002
-0.04412
0.92081
1.14475
0.81553
0.90533
0.41817
-0.02368
0.18198
0.02572
1.05751
0.41958
0.06465
-0.24619
-0.12227
-0.0018599999999999999
-0.40840000000000004
-0.7184699999999999
-0.91944
-0.030910000000000003
-0.16121
0.11156
-0.27154
-0.5262899999999999
-0.2738
-0.54736
0.23908000000000001
0.74851
0.54959
0.59829
1.34209
0.8260299999999999
0.50154
0.42093
0.41729999999999995
0.93369
0.7063299999999999
0.8525100000000001
0.8726900000000001
0.59475
0.41926
0.3195
0.99698
0.94848
0.5128
0.45285
0.25036
0.53616
0.26093
0.62405
-0.48365
-0.54747
-0.25012
-0.08087
-0.10034000000000001
0.38339
0.3265
0.69148
0.41534999999999994
0.19135000000000002
0.29323
0.47637
0.17497
-0.32817999999999997
-0.036019999999999996
-0.06513
-0.1594
-0.53728
-0.47070999999999996
-0.47624
-1.14367
-0.45322
-0.24321
-0.16052
-0.18763000000000002
-0.22444
0.17382
0.34621999999999997
1.10282
0.14226
0.17655
-0.20132999999999998
-0.65947
-0.30518
-0.12541
-0.33397
0.05038
0.054610000000000006
-0.25934
-0.57008
-1.35085
-0.69761
-0.6175999999999999
-0.59803
-1.61684
-1.49202
-1.0201500000000001
-1.50166
-0.8338
-0.1522
-0.36371000000000003
-0.56125
-0.9610500000000001
-0.19475
-0.33033
-0.27357
-1.12201
-0.34451
-0.12315
-0.35577
-0.9357099999999999
-0.13406
0.26116
0.21834
0.7581600000000001
0.43302999999999997
0.13571999999999998
-0.25619
-0.66845
0.032029999999999996
0.17262
0.29799
0.8092
0.33719
0.00599
-0.33362
-0.25862999999999997
0.72256
0.56568
0.7286
0.8297199999999999
0.8573999999999999
0.5128699999999999
0.46875
0.18034
0.58665
0.41545000000000004
0.97563
0.10529
-0.28636
-0.09455
0.08402
-0.38744999999999996
-0.99792
-0.56379
-0.79863
-0.33074
-0.18286000000000002
-0.31516
-0.42022
-0.89441
-0.6473099999999999
-0.46552
-0.6394
-0.64499
-0.01565
0.03807
-0.014410000000000001
0.10414
0.30976
0.24988
0.46255
0.70285
0.55649
0.49411
0.5970300000000001
0.51734
-0.16471
-0.22686
-0.5351
-0.67065
-0.13808
-0.24815
-0.37666
-0.57386
-0.14201
-0.17242999999999997
-0.02767
0.41792
0.26639
0.1261
0.09935000000000001
-0.63503
0.029079999999999998
0.11542999999999999
0.3553
-0.17071000000000003
-0.56869
-0.21760000000000002
-0.29773
0.33482
0.44805999999999996
0.24231999999999998
0.32408000000000003
0.6469799999999999
0.82324
0.47883000000000003
0.73284
0.07978
0.20135999999999998
0.21522
0.21001
-0.80793
-0.42158999999999996
-0.18298999999999999
0.22304
-0.3215
-0.65423
-0.36076
-0.32695
-0.61413
-0.5878099999999999
-0.05892
-0.005390000000000001
1.37728
0.90561
0.71174
0.8139400000000001
1.21221
0.35052
0.35567
0.313
1.3315799999999998
0.54337
0.17556999999999998
-0.15197
-0.45548
0.26874
0.09998
0.19497
-0.62624
-0.054150000000000004
0.14757
0.46070999999999995
1.22524
0.6958799999999999
0.32671
0.33116999999999996
0.1097
0.4025
0.15756
0.49774
-0.41211
-0.38323
-0.24506
-0.10951000000000001
-0.58894
-0.1986
0.28055
0.66842
1.21418
0.51392
0.69258
0.97247
1.45639
0.42799
0.55742
0.4921
0.44769
0.0023699999999999997
0.06823
0.19076
0.14801
-0.14476
-0.06798
-0.12358000000000001
0.29283000000000003
0.3632
0.4178
0.2873
0.28242
0.03795
0.05077
-0.09571999999999999
-0.18716999999999998
0.1421
0.01524
0.34973999999999994
0.47673000000000004
-0.24081
-0.21834
-0.02883
0.02635
-0.8173699999999999
-0.5177900000000001
-0.7192400000000001
-0.24483
-0.64582
-0.54012
-1.0300799999999999
-0.5532
-0.33043
-0.42462000000000005
-0.7347100000000001
-0.40572
0.40307000000000004
0.06469
0.16115
-0.21815
0.51467
0.52078
0.7641500000000001
0.79534
0.33013
0.36408
0.3736
0.96784
1.1296599999999999
0.6740900000000001
0.9657800000000001
0.56525
0.03012
0.12303000000000001
0.17006
0.38683
0.12596
0.10099
0.07232999999999999
0.48070999999999997
0.11742000000000001
0.029980000000000003
0.20536000000000001
0.48975
-0.67755
-0.40778
-0.71612
0.16701
-0.16614
-0.30384
-0.42204
0.17091
0.26731
-0.10335000000000001
-0.07275000000000001
0.59494
0.42456000000000005
0.0066300000000000005
-0.08365
-0.049249999999999995
0.41893
0.1274
0.52746
-0.43788
-0.16036999999999998
-0.05836
0.35999000000000003
0.0617
-0.31463
0.026680000000000002
0.19908
0.80295
0.16902999999999999
0.10641
0.10281000000000001
-0.13759
-0.94974
-0.43493000000000004
-0.82093
0.72674
0.60226
0.32893
-0.14022
0.42942
0.9249299999999999
0.50449
0.64057
0.91205
0.84572
0.44572
0.47905000000000003
0.35189
-0.0362
0.05083
-0.11657999999999999
0.40952
0.4708
0.02612
-0.15893000000000002
-0.3712
0.69344
0.46103
1.02203
1.0583799999999999
0.85649
0.70474
0.79619
-0.29777000000000003
-0.0788
0.1696
0.27940000000000004
-0.01657
0.12454000000000001
0.26328
0.36591999999999997
0.0383
-0.36494
-0.08388
-0.22513000000000002
-0.59892
-0.33338999999999996
-0.17564
-0.24100000000000002
-0.40061
-0.08218
-0.14273
-0.45768000000000003
-0.7297899999999999
-0.41347
-0.13618
-0.19748000000000002
0.30688
0.2539
-0.024239999999999998
-0.07339999999999999
-0.00955
0.66893
0.5416599999999999
0.9637399999999999
0.99665
0.13217
0.03706
-0.18167999999999998
0.19283
0.66518
0.32077
0.68908
0.20835
-0.25889
-0.24312
-0.06593
-0.71375
-0.89911
-0.6661400000000001
-0.6863800000000001
-1.16051
-0.4357
-0.28598
0.09953
-0.17694
-0.95111
-0.54432
-0.69045
-0.73519
-1.03731
-0.5769
-0.9587300000000001
-0.37049
0.07439
-0.14882
-0.24033000000000002
0.20857
0.37357999999999997
0.32864
0.38865
1.2201
0.36938000000000004
0.10909
-0.15483
0.28183
0.4202
0.29478000000000004
0.19269999999999998
0.69452
0.6674
0.36244
0.25075
0.5959300000000001
1.20774
0.6611
1.03559
-0.12649
-0.16768
0.0621
0.14135
0.7009799999999999
0.37351
0.10558
-0.23836
-0.63434
0.13323000000000002
0.04197
0.29377
-0.39432
-0.10674
-0.023620000000000002
0.09438
0.23357
0.41119
0.45966999999999997
0.63984
0.5790299999999999
0.44164000000000003
0.54426
0.6459699999999999
1.29033
0.90791
0.71101
0.7269599999999999
0.36359
-0.22834
-0.1174
-0.35757
-0.53828
0.13147999999999999
-0.16988
-0.28306000000000003
-0.9321299999999999
-0.43201999999999996
-0.38742
-0.4424
-0.5779
-0.47314999999999996
-0.38839
-0.33497
0.0723
0.56735
0.23954999999999999
0.7267100000000001
0.5507500000000001
0.18505
0.10619999999999999
0.21303999999999998
0.26871
0.7364799999999999
0.60557
1.13313
0.47341
0.23545000000000002
0.3762
0.9289499999999999
0.60536
-0.14293
0.2285
0.36642
0.43778
-0.05965
0.14977000000000001
0.33956000000000003
0.13632999999999998
-0.21129
0.15455
0.33072
0.72285
0.13096
0.25788
0.15996
0.99386
0.71308
0.44756999999999997
0.43592
-0.06136
0.05634
0.07979
0.26306999999999997
0.41078000000000003
-0.09146000000000001
-0.09207000000000001
0.17198
0.35172
-0.49779
-0.47479999999999994
-0.72384
-1.24031
-0.8837900000000001
-0.6566500000000001
-0.6607
-0.16146999999999997
0.069
-0.0053
0.23614999999999997
0.03266
-0.55398
-0.43375
-0.59661
-0.25445
0.53557
0.47097
0.77753
0.52842
0.03021
0.11519
0.07429999999999999
-0.28056000000000003
-0.22292
-0.08028
0.04337
-0.22624
-0.61148
-0.6087
-0.89157
-1.12089
-0.45537
-0.2297
-0.14688
0.19868
-0.08987
-0.16204999999999997
-0.20088999999999999
-0.00534
-0.02008
-0.014539999999999999
0.0155
0.34938
0.20146
0.0397
0.01043
0.030529999999999998
0.29436
0.27994
0.6871200000000001
0.9258700000000001
0.25527
0.17321
0.22518000000000002
0.48615
0.18764
0.21047000000000002
0.31074
0.43711
0.31196999999999997
0.1582
0.26511
-0.15611
-0.33655999999999997
-0.15245
0.06611
0.38005
0.13946999999999998
0.24073
0.21975999999999998
0.8276
0.74287
0.72372
0.9643
1.52285
0.59756
0.52539
0.49332
0.42985999999999996
-0.02497
-0.05698
-0.20176
0.024300000000000002
0.11468
-0.042859999999999995
-0.20806999999999998
-0.41973999999999995
-0.09845000000000001
-0.04249
0.08003
0.10633
-0.27225
-0.35729
-0.61771
-0.8401000000000001
-0.10699
-0.24539000000000002
-0.19923
-0.5692900000000001
-0.04122
-0.06414
0.36363999999999996
-0.21162
-0.43341999999999997
-0.18652000000000002
-0.11689
-0.30269999999999997
-0.61966
-0.27045
-0.32575000000000004
0.43548000000000003
0.12124
-0.13167
-0.26457
-1.3159200000000002
-0.95514
-0.54694
-0.57938
-0.65631
-0.2514
0.00445
-0.09523
0.63609
0.94204
0.64967
0.625
-0.10453
0.38082
0.6433199999999999
0.83884
1.16459
0.66214
0.50873
0.41616
0.5308700000000001
0.3215
0.08249000000000001
0.16372
-0.2024
-0.38293999999999995
-0.38713000000000003
-0.605
-0.91693
-0.54835
-0.29419
-0.26599
-0.06269
0.07115
-0.05531
0.018000000000000002
-0.6150800000000001
-0.08275
0.10516
0.40451
0.18431
-0.07672
0.1186
0.00604
-0.22432
-0.05234
0.12885
0.18859
0.5364099999999999
0.15634
0.04372
-0.19542
-0.16635999999999998
-0.00893
-0.03811
-0.27064
-0.36695999999999995
0.24989999999999998
0.17757
0.56244
0.7826000000000001
0.59129
0.47978000000000004
0.5533899999999999
0.38783999999999996
0.02302
0.21433
0.22285
0.97126
0.6147
0.34084000000000003
0.53058
0.31349
0.01008
-0.20678000000000002
-0.11026999999999999
-0.66106
-0.67207
-0.48828000000000005
-0.42
-0.94894
-0.9709300000000001
-0.65532
-0.73107
-0.69226
-0.01701
0.13817000000000002
0.60551
0.6201599999999999
-0.16124
-0.08946
-0.24047000000000002
-0.39736
0.29144
0.25076
0.53254
0.39490000000000003
0.020720000000000002
0.12077
0.24522
0.05357
-0.83473
-0.48832000000000003
-0.83297
-0.5926100000000001
-0.29218
-0.34165999999999996
-0.39897
-0.74661
-0.25170000000000003
-0.11180999999999999
0.08320999999999999
0.49072000000000005
0.18525
0.17486000000000002
0.29202
0.58399
-0.013420000000000001
-0.14062
-0.40154
-0.63317
0.15641
0.145
0.43018999999999996
0.59462
0.30151
0.0633
0.31701
-0.47096
-0.44530000000000003
-0.12011
0.23533
0.044649999999999995
-0.68904
-0.31177
-0.36595999999999995
0.28778
0.27544
0.30861
0.48306
0.261
-0.08593
0.1058
0.26564
0.38452
-0.32558
-0.22128
-0.53344
-0.42540999999999995
-0.11653000000000001
-0.00014000000000000001
0.08077
0.19629000000000002
-0.55694
-0.44653
-0.71092
-0.41959
-0.10157
-0.15757
-0.10138
0.11602
-0.18564
-0.27304
-0.34579
0.13115
0.141
0.01781
-0.18444
-0.24821000000000001
0.17629999999999998
0.049249999999999995
0.29562
0.30396
0.05011
-0.056319999999999995
0.01898
-0.20407
-0.43888
-0.11248
-0.07705000000000001
0.5480700000000001
0.13004
0.08062
-0.02083
0.40001
0.46875999999999995
0.4254
0.555
0.9340900000000001
0.27527
0.08555
-0.21764
-0.014410000000000001
0.5336099999999999
0.20332
0.23954
-0.5662400000000001
-0.5322
-0.26271
-0.2932
0.35511000000000004
0.18588000000000002
0.03202
0.00321
0.01572
0.28276
0.1467
0.41746
0.43905
-0.00791
0.012920000000000001
0.01802
0.47152
-0.14031000000000002
-0.20718
-0.40162
-0.46823
-0.37551
-0.43226
-0.6322099999999999
-0.83088
-0.11299
-0.12825
0.048170000000000004
-0.33704999999999996
-0.41886
-0.42744
-0.4515
-0.70808
-0.21433
-0.12552
0.08163000000000001
0.36463999999999996
-0.061630000000000004
0.030440000000000002
-0.06326999999999999
0.56009
0.84747
0.6569799999999999
0.9245699999999999
0.34589
-0.02169
0.0184
0.16192
0.125
-0.24928
-0.18158000000000002
-0.40857
-0.7670600000000001
-0.63095
-0.32205
-0.27733
0.30474
-0.16422
-0.21018
-0.44722
-0.5374
-0.3234
-0.32249
-0.45126
-0.64051
-0.30426
-0.49639000000000005
-0.45622
-0.89435
-0.47219
-0.37502
-0.30166
-0.7428
-0.88893
-0.5836
-0.8050700000000001
-0.41379
0.12231
0.01631
0.11968999999999999
-0.44374
-0.24984
-0.15653
-0.06508
-0.19483
-0.01963
0.07559
0.16782
-0.21134
-0.45043999999999995
-0.058289999999999995
-0.18225000000000002
0.66156
0.647
0.5821000000000001
0.47941
0.81119
0.60269
0.40347
0.23234000000000002
-0.3429
0.20751999999999998
0.17010000000000003
0.30718
0.07406
0.18291000000000002
0.08346
0.10552
-0.54985
-0.67428
-0.27681
-0.33685000000000004
0.04003
-0.28168
-0.37807999999999997
-0.57411
-0.95048
-0.66911
-0.47509
-0.6170300000000001
-0.60288
-0.00166
-0.021509999999999998
0.02979
0.07787
0.43372999999999995
0.43511000000000005
0.7031499999999999
0.42146
-0.05794
0.12025999999999999
-0.09449999999999999
-0.22436
-0.32307
-0.23779
-0.39479
-0.25038
-0.06656
-0.203
-0.42855
-0.91081
-0.52516
-0.35959
-0.45844999999999997
-0.20955
-0.15167
-0.19698000000000002
-0.36207999999999996
-0.36022
-0.00466
-0.03859
-0.0014299999999999998
0.07679
-0.11185
-0.09129
-0.29923
0.01195
0.39088
0.15374000000000002
0.1561
-0.28901
-0.26202000000000003
-0.25312999999999997
-0.39087000000000005
-0.40881999999999996
-0.03724
-0.01718
-0.14305
0.01172
0.619
0.47651000000000004
0.7514799999999999
0.7771899999999999
0.44177999999999995
0.49161
0.49563
0.91604
0.95979
0.78107
0.8621899999999999
1.00734
0.9987
0.6657599999999999
0.96229
0.35914
-0.10801
-0.05158
-0.10468999999999999
-0.60949
-0.6193500000000001
-0.31735
-0.3139
0.04453
-0.1776
-0.22945000000000002
-0.38534999999999997
-0.7428199999999999
-0.38966999999999996
-0.17297
-0.09957
0.15034
0.0036
-0.0242
-0.10308
0.11033
0.58951
0.46124000000000004
0.6557599999999999
0.9551000000000001
0.54599
0.39379
0.45196
0.45579000000000003
0.1555
0.00597
-0.09462
-0.83736
-0.38773
-0.21181999999999998
0.07368000000000001
0.43420000000000003
0.051550000000000006
-0.051699999999999996
-0.01008
-0.40114
-0.52395
-0.13332
-0.05772
0.32024
-0.25419
-0.19033999999999998
-0.51314
-0.12668
0.11912
0.05892
0.03816
0.14255
0.06048
-0.1388
-0.27474
-0.7321
-0.41531
-0.26325
-0.42484
-0.42479999999999996
-0.11842000000000001
-0.09476000000000001
-0.21114
0.13491
0.45578
0.17189
0.27111
-0.26099
-0.04218
0.00987
0.01168
0.00104
0.5274300000000001
0.42457
0.6898399999999999
0.61312
0.46465
0.44945
0.71111
0.6711
0.17425999999999997
0.22877
0.21068
0.07417
-0.0045000000000000005
0.09946999999999999
0.29364
0.23917000000000002
-0.21303999999999998
-0.18928
-0.23873
-0.42116
-0.37170000000000003
-0.12877
-0.12854
0.18785
-0.20199
-0.19754000000000002
-0.33122
-0.10497
-0.13555
-0.23517
-0.3675
-0.47548999999999997
-0.25259
-0.18603999999999998
-0.15862
0.50701
0.41962000000000005
0.09301999999999999
0.14397000000000001
0.06791
0.10000999999999999
0.06213
0.24589
0.30193000000000003
-0.14306
-0.10339000000000001
-0.23051
-0.17666
-0.04453
-0.09529
-0.131
0.1035
0.42366
0.32689
0.57089
0.7130299999999999
0.33427999999999997
0.2985
0.244
0.33183999999999997
0.57804
0.41716000000000003
0.64004
0.7676000000000001
0.72127
0.60312
0.92215
0.8904000000000001
0.18492
0.26248
0.32520000000000004
0.17154
0.00231
0.053
0.19821999999999998
-0.023450000000000002
-0.18652000000000002
0.00212
0.14508
0.43735999999999997
-0.09301999999999999
-0.08859
-0.23843
-0.51381
-0.30297999999999997
-0.10468999999999999
-0.05037
0.00094
-0.22667
-0.11501
-0.2697
0.09677
0.22544
0.03656
0.0417
-0.50033
-0.23254000000000002
-0.07564
0.10423
0.39197000000000004
0.0073
0.07738
-0.023239999999999997
0.5574600000000001
0.24164000000000002
0.12429
0.02973
0.21977
0.35332
0.07367
0.08476
-0.49355
-0.20592
-0.08585000000000001
0.049109999999999994
-0.27503
-0.22598
-0.16635000000000003
-0.08756
-0.28925
-0.57542
-0.43274999999999997
-0.5410499999999999
-0.62563
-0.70777
-0.55267
-0.80896
-0.9275
-0.45645
-0.44689999999999996
-0.46506000000000003
-0.58024
-0.2556
-0.25721
-0.20271
-0.15363
-0.19443000000000002
-0.16753
-0.21284
-0.33770000000000006
-0.08021
0.05351
0.22207999999999997
0.6595099999999999
0.43293
0.31897
0.33803
0.49168999999999996
0.48084000000000005
0.37765
0.50668
0.26364
0.12539999999999998
0.14253
0.31306999999999996
0.26013000000000003
-0.04216
0.06271
0.11713
-0.07062
-0.63184
-0.41778
-0.68888
-0.45016
-0.38187
-0.2979
-0.43703000000000003
-0.01467
-0.04675
-0.16291
-0.30538
-0.17703
0.07318
-0.07804
-0.15435000000000001
-0.31369
0.18506
0.13677
0.27107
0.50273
0.09189
0.026150000000000003
-0.08265
-0.13935
-0.20216
-0.13371
-0.32564
-0.28385
0.22131
0.07274
0.13503
0.12913
0.44548000000000004
0.30405
0.50327
0.16264
0.0227
0.14651999999999998
0.19104
0.6627299999999999
0.42237
0.27964
0.19405
-0.2116
-0.25486000000000003
-0.11399
-0.1757
-0.09201000000000001
0.34125999999999995
0.14175000000000001
0.43215000000000003
-0.01098
-0.17010000000000003
-0.0658
-0.00642
-0.27476
-0.40409999999999996
-0.07789
-0.12367
0.44390999999999997
0.22361999999999999
0.22469999999999998
0.28419
0.36325
0.2321
0.2141
0.14154
0.03427
0.2854
0.20373000000000002
0.29391
0.21914
0.26093
0.20642
0.30601
0.23132999999999998
-0.25535
-0.09214
-0.13314
0.47063000000000005
0.34034
0.19454000000000002
0.24994
0.15292
0.22454000000000002
0.11647
0.26952000000000004
0.07258
-0.05054
0.0617
0.16025999999999999
0.15251
-0.32595999999999997
-0.15073999999999999
-0.24587
0.16808
0.08647
-0.00244
0.02052
-0.23890999999999998
-0.43016
-0.30643
-0.51197
-0.57288
-0.17486000000000002
-0.24826
-0.30857
-0.70423
-0.45219000000000004
-0.35775
-0.35840000000000005
-0.45726999999999995
-0.33677999999999997
-0.18666
-0.30103
-0.24892
0.15532
0.11692
0.28918
0.38433999999999996
0.2069
0.12872
0.25682
0.24079
-0.20990999999999999
-0.16815999999999998
-0.30823
-0.66782
-0.56903
-0.3871
-0.46395000000000003
-0.36145000000000005
0.1419
0.15166000000000002
0.33075000000000004
0.29120999999999997
-0.041710000000000004
0.0978
0.07333
0.12496
0.02911
0.05625
-0.03521
0.28846
0.22510000000000002
0.10978
0.09846
0.30267
0.20890999999999998
0.17434000000000002
0.21189
0.38232
0.2143
0.11779
0.24417999999999998
0.40326999999999996
-0.11439
-0.03403
-0.19451000000000002
0.13917
0.09539999999999998
0.01513
-0.00945
0.21651
0.22050999999999998
0.08823
0.23807999999999999
0.1005
-0.15731
-0.07859
-0.23009000000000002
0.1528
0.27302
0.14764
0.14722
0.20398
0.10574
-0.03076
-0.04846
-0.26781
-0.27576
-0.13848000000000002
-0.0483
0.39881999999999995
0.14506
0.05654
-0.03136
0.19667
0.3044
0.19318000000000002
0.27879000000000004
0.41476999999999997
-0.01431
-0.09689
-0.1895
-0.32919
-0.29754
-0.28163
-0.31806999999999996
-0.33905
-0.02538
-0.02741
0.07457
0.16518999999999998
0.01011
0.05559
0.00845
0.3059
0.27039
0.26978
0.36528
0.6635
0.22188
0.06504
-0.02191
-0.02576
0.15607
0.10647999999999999
0.10695
-0.29788
-0.40072
-0.29449000000000003
-0.41609
-0.16435
-0.10372999999999999
-0.16721
-0.27076
-0.30559000000000003
-0.29001
-0.26258
-0.45503
-0.51364
-0.13521
-0.17568
-0.21448
-0.25098
0.07724
-0.0027500000000000003
0.09292
0.01485
-0.09244
-0.07798
-0.23404
-0.23604
-0.03254
-0.0196
-0.15083
-0.36654000000000003
-0.13163
-0.13625
-0.2846
-0.19271999999999997
0.3185
0.16164
0.34647
0.32974
0.15805999999999998
0.0594
-0.05969
-0.31127
0.0443
0.15012
0.25648
0.49164
0.14666
0.05361
-0.00449
0.045970000000000004
0.18467
0.0345
0.07139000000000001
-0.28386
-0.02771
-0.09455
0.025179999999999998
-0.49682000000000004
-0.52003
-0.3104
-0.36890999999999996
-0.41024
-0.29896
-0.17123000000000002
-0.15903
0.08875
-0.03616
-0.09313
-0.18658000000000002
-0.33823000000000003
-0.0496
0.02226
0.06748
0.33942
0.34354
0.24785000000000001
0.25051
0.49889000000000006
0.44106
0.35484000000000004
0.40791
0.70515
0.63326
0.39718000000000003
0.46648
0.20024
0.08055
0.08481
0.16875
0.00624
-0.06751
-0.05408
0.02565
0.18016
0.00764
-0.03768
0.01572
-0.018260000000000002
-0.11614000000000001
-0.04532
-0.08807999999999999
-0.15702
-0.11263
-0.16326000000000002
-0.19821999999999998
-0.16333999999999999
0.15612
0.06903
0.23656
-0.16437000000000002
-0.3567
-0.2522
-0.27851
-0.44749
-0.21899000000000002
-0.14939
-0.068
-0.33923000000000003
-0.30152999999999996
-0.1542
-0.10602
0.07119
-0.2113
-0.10769999999999999
-0.21348
0.15194000000000002
0.35515
0.24308
0.24965
0.24119
0.33786
0.27859
0.39704
0.49191
0.32636000000000004
0.17375
0.19949000000000003
-0.18394
-0.11563000000000001
-0.06375
0.07182000000000001
-0.02131
-0.36151000000000005
-0.31966
-0.39508000000000004
-0.60965
-0.3126
-0.20704999999999998
-0.09244
-0.31017
-0.25081
-0.17262
-0.08163999999999999
-0.13659000000000002
-0.33456
-0.21420000000000003
-0.36225
-0.52203
-0.42994
-0.28164
-0.36442
-0.32635
-0.18896999999999997
-0.24111000000000002
-0.32071
-0.49228
-0.28747
-0.25276
-0.28387
-0.22088000000000002
0.020030000000000003
-0.06865
-0.039689999999999996
-0.32316
-0.20315999999999998
-0.06677
-0.054770000000000006
0.18764
0.30761
0.23742000000000002
0.32996000000000003
0.28393999999999997
0.35085
0.30212
0.46299
0.12452999999999999
0.01103
0.11448
0.17336
0.28184000000000003
0.07151
0.08405
0.12254
-0.0374
-0.18989
-0.10067
-0.10938
-0.24506
-0.0613
-0.0016
0.01284
-0.27868
-0.08032
0.08124
0.22233
0.23536
0.09992000000000001
0.10868
0.10082
-0.04105
-0.1506
-0.03572
-0.10071999999999999
-0.20135000000000003
-0.30654
-0.20087
-0.31898
-0.37854
-0.19611
-0.14017
-0.15819
0.05848
0.0608
0.01208
-0.05411
0.02305
0.07028
0.01718
0.012549999999999999
-0.12365
-0.1199
-0.10232
-0.06178
0.14926
0.17977
0.04668
0.08789
-0.16460999999999998
-0.27403
-0.27771
-0.23021
-0.5707
-0.41348999999999997
-0.31468
-0.26216
-0.4686
-0.5979800000000001
-0.3776
-0.41703
-0.00294
-0.10228999999999999
-0.15966
-0.18519
-0.44592
-0.36945999999999996
-0.2364
-0.2254
-0.012270000000000001
0.02429
0.04928
0.07436
0.35731999999999997
0.17007999999999998
0.07987
0.05022
0.16518999999999998
0.29723
0.24792999999999998
0.36408
0.49689999999999995
0.20532
0.18268
0.17274
0.41027
0.45063000000000003
0.27972
0.46533
0.30877
0.25146999999999997
0.21163
0.42916
0.21913
-0.21857
-0.02818
-0.03804
0.26152000000000003
0.1659
0.1427
0.22439
0.25225000000000003
0.12634
0.14575
0.26588
0.12811999999999998
-0.09836
-0.04449
-0.07023
-0.33399999999999996
-0.15477
0.0027900000000000004
0.18977
0.08058
-0.203
-0.08965999999999999
-0.13955
-0.21359999999999998
-0.31211
-0.14913
-0.24764
-0.41103
-0.39657
-0.22313
-0.29219
0.09483000000000001
0.25887
0.12974
0.12781
-0.07408000000000001
0.05801
0.1291
0.25628
0.26722
-0.08451
-0.05504
-0.08942
-0.09509000000000001
-0.28884
-0.23883
-0.35009
-0.46547
-0.38826
-0.278
-0.30043
-0.24536999999999998
-0.16065000000000002
-0.12594
-0.09434
-0.21736999999999998
-0.26794
-0.14594
-0.18405000000000002
0.11571999999999999
0.18747
0.2053
0.20934
0.25728
0.00923
0.08989000000000001
-0.044930000000000005
0.27343
0.34718000000000004
0.28981
0.25085
0.3602
0.41932
0.33757
0.35365
0.56819
0.46482999999999997
0.35036
0.3567
0.23002
0.043390000000000005
0.11265
0.0406
0.24703
0.07522999999999999
0.01893
-0.07905000000000001
0.32505
0.35969
0.11473000000000001
0.09176999999999999
-0.18336
-0.08103999999999999
-0.07489
0.00532
0.03368
-0.19829
-0.22733
-0.25268999999999997
-0.42546999999999996
-0.51532
-0.41700000000000004
-0.49252
-0.42019
-0.29344000000000003
-0.30952999999999997
-0.35941
-0.6862
-0.55069
-0.41037
-0.49467
-0.58646
-0.30811
-0.25865
-0.3611
-0.35115
-0.20675999999999997
-0.19704999999999998
-0.29986999999999997
-0.3605
-0.12494999999999999
-0.12875
-0.18406
-0.25420000000000004
-0.14984999999999998
-0.11801
-0.13480999999999999
0.02905
0.0458
0.005849999999999999
-0.14311
0.07918
0.39982999999999996
0.20434000000000002
0.32718
0.09597
-0.20914000000000002
-0.21738
-0.32687
-0.5415800000000001
-0.43024
-0.34273000000000003
-0.44838
-0.35246
-0.17347
-0.18203
-0.15704
-0.14973
-0.09134
-0.07171999999999999
-0.15883
-0.18263000000000001
0.07674
0.05098
0.0682
0.0027400000000000002
0.15426
0.09978
0.09148999999999999
-0.02335
0.2188
0.20940999999999999
0.25109000000000004
0.10729
0.09129
0.09717
0.10122
-0.08316000000000001
0.039009999999999996
0.021030000000000004
0.044829999999999995
-0.14381
-0.04524
0.02137
0.07473
0.16043
-0.00666
0.06568
0.051070000000000004
0.20132000000000003
0.07901
0.0682
0.07393
0.10147
0.01322
-0.01872
-0.00728
0.01447
-0.12263
-0.21606999999999998
-0.29814
-0.55382
-0.47165
-0.37717
-0.38621
-0.45761
-0.22678
-0.16018999999999997
-0.15814
-0.11346
0.17934999999999998
0.18966999999999998
0.3721
0.41198999999999997
0.36347
0.35929
0.4864
0.24120999999999998
0.02964
0.18268
0.19524
0.37634999999999996
0.07673
0.15231999999999998
0.01661
0.27737
0.24173999999999998
0.13872
0.04731
-0.11553000000000001
0.014610000000000001
0.01361
-0.02326
-0.04394
0.13368
0.15512
0.17763
0.43412
0.34804
0.25377
0.26218
0.32295999999999997
0.39969
0.27459
0.33242
0.15496000000000001
0.08557000000000001
0.11938
0.20349
0.27484000000000003
0.02252
-0.043570000000000005
-0.12039
-0.32134999999999997
-0.14675000000000002
-0.05649
0.01926
0.22026
0.08764
0.06995
0.017589999999999998
-0.16671
-0.05981
0.04539
0.07729
0.22888000000000003
0.42662999999999995
0.30635999999999997
0.43512999999999996
0.28375
0.11213
0.11584
0.08703
-0.11901
-0.003
0.044770000000000004
0.12912
-0.03853
-0.16384
-0.12386
-0.04032
-0.13271
-0.29549
-0.18732
-0.22071000000000002
-0.27271999999999996
-0.19445
-0.16559000000000001
-0.08964
-0.21372
-0.16981000000000002
-0.10204
0.03535
-0.06874
-0.33992
-0.19745000000000001
-0.2163
-0.004
-0.06715
-0.06209
-0.00153
-0.13862
-0.1857
-0.11602
-0.05102
-0.22267
-0.30422
-0.13835
-0.07696
0.10439999999999999
-0.05789
0.015960000000000002
0.07636
0.057300000000000004
-0.19288
-0.08365
-0.15882
0.02574
0.01406
0.07307000000000001
0.04632
0.18664000000000003
-0.060570000000000006
-0.07234
-0.18684
-0.10948000000000001
0.00291
-0.05011
-0.04099
-0.16960999999999998
-0.32612
-0.21819
-0.33244999999999997
-0.12764
-0.04813
-0.0546
-0.041449999999999994
0.1438
-0.07092
-0.15506999999999999
-0.22977
-0.28009
-0.2716
-0.22001
-0.37687
-0.38185
-0.14986
-0.16297999999999999
-0.18652000000000002
-0.12875
0.09023999999999999
0.03292
0.11213
-0.01728
-0.11728
-0.01493
-0.01268
0.23382000000000003
0.008020000000000001
-0.0070799999999999995
-0.16025999999999999
-0.13057
0.10512
0.11868000000000001
0.11868000000000001
0.28486
0.15045
0.04627
0.02085
-0.04255
-0.08529999999999999
-0.06691
-0.14908
-0.25654
-0.16829999999999998
-0.12474
-0.21422999999999998
0.06293
0.03469
-0.02827
-0.06123
0.12929000000000002
0.04771
-0.05759
-0.11462
-0.11932999999999999
-0.010329999999999999
-0.09404
-0.13548
-0.21406
0.035230000000000004
0.00843
0.08541
-0.036610000000000004
-0.19698000000000002
-0.14972
-0.14798
-0.02994
-0.21289000000000002
-0.17937999999999998
-0.28228000000000003
-0.26594
-0.11583
-0.12146000000000001
-0.17326
-0.23082
-0.06079
-0.06062
-0.08613
-0.16344
-0.11265
-0.09974999999999999
-0.18264
-0.10614000000000001
0.00010999999999999999
-0.06065
-0.07416
-0.25706
-0.30188
-0.26518
-0.39317
-0.37347
-0.11219
-0.13085000000000002
-0.12423999999999999
0.06924000000000001
0.1173
0.01023
0.06177
-0.03123
-0.14551
-0.08456
-0.18817
-0.11045999999999999
0.09163
0.09362
0.1142
0.22059
0.04782
0.02798
-0.01214
0.18398
0.21886
0.16849
0.17012
0.31936
0.16085000000000002
0.05678
-0.07400999999999999
-0.1497
0.08786
0.06649
0.036699999999999997
0.00953
0.13327
0.047889999999999995
0.04003
-0.04995
0.13089
0.10996
0.11189
-0.17210999999999999
-0.14859999999999998
-0.12061999999999999
-0.21483
-0.20406
-0.0049
-0.07697
-0.09115999999999999
-0.26453
-0.2526
-0.20315000000000003
-0.30018
-0.25266
-0.12509
-0.11016
-0.19187
-0.09812
0.25128
0.1561
0.23390999999999998
0.17029
0.10281000000000001
0.060570000000000006
0.0946
0.22882999999999998
0.17711
0.08204
0.10009
-0.11361
-0.07857
-0.054139999999999994
-0.04063
-0.11602
-0.01151
-0.01303
-0.01576
-0.19294
-0.013460000000000001
-0.00077
0.05671
-0.1231
-0.02162
0.04551
0.13180999999999998
0.18318
-0.02198
0.044480000000000006
0.00912
0.19234
0.15113
0.153
0.16868
0.31143
0.26846
0.13082000000000002
0.12966
-0.13462
-0.06369
-0.0038
0.0138
-0.05224
-0.0291
-0.0274
-0.044969999999999996
-0.16210000000000002
0.013879999999999998
0.07490000000000001
0.18172999999999997
0.28309
0.15613
0.08398
0.07536999999999999
-0.0889
-0.05284
-0.04369
-0.00108
-0.22136
-0.28989
-0.23907
-0.28267
-0.26116
-0.09862
-0.06117
0.043840000000000004
0.05857999999999999
-0.13243
-0.08861000000000001
-0.09497
-0.19012
-0.24696
-0.21120999999999998
-0.21515
-0.32887
-0.45442
-0.38513
-0.45315
-0.44762
-0.40419
-0.34383
-0.42247999999999997
-0.47515
-0.29266
-0.22549
-0.25361
-0.09111000000000001
-0.04072
-0.0771
-0.11272
0.03869
0.02443
-0.04169
-0.07216
-0.08981
0.03565
0.00894
0.01847
0.07514
0.34591
0.27382
0.42463
0.34734000000000004
0.09835
0.06636
0.07854
-0.0663
-0.13784000000000002
-0.11427
-0.16066
-0.26255
-0.15992
-0.052539999999999996
-0.0011
0.21050999999999997
0.13415
0.12857
0.17206
0.25606
0.31406
0.27358
0.40198999999999996
0.44445
0.15607
0.11455
0.062240000000000004
-0.12621000000000002
-0.1545
-0.08622
-0.12312
-0.1993
-0.13013
-0.10788
-0.07205
-0.21914
-0.20328
-0.14801
-0.15955
-0.30781
-0.13293
-0.08119
-0.07563
-0.23768
-0.21193
-0.09349
-0.09244
0.037290000000000004
-0.09180999999999999
-0.04352
-0.12475
0.11664
0.14687
0.03705
0.047599999999999996
-0.07325
-0.09364
-0.09176000000000001
-0.11569000000000002
-0.32888
-0.38613
-0.30549
-0.40298
-0.20366
-0.08041999999999999
-0.08683999999999999
-0.06676
0.07719999999999999
0.05126
0.03665
0.00055
0.04124
0.28994
0.23425
0.29124
0.13470000000000001
0.18342
0.18356000000000003
0.26067
0.35089
0.1352
0.08863
0.05787
0.01599
0.03525
0.07493
0.07586999999999999
0.052199999999999996
0.06115
0.06729
0.06857
0.28187
0.29839
0.21696000000000001
0.2619
0.12387000000000001
0.10157
0.09293
0.08438000000000001
-0.09435
-0.00309
0.03562
0.09749000000000001
0.11237
-0.08456
-0.07112
-0.08314
-0.08223000000000001
-0.16210999999999998
-0.12747
-0.13837
0.03074
-0.06511
-0.09583
-0.10186
-0.027370000000000002
0.01044
-0.01008
0.0040999999999999995
-0.19452999999999998
-0.07618
-0.015489999999999999
0.06061
0.14804
0.08609
0.07531
0.1157
0.04916
-0.04694
0.011810000000000001
0.01667
-0.07144
-0.20035
-0.17267
-0.26459
-0.20978000000000002
-0.03252
-0.0582
-0.005540000000000001
-0.03318
-0.25348
-0.18772
-0.26798
-0.18227000000000002
-0.07011
-0.03117
-0.03687
0.12811
0.15599
0.08073000000000001
0.12945
0.17954
0.04443
-0.00207
-0.03065
-0.17754
-0.09815
-0.06861
-0.07742
-0.10256
-0.011160000000000002
-0.01131
0.01302
0.0489
0.10913
0.13887
0.21338000000000001
0.2452
0.13663999999999998
0.16485
0.24196
0.31457999999999997
0.13382
0.12304
0.12097
0.08898
-0.051559999999999995
-0.00485
-0.10249000000000001
0.04683
0.138
0.06966
0.08874
-0.07077
-0.12892
-0.10972
-0.12714
-0.25653
-0.26945
-0.21825
-0.27869
-0.30519999999999997
-0.32838
-0.30926
-0.34947
-0.37569
-0.33283999999999997
-0.28238
-0.31654
-0.16991
-0.1377
-0.14426
-0.17934
-0.03458
0.01699
-0.07925
-0.10221999999999999
-0.16158999999999998
-0.0089
-0.06389
0.02247
-0.15702
-0.24553999999999998
-0.14062
-0.09721
-0.020870000000000003
-0.13401
-0.0622
-0.10117000000000001
0.03374
0.07786
0.07661
0.062
0.20643
0.13695000000000002
0.11449
0.08458
0.13276
0.0716
0.032
-0.03535
-0.07279
0.02327
0.00685
-0.07171
-0.12154
0.03807
0.04573000000000001
0.05532
0.09258
0.042460000000000005
-0.03997
-0.07516
-0.15824
-0.04152
-0.07582
-0.11789999999999999
-0.19896
-0.06554
-0.03664
-0.06921000000000001
0.06631999999999999
0.20029
0.14376
0.21101
0.038740000000000004
-0.02714
0.00976
0.0070599999999999994
0.10328
0.13954
0.07386999999999999
0.07349
-0.052809999999999996
-0.00891
0.02685
0.08199
-0.00845
-0.02186
0.03101
0.056740000000000006
0.12498
0.13613
0.08861000000000001
0.08310000000000001
-0.23672
-0.13083
-0.04441
-0.04092
-0.12138
-0.05923
0.00662
0.07198
0.13315
-0.11832000000000001
-0.06288
-0.13136
-0.0354
-0.04568
-0.05566
-0.12365
-0.060730000000000006
0.1065
0.0461
0.08228999999999999
-0.03739
-0.08162000000000001
-0.020339999999999997
-0.01142
0.14506
0.08425
0.06214
0.04442
0.14396
0.23914000000000002
0.21106000000000003
0.28096
0.31881
0.18884
0.17082999999999998
0.21053
0.24131
0.0895
0.12154999999999999
0.09021000000000001
0.23010000000000003
0.22007000000000002
0.19956
0.14154
0.19607
0.2695
0.24709
0.26325
0.28736
0.28519
0.20248000000000002
0.22716999999999998
0.08542999999999999
0.00891
-0.00153
-0.07872
-0.12566
-0.01574
-0.01862
-0.03966
-0.08023999999999999
-0.0039000000000000003
-0.05282
-0.02661
-0.18896000000000002
-0.09217
-0.06928
-0.022719999999999997
-0.09736
-0.10057
-0.06323000000000001
-0.01771
0.03216
-0.015300000000000001
0.0076
0.09266
0.0723
-0.13329000000000002
-0.07998
-0.050339999999999996
-0.028220000000000002
-0.12397
-0.10027
-0.10737000000000001
-0.21504
-0.15903
-0.10297
-0.08085
-0.11237
-0.11409000000000001
-0.03017
-0.016739999999999998
0.07038
-0.049530000000000005
-0.03763
-0.07414
-0.07615999999999999
0.02273
0.01956
0.05447
0.01889
-0.13211
-0.06182000000000001
-0.1207
0.10754
0.0334
-0.01204
-0.0782
-0.04317
-0.11532999999999999
-0.11012000000000001
-0.16893
0.04391
0.01783
-0.043019999999999996
-0.13033
-0.07955
0.048799999999999996
0.01218
0.0712
0.20764
0.09528
-0.00461
-0.050519999999999995
-0.109
0.01065
0.00145
-0.013260000000000001
-0.12817
-0.05535999999999999
-0.06732
-0.04474
-0.17231000000000002
-0.078
-0.0473
-0.03568
-0.11242
-0.1604
-0.06344
-0.13346
0.02395
0.0418
0.00972
-0.03512
-0.04721
0.03997
0.01362
0.01226
0.06787
0.019530000000000002
-0.02889
-0.11399
-0.239
-0.01933
0.00728
0.025169999999999998
0.04562
0.11992000000000001
0.08129
0.11320999999999999
0.23021999999999998
0.16297999999999999
0.1208
0.15644
0.09237000000000001
0.04431
0.04294
0.04903
0.07192
0.17564
0.15374000000000002
0.22192
0.24267
0.0593
0.07980999999999999
0.03662
0.07302
0.10103999999999999
0.07092999999999999
0.09657
-0.05904
-0.04190000000000001
0.02302
0.04731
0.10943
0.041280000000000004
0.06263
0.0337
0.15646000000000002
0.10103
0.04122
0.02461
-0.11441000000000001
-0.12882
-0.08637
-0.17869
-0.04999
-0.008110000000000001
-0.04678
-0.08726
-0.02506
-0.03104
-0.06447
-0.07749
0.02521
0.09865
0.021920000000000002
0.05128
0.14594
0.03886
-0.00262
0.00221
0.06513
0.050199999999999995
-0.0051
-0.02302
-0.00021999999999999998
0.12879
0.08567999999999999
0.17902
0.27699
0.14028000000000002
0.10997
0.13611
0.08272
0.02403
0.02261
0.08968
0.0102
-0.10186999999999999
-0.054400000000000004
-0.0799
-0.08234
-0.00375
0.04828
0.07932
0.23972000000000002
0.19443000000000002
0.12956
0.13343
-0.03288
-0.01574
0.005390000000000001
-0.0545
-0.16193000000000002
-0.03977
-0.02275
0.015149999999999999
0.01353
-0.08607
-0.06808
-0.10566
-0.07490000000000001
-0.00635
0.014910000000000001
-0.0068000000000000005
0.14837999999999998
0.12121
0.08241
0.06794
0.19882000000000002
0.18172999999999997
0.09223
0.10052
0.04657
0.11474999999999999
0.08194000000000001
0.14384
0.05187
0.02222
0.06265
0.09768
0.08906
0.02188
0.03677
0.04784
0.07545
-0.03916
-0.039169999999999996
-0.1091
-0.13638999999999998
0.022029999999999998
-0.0129
-0.01502
-0.17524
-0.016120000000000002
-0.01452
0.061079999999999995
-0.07315
-0.052489999999999995
-0.012110000000000001
0.019950000000000002
-0.0629
-0.11358
-0.061130000000000004
-0.05608
-0.09205999999999999
-0.19122
-0.12622
-0.15006
-0.011859999999999999
-0.01083
-0.03068
-0.00792
0.07007
-0.00695
0.00182
0.0129
0.12887
0.14837999999999998
0.11808
0.15476
0.22571000000000002
0.13643
0.12136
0.15828
0.22957999999999998
0.08449
0.057519999999999995
0.05258
0.051559999999999995
0.10513
0.0864
0.16455999999999998
0.12516
0.0727
0.09252
0.13401
0.08924
-0.0085
0.0298
0.0298
0.09516999999999999
-0.00826
-0.01329
-0.02711
-0.06831999999999999
-0.20087
-0.14956
-0.24168
-0.20913
-0.1276
-0.14376
-0.18593
-0.25895
-0.14745
-0.17331
-0.17542000000000002
-0.24067
-0.21905999999999998
-0.20456
-0.24514
-0.32615
-0.3015
-0.22477
-0.26193
-0.21620999999999999
-0.13926
-0.14901
-0.16136
-0.10732
-0.00262
-0.048940000000000004
-0.0405
-0.1653
-0.11772
-0.09000999999999999
-0.08775000000000001
-0.20443999999999998
-0.14165
-0.10334
-0.1323
-0.13311
-0.051840000000000004
-0.0222
-0.01743
0.06237
0.05503
0.022690000000000002
0.03202
-0.09154999999999999
-0.02221
0.011770000000000001
0.02855
0.08744999999999999
0.028399999999999998
0.02803
-0.0086
0.12269999999999999
0.07052
0.03328
0.01649
0.09601000000000001
0.12706
0.061660000000000006
0.09324
0.05026
0.0077800000000000005
0.03805
0.07465
0.15414
0.053200000000000004
0.02506
0.01035
0.023889999999999998
0.0885
0.06246
0.13686
0.1298
-0.020499999999999997
0.0031
-0.03997
-0.01436
0.0815
0.06322
0.08234999999999999
-0.028140000000000002
-0.05379
-0.04707
-0.0759
-0.07723
-0.00571
0.00097
0.01796
-0.04391
-0.10459
-0.08291
-0.07454
-0.18581
-0.20405
-0.13756000000000002
-0.20035
-0.028290000000000003
0.019530000000000002
-0.030910000000000003
-0.04605000000000001
0.00955
-7.000000000000001e-05
-0.05502
-0.043570000000000005
-0.20541
-0.13915
-0.12396000000000001
-0.13373
-0.16710999999999998
-0.08269
-0.050359999999999995
-0.011770000000000001
0.00294
-0.05766
-0.03227
0.01218
0.10835
0.08494
0.06663000000000001
0.12276
0.10991
-0.045759999999999995
-0.00319
-0.06446
-0.03536
0.04811
0.04632
0.044649999999999995
0.11652
0.16201000000000002
0.13733
0.18695
0.17190000000000003
0.01513
0.024249999999999997
-0.043609999999999996
-0.07379
0.022789999999999998
0.011200000000000002
0.05331
0.057359999999999994
-0.03154
-0.02402
-0.02903
0.07562
0.0020599999999999998
-0.00711
-0.07086
-0.04978
0.01586
-0.021789999999999997
-0.05077
-0.0825
0.024980000000000002
-0.012199999999999999
-0.011359999999999999
-0.044660000000000005
-0.02419
-0.0262
0.022690000000000002
0.08781
0.012729999999999998
-0.016479999999999998
-0.013879999999999998
-0.1184
-0.07667
-0.02843
-0.04295
0.02477
0.02099
0.01541
-0.0083
0.04386
0.10916000000000001
0.05115
0.092
-0.04275
-0.06168
-0.04961
-0.05051
-0.12811999999999998
-0.11163000000000001
-0.08115
-0.08192
-0.16637000000000002
-0.19194
-0.16129000000000002
-0.18315
-0.18242
-0.11945
-0.09829
-0.12528
-0.19261
-0.08358
-0.041639999999999996
-0.04188
0.07384
0.19149999999999998
0.1436
0.24528
0.21942
0.07115
0.09315
0.12494
0.10691
-0.02932
0.015220000000000001
-0.04646
-0.027549999999999998
0.02825
0.013720000000000001
0.00035999999999999997
-0.04595
0.00588
0.00799
0.006710000000000001
0.04505
0.13039
0.11417
0.16074000000000002
0.11796
0.06107
0.08016
0.08765
0.08804000000000001
0.03077
0.03532
0.03927
-0.036789999999999996
-0.09477000000000001
-0.08776
-0.0933
-0.18869
-0.18209
-0.16402999999999998
-0.19901
-0.28292
-0.19428
-0.14404999999999998
-0.17550000000000002
-0.18419
-0.10215999999999999
-0.07252
-0.046639999999999994
-0.00998
-0.06749
-0.07216
-0.08769
-0.17757
-0.10209
-0.050199999999999995
-0.06139
-0.01627
0.03319
0.028319999999999998
0.050910000000000004
0.14424
0.02176
-0.005180000000000001
-0.01872
0.027149999999999997
-0.035390000000000005
-0.037989999999999996
-0.046130000000000004
-0.10936
-0.08706
-0.06901
-0.09061
-0.13755
0.00494
0.026680000000000002
0.08279
0.14422000000000001
0.05994
0.04978
0.04149
-0.04393
-0.04917
-0.0046700000000000005
-0.046790000000000005
-0.0408
0.04072
0.03727
0.05296
0.14318
0.10522000000000001
0.07368000000000001
0.09861
0.07118000000000001
-0.02421
-0.00672
-0.04523
-0.06422
-0.022850000000000002
0.0017499999999999998
-0.030990000000000004
-0.00101
0.07195
0.03454
0.04622
-0.0495
-0.02176
-0.020339999999999997
-0.00914
-0.10418
-0.06209
-0.03667
-0.03004
-0.13668
-0.14837
-0.0929
-0.11744
-0.14629
-0.09648999999999999
-0.07207
-0.08871000000000001
-0.08356999999999999
-0.023639999999999998
-0.026789999999999998
-0.01093
-0.05759
-0.07484
-0.03987
-0.07597999999999999
-0.13121
-0.03841
-0.00402
0.00153
0.03726
0.054740000000000004
0.04568
0.06878000000000001
-0.01421
-0.05696
-0.01359
-0.03877
-0.08333
-0.04283000000000001
-0.00202
-0.01687
0.01796
0.02305
0.01426
-0.01158
0.06091
0.12718
0.09964
0.12382
0.03713
0.005350000000000001
0.03395
0.0287
0.042960000000000005
0.05268
0.03232
0.02934
-0.03001
-0.04327
-0.00769
-0.01391
0.02311
0.05083
0.04475
0.06413
0.08766
0.03852
0.03981
0.06554
0.06785000000000001
-0.06019
-0.05402
-0.09067
-0.05228
-0.03903
-0.05643
-0.04632
-0.12093999999999999
-0.14947
-0.09651
-0.12378
-0.15503999999999998
-0.10710000000000001
-0.06871000000000001
-0.08744
0.00431
0.02839
-0.01694
-0.017159999999999998
-0.12197
-0.12802
-0.08601
-0.10711
-0.08693
-0.04918
-0.04798
-0.06387999999999999
-0.12702
-0.13696999999999998
-0.10815
-0.14479
-0.12199
-0.08434
-0.08746000000000001
-0.09815
-0.10237
-0.07538
-0.07561
-0.10099
-0.15433
-0.0662
-0.0286
-0.00215
0.08169
-0.02318
-0.02751
-0.07014000000000001
-0.04579
-0.01856
-0.02307
-0.03959
-0.09630000000000001
-0.09515000000000001
-0.07857
-0.10852
-0.06283
-0.020179999999999997
-0.01993
-0.050460000000000005
0.05428
0.08285999999999999
0.046180000000000006
0.05892
0.12153
0.08807000000000001
0.04944
0.042199999999999994
0.012270000000000001
0.049269999999999994
0.043410000000000004
0.05974
0.028679999999999997
-0.020419999999999997
-0.01099
-0.02818
0.042140000000000004
0.00017
-0.007890000000000001
-0.020419999999999997
0.0466
-0.03931
-0.06777999999999999
-0.13249
-0.16215
-0.07373
-0.0771
-0.08058
-0.01373
0.05944
0.00814
0.03526
0.01566
-0.01083
0.0007599999999999999
-0.00666
0.01432
0.00365
-0.010089999999999998
-0.025699999999999997
-0.01341
0.05669
0.02637
0.08898
0.08733
0.0128
0.01421
0.05605
0.07952
-0.01039
0.00314
-0.01861
-0.07166
-0.06448000000000001
-0.01012
-0.024780000000000003
0.09534000000000001
0.06723
0.03681
0.02157
0.01087
0.02396
0.026840000000000003
0.0666
0.08972
0.030459999999999997
0.00453
-0.01534
-0.07822
-0.09036
-0.03463
-0.052779999999999994
0.047850000000000004
-0.04102
-0.06145
-0.10651999999999999
-0.07634
-0.03288
-0.034409999999999996
-0.05479
-0.00743
0.04999
0.03324
0.02788
0.10825
0.11018
0.05076
0.0775
0.0072299999999999994
-0.07515
-0.06604
-0.11064
-0.12408
-0.09373
-0.06702
-0.10533
-0.06343
-0.00358
-0.012809999999999998
-0.02416
0.0378
0.06386
0.01855
0.02694
0.05747
-0.05671
-0.0661
-0.13373
-0.10612
-0.07749
-0.09510999999999999
-0.14894
-0.15177
-0.045700000000000005
-0.056760000000000005
-0.07596
-0.01217
0.06385
0.006979999999999999
-0.00772
0.018600000000000002
0.087
0.02328
0.05055
-0.02749
-0.02988
-0.02215
-0.02794
-0.02552
0.02302
0.04088
0.07416
0.15534
0.1066
0.07194
0.06783
0.02801
0.07454
0.06314
0.05508
0.01554
0.0041199999999999995
0.00466
-0.00893
0.033769999999999994
0.044539999999999996
0.02704
0.0524
0.06065
0.07206
0.05618
0.08388999999999999
-0.00597
0.00715
0.01922
0.03447
-0.03281
-0.07963
-0.06474
-0.07388
-0.04859
-0.055990000000000005
-0.04444
-0.06573999999999999
-0.05289
-0.00598
0.00612
0.0091
0.03331
0.0731
0.05176
0.10149
0.09043
0.010620000000000001
0.0042899999999999995
-0.0047599999999999995
-0.015969999999999998
-0.04043
-0.01833
-0.02299
0.04769
0.0203
0.02444
0.03674
0.16021000000000002
0.12105
0.07699
0.09707
0.10647999999999999
0.050789999999999995
0.018799999999999997
0.021070000000000002
-0.029900000000000003
-0.02481
-0.02711
-0.02077
-0.10869999999999999
-0.17879
-0.12009
-0.1722
-0.13327999999999998
-0.06605
-0.06837
-0.09047000000000001
-0.09976000000000002
-0.01602
-0.02918
-0.01787
-0.09910999999999999
-0.10483
-0.07025
-0.11949
-0.08522
-0.006979999999999999
-0.012889999999999999
-0.0311
-0.0028199999999999996
0.052750000000000005
0.05334
0.060039999999999996
0.09204000000000001
0.0965
0.07653
0.05686
0.06066
0.149
0.10424
0.12286
0.03206
0.02062
0.027679999999999996
0.0302
0.02367
-0.00445
-0.00185
-0.01097
-0.08554
-0.06415
-0.04428
-0.062110000000000005
-0.1014
-0.04593
-0.0567
-0.06454
-0.10116
-0.12212999999999999
-0.11529
-0.14664
-0.17678000000000002
-0.14835
-0.1434
-0.17292000000000002
-0.22356
-0.15794
-0.13898
-0.15539
-0.11356
-0.00972
-0.03878
-0.00893
-0.05219
-0.03508
-0.030430000000000002
0.012929999999999999
0.00843
-0.052750000000000005
-0.03962
-0.06371
-0.05416000000000001
0.038610000000000005
0.036019999999999996
0.06253
0.04346
0.06923
0.06686
0.11066000000000001
0.08792
0.023010000000000003
0.018600000000000002
0.009000000000000001
-0.08816
-0.08237
-0.03467
-0.04099
-0.047240000000000004
-0.07832
-0.07078000000000001
-0.09564
-0.08007999999999998
-0.00435
-0.00931
0.01943
0.00496
-0.0668
-0.054560000000000004
-0.08872999999999999
-0.0793
-0.018420000000000002
-0.02951
-0.04462
-0.10363
-0.03802
-0.04013
0.01024
-0.008289999999999999
-0.07864
-0.06314
-0.053470000000000004
-0.11647
-0.12122
-0.08032
-0.08861000000000001
-0.07635
-0.06494
-0.04748
-0.049429999999999995
0.0286
-0.04912
-0.058499999999999996
-0.07694
-0.10172
-0.12061999999999999
-0.10739000000000001
-0.12176000000000001
-0.16699000000000003
-0.09031
-0.05371000000000001
-0.04919
0.038290000000000005
-0.03383
-0.05076
-0.07844999999999999
-0.0006
-0.00924
-0.04424
-0.06121000000000001
-0.09731999999999999
-0.06673
-0.06282
-0.07394
-0.019379999999999998
0.0008
-0.01528
-0.01952
-0.04885
-0.019870000000000002
-0.01089
-0.02335
-0.011559999999999999
0.021509999999999998
0.02403
0.00847
0.07866
0.0481
0.020019999999999996
-0.02238
0.010740000000000001
0.107
0.06136
0.07498
0.06741
0.10631
0.07716
0.09559
0.07891
0.11057
0.09454000000000001
0.13109
0.05097
0.01106
0.025019999999999997
0.02239
-0.015009999999999999
-0.026709999999999998
-0.02075
-0.02311
-0.01115
0.010169999999999998
-0.0017100000000000001
0.03988
-0.00111
-0.06042
-0.05343
-0.060860000000000004
-0.1338
-0.13085000000000002
-0.1056
-0.13859
-0.16622
-0.12017
-0.08941
-0.05801
-0.013389999999999999
-0.07386
-0.06835
-0.06947
-0.042359999999999995
-0.01224
-0.014159999999999999
0.02399
0.04127
-0.0302
-0.021259999999999998
-0.0066
0.053810000000000004
-0.023629999999999998
-0.017390000000000003
-0.01695
0.0139
-0.06229
-0.045759999999999995
-0.07977000000000001
-0.00231
0.043710000000000006
0.02811
0.0298
0.08634
0.08945
0.07254
0.08861000000000001
0.16539
0.11105999999999999
0.07275999999999999
0.06976
0.06836
0.005869999999999999
-0.00722
-0.02956
-0.0479
-0.02175
-0.04551
-0.06356
-0.11271
-0.02918
-0.03013
0.0028199999999999996
-0.00972
-0.057980000000000004
-0.05928
-0.07661
-0.13112000000000001
-0.08898
-0.06705
-0.06469
-0.10482
-0.08718
-0.05315
-0.045869999999999994
0.04394
0.04394
0.017769999999999998
0.0264
-0.01886
-0.05107999999999999
-0.029289999999999997
-0.04398
-0.01401
-0.014119999999999999
-0.02338
-0.04315
-0.007850000000000001
0.04771
0.02005
0.05743
-0.034980000000000004
-0.06254
-0.02418
-0.029830000000000002
-0.03222
-0.00571
0.01534
0.01606
0.05772
0.00822
0.00653
-0.01825
0.027069999999999997
0.02007
-0.00126
-0.00938
0.00866
-0.013999999999999999
-0.03608
-0.05743
-0.08319000000000001
-0.051230000000000005
-0.05375
-0.06591
-0.00987
0.030299999999999997
-0.0017100000000000001
0.00754
0.00338
-0.0155
-0.02467
-0.011009999999999999
-0.046189999999999995
-0.03589
-0.009130000000000001
0.019790000000000002
0.09215
0.047560000000000005
0.03739
0.027149999999999997
0.024929999999999997
-0.00247
0.00214
-0.007169999999999999
-0.07757
-0.07775
-0.04612
-0.08694
-0.06521
0.02085
0.0222
0.01218
0.03999
0.06433
0.03494
0.02711
-0.03261
-0.018520000000000002
-0.01746
-0.03055
-0.10983000000000001
-0.09269999999999999
-0.07400999999999999
-0.10887000000000001
-0.10885
-0.06021
-0.07674
-0.08805
-0.08959
-0.00586
-0.02358
-0.00039
-0.04812
-0.09895
-0.07686
-0.08956
0.00245
0.01155
-0.021330000000000002
0.0
-0.04479
-0.05319
-0.03989
-0.025990000000000003
-0.05788
-0.05608
-0.00812
-0.00995
0.08372
0.0958
0.09097
0.10032
0.15938
0.12295
0.09231
0.08033
0.058230000000000004
0.0725
0.06303
0.04436
0.00957
0.024009999999999997
0.02387
0.025019999999999997
0.04415
0.048799999999999996
0.021949999999999997
0.01202
-0.04234
-0.04024
-0.02725
-0.05005
0.00709
0.012889999999999999
-0.01256
-0.01602
-0.04392
-0.01631
-0.00856
-0.00738
0.029580000000000002
0.055
0.05042
0.0553
0.07833
0.054189999999999995
0.04774
0.04686
-0.00218
0.01472
0.02451
0.0191
0.01282
0.040389999999999995
0.04482
0.05984
0.07167
0.04906
0.04213
0.028210000000000002
0.03177
0.11122
0.09641999999999999
0.12579
0.0562
0.01504
0.0348
0.025539999999999997
-0.01165
-0.0067
-0.014190000000000001
-0.01603
-0.09011
-0.11682000000000001
-0.09893
-0.11042
-0.13663999999999998
-0.12667
-0.10127000000000001
-0.12423999999999999
-0.06876
-0.06701
-0.06831000000000001
-0.07206
-0.02624
-0.04585
-0.04365
-0.06861
-0.00043
0.05588
0.029060000000000002
0.06797
0.06668
0.026779999999999998
0.02395
0.02641
-0.0134
0.03945
0.060090000000000005
0.07332
0.14253
0.11409000000000001
0.08726
0.07683
0.010289999999999999
0.035750000000000004
0.04729
0.03352
-0.04484
0.0022
0.007980000000000001
0.00064
-0.022480000000000003
0.01417
0.00966
-0.0098
-0.05197
-0.03041
-0.00929
-0.02092
0.054029999999999995
0.03412
-0.00966
-0.02675
-0.11126
-0.07152
-0.07642
-0.0757
-0.09827999999999999
-0.04208
-0.05023
-0.013269999999999999
-0.03275
-0.03333
-0.01783
0.02012
-0.00995
-0.06286
-0.01932
-0.00853
0.03999
-0.004050000000000001
-0.0027
-0.00454
-0.02551
0.01805
0.02576
0.055380000000000006
0.01309
-0.0069099999999999995
0.03481
0.03919
0.08010999999999999
0.05242
0.06644
0.054000000000000006
0.07334
0.06584
0.051449999999999996
0.041429999999999995
0.0030499999999999998
0.01626
0.02119
0.03696
0.03313
-0.01473
-0.01733
-0.04185
-0.06573999999999999
-0.048499999999999995
-0.03146
-0.05118
0.028650000000000002
0.03814
0.03193
0.0322
0.07707
0.0641
0.03412
0.047880000000000006
0.037000000000000005
0.06014
0.05167
0.08076
0.11681
0.06478
0.05886
0.05883
0.0759
0.06096
0.06197
0.08539999999999999
0.08564999999999999
0.02643
0.02984
0.021
0.04424
0.03422
0.022940000000000002
0.01236
-0.01943
0.02048
0.01482
0.03904
-0.01451
-0.0643
-0.03749
-0.05789
-0.04583
-0.04151
-0.04596
-0.07053
-0.13553
-0.09356
-0.09858
-0.10814
-0.14721
-0.09156
-0.08613
-0.07918
-0.09172000000000001
-0.13842000000000002
-0.12127
-0.14847
-0.12217
-0.04336
-0.05016
-0.0302
-0.03907
-0.04106
-0.027469999999999998
-0.004030000000000001
0.06698
0.04294
0.0336
0.057679999999999995
0.03011
0.00995
0.03646
0.05
0.10937
0.08538
0.09301
0.10113
0.14221999999999999
0.10143
0.09675
0.11576
0.11651
0.05284
0.040970000000000006
0.00753
-0.02572
0.02222
0.03421
0.01866
0.04311
0.02404
0.00637
-0.02068
-0.0412
0.01234
0.00086
0.01164
-0.0127
-0.02719
-0.03293
-0.03944
-0.0557
-0.05054
-0.03919
-0.041120000000000004
-0.04275
-0.03036
-0.02734
-0.03265
-0.00145
0.016659999999999998
0.01246
-0.0011
-0.0574
-0.00074
0.01333
0.01601
-0.01546
0.05069
0.052910000000000006
0.07113
0.06577
0.07495
0.08377000000000001
0.08428000000000001
0.03118
0.04718
0.07299
0.06198000000000001
0.06969
0.11845
0.09258
0.09142
0.0565
0.04086
0.03625
0.0407
0.04363
-0.01637
-0.01996
-0.04215
-0.06366
-0.053239999999999996
-0.03775
-0.04011
-0.03723
-0.08603999999999999
-0.07456
-0.09626
-0.058600000000000006
-0.012190000000000001
-0.0393
-0.028239999999999998
-0.07942
-0.026690000000000002
-0.01348
0.0074199999999999995
0.02311
0.006790000000000001
0.033929999999999995
0.041139999999999996
0.08866
0.056260000000000004
0.04854
0.03299
0.01833
0.027719999999999998
0.023250000000000003
0.01693
-0.02113
-0.02809
-0.008539999999999999
-0.029449999999999997
-0.01496
0.01734
0.01476
0.0059499999999999996
0.061399999999999996
0.06168
0.039209999999999995
0.032549999999999996
0.06334
0.05117
0.01568
0.00027
-0.09033
-0.05473
-0.06526
-0.06796
-0.12960000000000002
-0.09028
-0.08313000000000001
-0.0799
-0.05125
-0.04156
-0.04386
-0.02978
-0.04311
-0.06923
-0.05337
-0.05575
-0.01691
-0.0035299999999999997
-0.01472
-0.00726
0.013560000000000001
0.01413
0.01027
0.02206
0.02305
0.06631999999999999
0.06774
0.09843
0.08886
0.061849999999999995
0.06833
0.08930999999999999
0.059519999999999997
0.00073
-0.00047
-0.01655
-0.07583000000000001
-0.05327
-0.040209999999999996
-0.04392
-0.05627
-0.0472
-0.04108
-0.050170000000000006
-0.12483000000000001
-0.11093
-0.07443
-0.08631
-0.09842000000000001
-0.06736
-0.05442
-0.06607
-0.057859999999999995
-0.04884
-0.047439999999999996
-0.06066
-0.06753999999999999
-0.03127
-0.00781
-0.01318
0.060439999999999994
0.07094
0.04684
0.035339999999999996
0.0815
0.11595000000000001
0.0802
0.10697
0.05072
0.02423
0.0311
0.04201
0.0023599999999999997
0.02458
0.05218
0.07641
0.10163
0.06051
0.06213
0.05897
0.09240999999999999
0.08481
0.06784
0.07418999999999999
0.03291
0.00767
0.00382
-0.00873
-0.05821
-0.04277
-0.029689999999999998
-0.022629999999999997
-0.014119999999999999
-0.03841
-0.037290000000000004
-0.040519999999999994
-0.08441000000000001
-0.0886
-0.05698
-0.0574
-0.02634
0.01701
0.01291
0.04629
0.04327
0.00905
0.01459
0.031939999999999996
0.03077
0.01913
0.02911
0.03497
0.0049
-0.0147
0.01541
0.01433
0.02612
-0.00359
0.00666
-0.015260000000000001
-0.01158
0.00398
-0.00263
-0.00269
0.00407
-0.02265
-0.0189
-0.031869999999999996
-0.01402
0.00647
0.00946
0.023250000000000003
0.06213
0.02258
0.01349
0.0037099999999999998
-0.01279
-0.0025
0.0053
0.00267
0.018680000000000002
-0.00508
-0.021869999999999997
-0.02284
-0.042519999999999995
-0.04443
-0.03818
-0.04437
-0.06703
-0.07811
-0.05132
-0.07333
-0.00607
0.00486
0.00199
-0.00214
0.021920000000000002
0.02113
0.012190000000000001
0.00976
0.03754
0.020819999999999998
0.00848
-0.00134
0.04362
0.055970000000000006
0.03235
0.04912
0.044109999999999996
-0.00083
0.0020599999999999998
0.0001
0.02944
0.0034000000000000002
0.0028599999999999997
-0.01504
-0.0574
-0.027559999999999998
-0.01414
-0.016579999999999998
0.01131
0.04562
0.0403
0.057409999999999996
0.07866
0.02624
0.04147
0.03406
0.09365
0.044509999999999994
0.02183
-0.00834
-0.00545
0.03216
0.010709999999999999
0.00319
-0.041909999999999996
-0.011040000000000001
-0.01349
-0.019039999999999998
-0.020110000000000003
0.025070000000000002
0.00741
0.02458
-0.01018
0.00449
0.01897
0.03716
0.04917
-0.00768
-0.00376
-0.01703
-0.04176
-0.04239
-0.03142
-0.042140000000000004
-0.08135999999999999
-0.07592
-0.04551
-0.07469
-0.01851
0.004719999999999999
-0.00105
-0.02859
-0.01376
0.021179999999999997
0.01179
0.008239999999999999
0.05671
0.06326
0.023239999999999997
0.01653
-0.01814
-0.00599
-0.00627
-0.013999999999999999
-0.027389999999999998
0.02377
0.018189999999999998
0.034460000000000005
0.05908
0.04
0.02284
0.02459
0.010780000000000001
0.00713
0.01642
0.02357
0.06392
0.02238
0.00623
0.0014299999999999998
0.00384
0.0068000000000000005
0.00733
0.00293
-0.02782
-0.02329
-0.0070999999999999995
-0.0053300000000000005
0.02166
0.02598
0.01019
0.01481
-0.00601
-0.01877
-0.0070999999999999995
-0.00871
0.01198
0.01091
0.01109
0.02008
0.02595
0.014410000000000001
0.010009999999999998
0.0115
-0.007940000000000001
-0.00017
0.0083
0.00851
-0.0028199999999999996
-0.004
0.0042899999999999995
-0.0035499999999999998
-0.008579999999999999
-0.00534
0.00084
-0.00805
0.00657
0.00504
0.00136
-0.01018
-0.00436
0.011120000000000001
0.00297
0.00010999999999999999
-0.007039999999999999
-0.0022400000000000002
-0.00745
-0.00983
-0.00526
-0.0032
-0.0054800000000000005
-0.00751
0.00367
0.00334
-0.00265
-0.0025800000000000003
-0.00356
0.00402
0.00299
0.00843
0.010820000000000001
0.00994
0.00787
0.00957
0.0057799999999999995
0.009170000000000001
0.00958
0.01262
0.00945
0.00724
0.00907
0.00991
0.01134
0.01038
0.01095
0.010280000000000001
0.00862
0.00787
0.00838
0.00805
0.0070799999999999995
0.005580000000000001
0.00526
0.0041199999999999995
0.00375
0.00301
0.00251
0.00199
0.00155
0.00075
0.00047
0.00025
0.00023
4e-05
2e-05
-0.0
0.0
0.0
0.0
0.0
0.0
0.0
0.0
0.0
0.0
0.0
0.0
0.0
0.0
0.0
0.0
0.0
0.0
0.0
0.0
0.0
0.0
0.0
0.0
0.0
0.0
0.0
0.0
0.0
0.0
0.0
0.0
0.0
0.0
0.0
0.0
0.0
0.0
0.0
0.0
0.0
0.0
0.0
0.0
0.0
0.0
0.0
0.0
0.0
0.0
0.0
0.0
0.0
0.0
0.0
0.0
0.0
0.0
0.0
0.0
0.0
0.0
0.0
0.0
0.0
0.0
0.0
0.0
0.0
0.0
0.0
0.0
0.0
0.0
0.0
0.0
0.0
0.0
0.0
0.0
0.0
0.0
0.0
0.0
0.0
0.0
0.0
0.0
0.0
0.0
0.0
0.0
0.0
0.0
0.0
0.0
0.0
0.0
0.0
0.0
0.0
0.0
0.0
0.0
0.0
0.0
0.0
0.0
0.0
0.0
0.0
0.0
0.0
0.0
0.0
0.0
0.0
0.0
0.0
0.0
0.0
0.0
0.0
0.0
0.0
0.0
0.0
0.0
0.0
0.0
0.0
0.0
0.0
0.0
0.0
0.0
0.0
0.0
0.0
0.0
0.0
0.0
0.0
0.0
0.0
0.0
0.0
0.0
0.0
0.0
0.0
0.0
0.0
0.0
0.0
0.0
0.0
0.0
0.0
0.0
0.0
0.0
0.0
0.0
0.0
0.0
0.0
0.0
0.0
0.0
0.0
0.0
0.0
0.0
0.0
0.0
0.0
0.0
0.0
0.0
0.0
0.0
0.0
0.0
0.0
0.0
0.0
0.0
0.0
0.0
0.0
0.0
0.0
0.0
0.0
0.0
0.0
0.0
0.0
0.0
0.0
0.0
0.0
0.0
0.0
0.0
0.0
0.0
0.0
0.0
0.0
0.0
0.0
0.0
0.0
0.0
0.0
0.0
0.0
0.0
0.0
0.0
0.0
0.0
0.0
0.0
0.0
0.0
0.0
0.0
0.0
0.0
0.0
0.0
0.0
0.0
0.0
0.0
0.0
0.0
0.0
0.0
0.0
0.0
0.0
0.0
0.0
0.0
0.0
0.0
0.0
0.0
0.0
0.0
0.0
0.0
0.0
0.0
0.0
0.0
0.0
0.0
0.0
0.0
0.0
0.0
0.0
0.0
0.0
0.0
0.0
0.0
0.0
0.0
0.0
0.0
0.0
0.0
0.0
0.0
0.0
0.0
0.0
0.0
0.0
0.0
0.0
0.0
0.0
0.0
0.0
0.0
0.0
0.0
0.0
0.0
0.0
0.0
0.0
0.0
0.0
0.0
0.0
0.0
0.0
0.0
0.0
0.0
0.0
0.0
0.0
0.0
0.0
0.0
0.0
0.0
0.0
0.0
0.0
0.0
0.0
0.0
0.0
0.0
0.0
0.0
0.0
0.0
0.0
0.0
0.0
0.0
0.0
0.0
0.0
0.0
0.0
0.0
0.0
0.0
0.0
0.0
0.0
0.0
0.0
0.0
0.0
0.0
0.0
0.0
0.0
0.0
0.0
0.0
0.0
0.0
0.0
0.0
0.0
0.0
0.0
0.0
0.0
0.0
0.0
0.0
0.0
0.0
0.0
0.0
0.0
0.0
0.0
0.0
0.0
0.0
0.0
0.0
0.0
0.0
0.0
0.0
0.0
0.0
0.0
0.0
0.0
0.0
0.0
0.0
0.0
0.0
0.0
0.0
0.0
0.0
0.0
0.0
0.0
0.0
0.0
0.0
0.0
0.0
0.0
0.0
0.0
0.0
0.0
0.0
0.0
0.0
0.0
0.0
0.0
0.0
0.0
0.0
0.0
0.0
0.0
0.0
0.0
0.0
0.0
0.0
0.0
0.0
0.0
0.0
0.0
0.0
0.0
0.0
0.0
0.0
0.0
0.0
0.0
0.0
0.0
0.0
0.0
0.0
0.0
0.0
0.0
0.0
0.0
0.0
0.0
0.0
0.0
0.0
0.0
0.0
0.0
0.0
0.0
0.0
0.0
0.0
0.0
0.0
0.0
0.0
0.0
0.0
0.0
0.0
0.0
0.0
0.0
0.0
0.0
0.0
0.0
0.0
0.0
0.0
0.0
0.0
0.0
0.0
0.0
0.0
0.0
0.0
0.0
0.0
0.0
0.0
0.0
0.0
0.0
0.0
0.0
0.0
0.0
0.0
0.0
0.0
0.0
0.0
0.0
0.0
0.0
0.0
0.0
0.0
0.0
0.0
0.0
0.0
0.0
0.0
0.0
0.0
0.0
0.0
0.0
0.0
0.0
0.0
0.0
0.0
0.0
0.0
0.0
0.0
0.0
0.0
0.0
0.0
0.0
0.0
0.0
0.0
0.0
0.0
0.0
0.0
0.0
0.0
0.0
0.0
0.0
0.0
0.0
0.0
0.0
0.0
0.0
0.0
0.0
0.0
0.0
0.0
0.0
0.0
0.0
0.0
0.0
0.0
0.0
0.0
0.0
0.0
0.0
0.0
0.0
0.0
0.0
0.0
0.0
0.0
0.0
0.0
0.0
0.0
0.0
0.0
0.0
0.0
0.0
0.0
0.0
0.0
0.0
0.0
0.0
0.0
0.0
0.0
0.0
0.0
0.0
0.0
0.0
0.0
0.0
0.0
0.0
0.0
0.0
0.0
0.0
0.0
0.0
0.0
0.0
0.0
0.0
0.0
0.0
0.0
0.0
0.0
0.0
0.0
0.0
0.0
0.0
0.0
0.0
0.0
0.0
0.0
0.0
0.0
0.0
0.0
0.0
0.0
0.0
0.0
0.0
0.0
0.0
0.0
0.0
0.0
0.0
0.0
0.0
0.0
0.0
0.0
0.0
0.0
0.0
0.0
0.0
0.0
0.0
0.0
0.0
0.0
0.0
0.0
0.0
0.0
0.0
0.0
0.0
0.0
0.0
0.0
0.0
0.0
0.0
0.0
0.0
0.0
0.0
0.0
0.0
0.0
0.0
0.0
0.0
0.0
0.0
0.0
0.0
0.0
0.0
0.0
0.0
0.0
0.0
0.0
0.0
0.0
0.0
0.0
0.0
0.0
0.0
0.0
0.0
0.0
0.0
0.0
0.0
0.0
0.0
0.0
0.0
0.0
0.0
0.0
0.0
0.0
0.0
0.0
0.0
0.0
0.0
0.0
0.0
0.0
0.0
0.0
0.0
0.0
0.0
0.0
0.0
0.0
0.0
0.0
0.0
0.0
0.0
0.0
0.0
0.0
0.0
0.0
0.0
0.0
0.0
0.0
0.0
0.0
0.0
0.0
0.0
0.0
0.0
0.0
0.0
0.0
0.0
0.0
0.0
0.0
0.0
0.0
0.0
0.0
0.0
0.0
0.0
0.0
0.0
0.0
0.0
0.0
0.0
0.0
0.0
0.0
0.0
0.0
0.0
0.0
0.0
0.0
0.0
0.0
0.0
0.0
0.0
0.0
0.0
0.0
0.0
0.0
0.0
0.0
0.0
0.0
0.0
0.0
0.0
0.0
0.0
0.0
0.0
0.0
0.0
0.0
0.0
0.0
0.0
0.0
0.0
0.0
0.0
0.0
0.0
0.0
0.0
0.0
0.0
0.0
0.0
0.0
0.0
0.0
0.0
0.0
0.0
0.0
0.0
0.0
0.0
0.0
0.0
0.0
0.0
0.0
0.0
0.0
0.0
0.0
0.0
0.0
0.0
0.0
0.0
0.0
0.0
0.0
0.0
0.0
0.0
0.0
0.0
0.0
0.0
0.0
0.0
0.0
0.0
0.0
0.0
0.0
0.0
0.0
0.0
0.0
0.0
0.0
0.0
0.0
0.0
0.0
0.0
0.0
0.0
0.0
0.0
0.0
0.0
0.0
0.0
0.0
0.0
0.0
0.0
0.0
0.0
0.0
0.0
0.0
0.0
0.0
0.0
0.0
0.0
0.0
0.0
0.0
0.0
0.0
0.0
0.0
0.0
0.0
0.0
0.0
0.0
0.0
0.0
0.0
0.0
0.0
0.0
0.0
0.0
0.0
0.0
0.0
0.0
0.0
0.0
0.0
0.0
0.0
0.0
0.0
0.0
0.0
0.0
0.0
0.0
0.0
0.0
0.0
0.0
0.0
0.0
0.0
0.0
0.0
0.0
0.0
0.0
0.0
0.0
0.0
0.0
0.0
0.0
0.0
0.0
0.0
0.0
0.0
0.0
0.0
0.0
0.0
0.0
0.0
0.0
0.0
0.0
0.0
0.0
0.0
0.0
0.0
0.0
0.0
0.0
0.0
0.0
0.0
0.0
0.0
0.0
0.0
0.0
0.0
0.0
0.0
0.0
0.0
0.0
0.0
0.0
0.0
0.0
0.0
0.0
0.0
0.0
0.0
0.0
0.0
0.0
0.0
0.0
0.0
0.0
0.0
0.0
0.0
0.0
0.0
0.0
0.0
0.0
0.0
0.0
0.0
0.0
0.0
0.0
0.0
0.0
0.0
0.0
0.0
0.0
0.0
0.0
0.0
0.0
0.0
0.0
0.0
0.0
0.0
0.0
0.0
0.0
0.0
0.0
0.0
0.0
0.0
0.0
0.0
0.0
0.0
0.0
0.0
0.0
0.0
0.0
0.0
0.0
0.0
0.0
0.0
0.0
0.0
0.0
0.0
0.0
0.0
0.0
0.0
0.0
0.0
0.0
0.0
0.0
0.0
0.0
0.0
0.0
0.0
0.0
0.0
0.0
0.0
0.0
0.0
0.0
0.0
0.0
0.0
0.0
0.0
0.0
0.0
0.0
0.0
0.0
0.0
0.0
0.0
0.0
0.0
0.0
0.0
0.0
0.0
0.0
0.0
0.0
0.0
0.0
0.0
0.0
0.0
0.0
0.0
0.0
0.0
0.0
0.0
0.0
0.0
0.0
0.0
0.0
0.0
0.0
0.0
0.0
0.0
0.0
0.0
0.0
0.0
0.0
0.0
0.0
0.0
0.0
0.0
0.0
0.0
0.0
0.0
0.0
0.0
0.0
0.0
0.0
0.0
0.0
0.0
0.0
0.0
0.0
0.0
0.0
0.0
0.0
0.0
0.0
0.0
0.0
0.0
0.0
0.0
0.0
0.0
0.0
0.0
0.0
0.0
0.0
0.0
0.0
0.0
0.0
0.0
0.0
0.0
0.0
0.0
0.0
0.0
0.0
0.0
0.0
0.0
0.0
0.0
0.0
0.0
0.0
0.0
0.0
0.0
0.0
0.0
0.0
0.0
0.0
0.0
0.0
0.0
0.0
0.0
0.0
0.0
0.0
0.0
0.0
0.0
0.0
0.0
0.0
0.0
0.0
0.0
0.0
0.0
0.0
0.0
0.0
0.0
0.0
0.0
0.0
0.0
0.0
0.0
0.0
0.0
0.0
0.0
0.0
0.0
0.0
0.0
0.0
0.0
0.0
0.0
0.0
0.0
0.0
0.0
0.0
0.0
0.0
0.0
0.0
0.0
0.0
0.0
0.0
0.0
0.0
0.0
0.0
0.0
0.0
0.0
0.0
0.0
0.0
0.0
0.0
0.0
0.0
0.0
0.0
0.0
0.0
0.0
0.0
0.0
0.0
0.0
0.0
0.0
0.0
0.0
0.0
0.0
0.0
0.0
0.0
0.0
0.0
0.0
0.0
0.0
0.0
0.0
0.0
0.0
0.0
0.0
0.0
0.0
0.0
0.0
0.0
0.0
0.0
0.0
0.0
0.0
0.0
0.0
0.0
0.0
0.0
0.0
0.0
0.0
0.0
0.0
0.0
0.0
0.0
0.0
0.0
0.0
0.0
0.0
0.0
0.0
0.0
0.0
0.0
0.0
0.0
0.0
0.0
0.0
0.0
0.0
0.0
0.0
0.0
0.0
0.0
0.0
0.0
0.0
0.0
0.0
0.0
0.0
0.0
0.0
0.0
0.0
0.0
0.0
0.0
0.0
0.0
0.0
0.0
0.0
0.0
0.0
0.0
0.0
0.0
0.0
0.0
0.0
0.0
0.0
0.0
0.0
0.0
0.0
0.0
0.0
0.0
0.0
0.0
0.0
0.0
0.0
0.0
0.0
0.0
0.0
0.0
0.0
0.0
0.0
0.0
0.0
0.0
0.0
0.0
0.0
0.0
0.0
0.0
0.0
0.0
0.0
0.0
0.0
0.0
0.0
0.0
0.0
0.0
0.0
0.0
0.0
0.0
0.0
0.0
0.0
0.0
0.0
0.0
0.0
0.0
0.0
0.0
0.0
0.0
0.0
0.0
0.0
0.0
0.0
0.0
0.0
0.0
0.0
0.0
0.0
0.0
0.0
0.0
0.0
0.0
0.0
0.0
0.0
0.0
0.0
0.0
0.0
0.0
0.0
0.0
0.0
0.0
0.0
0.0
0.0
0.0
0.0
0.0
0.0
0.0
0.0
0.0
0.0
0.0
0.0
0.0
0.0
0.0
0.0
0.0
0.0
0.0
0.0
0.0
0.0
0.0
0.0
0.0
0.0
0.0
0.0
0.0
0.0
0.0
0.0
0.0
0.0
0.0
0.0
0.0
0.0
0.0
0.0
0.0
0.0
0.0
0.0
0.0
0.0
0.0
0.0
0.0
0.0
0.0
0.0
0.0
0.0
0.0
0.0
0.0
0.0
0.0
0.0
0.0
0.0
0.0
0.0
0.0
0.0
0.0
0.0
0.0
0.0
0.0
0.0
0.0
0.0
0.0
0.0
0.0
0.0
0.0
0.0
0.0
0.0
0.0
0.0
0.0
0.0
0.0
0.0
0.0
0.0
0.0
0.0
0.0
0.0
0.0
0.0
0.0
0.0
0.0
0.0
0.0
0.0
0.0
0.0
0.0
0.0
0.0
0.0
0.0
0.0
0.0
0.0
0.0
0.0
0.0
0.0
0.0
0.0
0.0
0.0
0.0
0.0
0.0
0.0
0.0
0.0
0.0
0.0
0.0
0.0
0.0
0.0
0.0
0.0
0.0
0.0
0.0
0.0
0.0
0.0
0.0
0.0
0.0
0.0
0.0
0.0
0.0
0.0
0.0
0.0
0.0
0.0
0.0
0.0
0.0
0.0
0.0
0.0
0.0
0.0
0.0
0.0
0.0
0.0
0.0
0.0
0.0
0.0
0.0
0.0
0.0
0.0
0.0
0.0
0.0
0.0
0.0
0.0
0.0
0.0
0.0
0.0
0.0
0.0
0.0
0.0
0.0
0.0
0.0
0.0
0.0
0.0
0.0
0.0
0.0
0.0
0.0
0.0
0.0
0.0
0.0
0.0
0.0
0.0
0.0
0.0
0.0
0.0
0.0
0.0
0.0
0.0
0.0
0.0
0.0
0.0
0.0
0.0
0.0
0.0
0.0
0.0
0.0
0.0
0.0
0.0
0.0
0.0
0.0
0.0
0.0
0.0
0.0
0.0
0.0
0.0
0.0
0.0
0.0
0.0
0.0
0.0
0.0
0.0
0.0
0.0
0.0
0.0
0.0
0.0
0.0
0.0
0.0
0.0
0.0
0.0
0.0
0.0
0.0
0.0
0.0
0.0
0.0
0.0
0.0
0.0
0.0
0.0
0.0
0.0
0.0
0.0
0.0
0.0
0.0
0.0
0.0
0.0
0.0
0.0
0.0
0.0
0.0
0.0
0.0
0.0
0.0
0.0
0.0
0.0
0.0
0.0
0.0
0.0
0.0
0.0
0.0
0.0
0.0
0.0
0.0
0.0
0.0
0.0
0.0
0.0
0.0
0.0
0.0
0.0
0.0
0.0
0.0
0.0
0.0
0.0
0.0
0.0
0.0
0.0
0.0
0.0
0.0
0.0
0.0
0.0
0.0
0.0
0.0
0.0
0.0
0.0
0.0
0.0
0.0
0.0
0.0
0.0
0.0
0.0
0.0
0.0
0.0
0.0
0.0
0.0
0.0
0.0
0.0
0.0
0.0
0.0
0.0
0.0
0.0
0.0
0.0
0.0
0.0
0.0
0.0
0.0
0.0
0.0
0.0
0.0
0.0
0.0
0.0
0.0
