-0.0
-0.00016
-0.00016
-0.00018999999999999998
-0.00016
-0.00016
-0.00028000000000000003
-0.00016
-0.00016
-0.00043
-0.00016
-0.00016
-0.00064
-0.00016
-0.00017
-0.00091
-0.00017999999999999998
-0.00017
-0.00124
-0.00018999999999999998
-0.00018999999999999998
-0.00164
-0.00025
-0.00021
-0.00203
-0.0004
-0.00037
-0.0026
-0.00077
-0.00025
0.0026
0.00306
0.0009299999999999999
0.00023
-0.00101
0.00045
0.00364
0.00442
0.00037999999999999997
-0.002
-0.0053100000000000005
0.00017
0.00445
0.0014399999999999999
-0.00198
-0.00563
-0.00461
-0.0022500000000000003
-0.0033
-0.00291
-0.0028199999999999996
-0.00443
-0.00422
-0.00404
-0.00414
-0.00388
-0.00506
-0.00549
-0.00567
-0.00895
-0.00782
-0.0057599999999999995
-0.00936
-0.01344
-0.01204
-0.01069
-0.0078000000000000005
-0.01042
-0.013040000000000001
-0.01609
-0.01122
0.0023
0.006919999999999999
-0.00553
-0.01462
-0.01899
-0.01076
0.00366
0.01591
0.00272
-0.01236
-0.02212
-0.01171
0.0022400000000000002
0.011699999999999999
0.021070000000000002
0.0015
-0.006770000000000001
0.00515
-0.0028499999999999997
-0.01498
-0.01238
-0.01353
0.00356
0.010669999999999999
0.0074399999999999996
-0.00452
-0.020489999999999998
-0.0323
-0.020030000000000003
-0.012390000000000002
-0.01685
-0.019299999999999998
-0.03399
-0.03073
-0.01982
-0.01699
0.00473
-0.00515
-0.0151
-0.03407
-0.02162
-0.01261
0.0034300000000000003
-0.00014000000000000001
-0.02081
-0.00984
0.0014199999999999998
-0.01022
-0.0131
-0.033889999999999997
-0.04916
-0.03546
-0.01466
-0.0316
-0.03843
-0.04763
-0.054139999999999994
-0.03307
-0.0045000000000000005
-0.01828
-0.03995
-0.05229
-0.03336
-0.033319999999999995
-0.03473
-0.02933
-0.06298
-0.05193
-0.03894
-0.05158
-0.0667
-0.04043
-0.03383
-0.03292
-0.056749999999999995
-0.07150000000000001
-0.04938
-0.046470000000000004
-0.01758
-0.03951
-0.05508
-0.0504
-0.05688
-0.01341
-0.026000000000000002
-0.0444
-0.05349
-0.07046000000000001
-0.0404
-0.04563
-0.012580000000000001
-0.01989
-0.05971
-0.06026
-0.07046000000000001
-0.03392
-0.03175
-0.01279
-0.01567
-0.05118
-0.025990000000000003
-0.03319
-0.09449
-0.10149
-0.08228999999999999
-0.09738
-0.02666
-0.01024
-0.03449
-0.06458
-0.09498
-0.043899999999999995
-0.01547
-0.03211
-0.018260000000000002
-0.006059999999999999
-0.00261
-0.01478
-0.02727
0.0176
-0.00379
-0.023239999999999997
0.02859
0.02276
0.0124
-0.02096
0.02532
0.06503
0.03018
0.05213
0.019950000000000002
0.01444
0.01943
-0.016319999999999998
-0.00607
0.03818
0.03853
0.0733
0.013540000000000002
0.017070000000000002
0.047060000000000005
0.0745
0.10003000000000001
0.036230000000000005
0.027080000000000003
-0.01814
-0.041580000000000006
-0.01861
-0.00368
-0.04351
-0.03981
0.01279
0.0321
0.021349999999999997
0.08298
0.08255000000000001
0.02418
0.03605
-0.026779999999999998
-0.05702
-0.047830000000000004
-0.07457
0.02297
0.06522
-0.00233
-0.00017999999999999998
-0.12494999999999999
-0.08896000000000001
-0.047670000000000004
-0.018009999999999998
-0.07486
-0.11939
-0.08128
-0.12039
-0.08248
0.028450000000000003
-0.0077800000000000005
0.02812
-0.05273
-0.023090000000000003
0.036309999999999995
0.0425
-0.040279999999999996
0.02559
0.06209
0.11291999999999999
0.10355
0.0025900000000000003
0.06272
0.05044
0.14337
0.09219
0.04855
-0.02062
-0.04553
0.12419000000000001
0.129
0.20027999999999999
0.10337999999999999
0.035179999999999996
0.0767
0.11886
0.08593999999999999
0.029079999999999998
0.03257
0.02606
-0.04278
-0.00757
0.05054
0.07126
0.07894
-0.02044
0.03614
0.01276
0.08199999999999999
0.07025
0.04139
0.042660000000000003
-0.04086
-0.12394999999999999
-0.09397
-0.18285
-0.17037
0.00997
0.02538
0.04231
0.09771
0.04918
0.0105
0.014419999999999999
-0.07948000000000001
-0.07148
-0.041440000000000005
-0.0394
-0.13371
-0.19594999999999999
-0.13602
-0.12783
-0.15449
-0.28831
-0.22511
-0.30821000000000004
-0.21837
-0.08557000000000001
-0.10797000000000001
-0.17013
-0.14414
-0.00977
-0.02767
0.02274
-0.03601
-0.09638999999999999
-0.01098
0.03178
0.21337
-0.01353
-0.02789
-0.08378999999999999
0.08793
0.054240000000000003
0.00658
-0.08071999999999999
0.0572
0.01843
-0.08452
-0.21988
-0.22913
-0.01839
-0.06285
-0.028769999999999997
0.06485
0.07977000000000001
-0.030750000000000003
-0.07200999999999999
-0.31385
-0.29579
-0.22527999999999998
-0.29089
-0.11721
-0.02774
-0.050839999999999996
-0.050300000000000004
0.19413
0.09385
-0.03144
-0.06746
0.00475
0.07175
0.04316
0.043899999999999995
0.26655
0.13427
-0.02434
-0.12619999999999998
-0.25103000000000003
0.030510000000000002
0.00336
0.14132999999999998
0.10292
-0.20474
-0.13752
-0.2948
-0.11949
0.16554
0.05805
0.08523
0.17931
0.12137
0.032400000000000005
-0.09219
-0.00169
0.29038
0.21765
0.30946
0.43125
0.37588
0.24917999999999998
0.41627000000000003
0.20437000000000002
-0.10951000000000001
-0.06216
-0.21117
-0.24428
0.02157
0.01288
-0.04245
0.08837
0.23800000000000002
0.11172
0.20677
0.046639999999999994
0.11641
0.09681
0.16921
-0.03869
-0.08079
-0.07899
-0.010069999999999999
-0.32664000000000004
-0.36430999999999997
-0.20738
-0.20420000000000002
-0.33273
-0.23739999999999997
-0.15266
-0.11881
0.12763
0.1412
0.0962
0.22511
0.021840000000000002
-0.18186
-0.08929000000000001
-0.07696
-0.28905000000000003
-0.33187
-0.16049
-0.13283
0.11031
0.02781
0.07107000000000001
0.008289999999999999
0.051239999999999994
0.20532
0.16277
0.22556
0.17358
-0.0362
-0.0132
-0.012589999999999999
-0.11686999999999999
0.09989
0.15919
0.25018999999999997
0.20636
0.01714
0.04855
0.09632
-0.17920999999999998
-0.39226
-0.2365
-0.31566
-0.16367
0.09356999999999999
0.11399
0.13943
0.38394
0.33893
0.23829
0.27861
-0.18018
-0.20841
0.008329999999999999
-0.03011
-0.15718
-0.02988
0.07875
0.14486000000000002
0.38110999999999995
0.01403
-0.03464
-0.25047
-0.48042
0.04567
0.05864
0.1014
-0.22058
-0.25803
-0.09356999999999999
-0.11041000000000001
-0.09061999999999999
-0.30739
-0.17883
-0.42861
-0.38238
0.0033900000000000002
-0.06573000000000001
-0.18349000000000001
-0.24473
0.22784
0.26081
0.47308999999999996
0.36987000000000003
-0.15066000000000002
-0.02705
-0.28646
-0.6620699999999999
-0.3604
-0.18431
-0.15912
0.29881
0.19258
0.14633
-0.07229000000000001
0.16265999999999997
0.33797
0.17858000000000002
0.01019
-0.30295
0.20085999999999998
0.24422
0.43304000000000004
0.20532
0.040229999999999995
0.09119999999999999
0.08707000000000001
0.23612
-0.13586
-0.11671
-0.32952
-0.00335
0.23034
0.04309
0.02854
-0.5106
-0.43377000000000004
-0.08148999999999999
-0.22065
0.35958
0.15276
0.01555
-0.1041
0.29825
0.3746
0.10017
-0.1461
0.30974
0.90321
0.48357999999999995
0.61828
-0.35267000000000004
-0.41995
-0.06285
-0.03614
0.021320000000000002
0.11785
0.06644
0.06365
0.055389999999999995
0.07816
-0.0371
-0.07674
-0.27856000000000003
-0.44581000000000004
-0.17225000000000001
-0.39564
-0.05623
0.37314
0.20318000000000003
0.35057000000000005
0.22078
-0.13902
-0.08263
-0.24795999999999999
0.1026
0.14779
0.03725
-0.20132999999999998
-0.19133
0.07852
0.00638
0.18941
0.5330400000000001
0.011899999999999999
-0.09362999999999999
-0.44451999999999997
-0.03426
0.28617000000000004
0.06517
-0.028069999999999998
0.44165999999999994
0.53364
0.27725
0.34625
0.30149000000000004
0.28707
0.0524
-0.12208000000000001
-0.61871
-0.46965
-0.27361
-0.33011
0.28622
0.24852
-0.025150000000000002
-0.09404
0.030600000000000002
0.19329999999999997
-0.10027
-0.23024
-0.7535
-0.33401000000000003
-0.17158
-0.18291000000000002
-0.73914
-0.33874000000000004
-0.1536
-0.12236000000000001
-0.43912999999999996
-0.25253
-0.21093
-0.1506
0.16203
-0.19792
-0.18497
-0.55866
-0.4758
0.47163
0.26316
0.39418
-0.43609000000000003
-0.28612
-0.10234
-0.0461
-0.33805999999999997
-0.33686
-0.08656000000000001
-0.18262
0.1423
0.35563
0.12419000000000001
0.3444
0.0027800000000000004
-0.55919
-0.32885
-0.66411
-0.37849
0.24603000000000003
0.26489999999999997
0.1979
0.74773
0.37872999999999996
0.07042
0.03333
-0.21231999999999998
-0.01831
-0.09638999999999999
-0.15096
-0.30832
-0.16518999999999998
-0.19186
-0.38218
-0.23613
0.33749
0.27058
0.56816
-0.13479
-0.49034999999999995
-0.26890000000000003
-0.31823
0.31343
-0.00989
-0.22030000000000002
-0.21339
0.32956
-0.10221999999999999
-0.09038
-0.48984
-0.75858
0.18023
0.12493
0.51418
1.04182
0.29303999999999997
0.15929000000000001
-0.01992
0.7543000000000001
1.02455
0.63317
0.48874
0.27411
0.84839
0.68059
1.02199
0.41278
-0.12586
-0.03078
-0.13187
-0.6908799999999999
-0.6397999999999999
-0.31602
-0.7509699999999999
0.37524
0.6342099999999999
0.03521
0.02688
-1.32044
-0.7628199999999999
-0.35353
-0.63651
-0.32252000000000003
-0.19108
-0.33566
-0.77114
-0.75295
0.22571000000000002
-0.16143999999999997
-0.13054
-0.96722
-0.115
-0.09987
0.16118
0.17071999999999998
-0.31993
-0.21001
-0.15799
0.16979
-0.1609
-0.33043999999999996
-0.5108400000000001
-0.97813
-0.009559999999999999
0.03841
0.41152
1.21579
0.48771000000000003
0.52909
0.77235
1.52949
1.11542
0.67306
0.9886499999999999
0.26574000000000003
-0.10561999999999999
0.0245
0.34936
0.20582999999999999
-0.8122799999999999
-0.37554000000000004
-0.94329
-0.36587000000000003
0.5231600000000001
0.27304
0.2948
-0.29082
0.2458
0.28126999999999996
0.64164
0.9457899999999999
0.31048
0.48524999999999996
0.34428
1.04665
0.95375
0.63689
0.77693
0.7770199999999999
0.64865
0.37221
0.27604
-0.32017
-0.24043
-0.08387
-0.27856000000000003
-0.42168999999999995
-0.3145
-0.20587
-0.15441000000000002
0.10672000000000001
-0.27838
-0.51339
-0.77486
-1.4552
-0.9523699999999999
-0.72241
-0.90798
0.06716
0.12804000000000001
-0.22627
-0.45347000000000004
-0.82013
0.33554
0.15711
0.57602
-0.28018
-0.12997
0.14845
0.66106
0.85867
-0.53925
-0.41483
-0.6145700000000001
-0.53161
-0.46562
-0.49011000000000005
-0.71723
-1.08737
-0.68035
-0.39709000000000005
-0.49750999999999995
-0.13384000000000001
-0.08518
-0.11483
-0.23595
-0.35707
-0.01406
-0.12192
-0.3886
-0.35827
1.08541
0.85015
1.40769
0.7554099999999999
-0.17556000000000002
0.20481000000000002
0.18978
0.70482
0.31965
0.0034999999999999996
-0.07801
-1.1096
-0.45817
-0.08855
-0.15287
-0.59136
-0.21882000000000001
0.07167
0.08097
-0.41734000000000004
-0.20398
0.021030000000000004
0.42569
0.29424
-0.44655
-0.12734
-0.3181
-0.2913
-0.12090999999999999
0.13092
-0.23070000000000002
-0.03434
0.44497
0.39106
0.54829
1.10037
0.21242
-0.02839
-0.16785
0.32439
-0.015609999999999999
-0.21044000000000002
-0.47116
-0.56735
-0.14019
-0.14659
-0.46396
-0.32078
0.8590099999999999
0.5171600000000001
0.61351
0.28748999999999997
0.3518
0.35496
0.8201900000000001
0.83538
-0.0858
0.07117
0.41518
1.28858
0.25315
0.014459999999999999
-0.42619999999999997
-0.9786499999999999
-0.23846
-0.15506999999999999
-0.20304
-0.88483
-0.89701
-0.46863
-0.6125200000000001
-0.29584
-0.08848
-0.02572
0.04552
0.52902
0.13165
0.07671
-0.57573
-0.38295999999999997
0.41313
0.19739
-0.09231
0.09949
0.48257
0.33331000000000005
0.48914
1.2565600000000001
0.79995
0.50916
0.14601
0.51876
0.61732
0.19005
-0.3095
-0.87481
0.29853999999999997
0.23827
0.272
1.02114
1.35364
0.80511
1.0527
1.3473300000000001
1.05419
0.62349
0.88863
0.006
-0.41808999999999996
-0.30492
-0.59433
-1.1139000000000001
-0.33868000000000004
-0.13016
0.05206
0.90794
0.63046
0.21225000000000002
0.39293
-0.22204000000000002
-0.35034999999999994
-0.25201
-0.11243
-0.01943
-0.01264
0.10736000000000001
0.22663
0.53368
0.15586
-0.00674
-0.21776
-0.46843
0.25562999999999997
0.15954000000000002
0.6645300000000001
-0.044649999999999995
-0.74206
-0.30931000000000003
-0.42777
-0.39378
0.01594
0.06065
0.15594
-0.17174
0.12186
0.18711
0.23304
0.01809
0.41084000000000004
0.49838
0.84909
0.52864
-0.18806
-0.07354
0.10178000000000001
-0.83325
-1.56762
-0.78447
-1.04126
-0.00083
-0.08034000000000001
-0.22691
-0.51249
0.13205
0.15975
-0.25919000000000003
-0.59802
-0.72316
-0.20669
-0.12247999999999999
-0.21066
-0.08727
0.46541
0.33729
0.78913
1.05504
-0.11132
-0.1392
-0.47601
0.51002
0.44420000000000004
-0.04184
-0.36923
-0.11929000000000001
0.45578
0.27062
0.43977
0.41045000000000004
0.99362
0.78729
1.12073
0.95949
0.5022800000000001
0.43256999999999995
0.5963499999999999
0.66525
0.64091
0.5972999999999999
1.23789
0.72072
-0.2469
-0.03686
-0.02979
-0.37211
-0.86752
-0.5827600000000001
-1.0055100000000001
-1.34626
-0.64491
-0.48158999999999996
-0.60679
-1.6401599999999998
-1.00402
-0.58916
-0.33442
0.14141
-0.72402
-0.43038
-0.75485
0.014199999999999999
0.49733
0.2141
0.012509999999999999
0.39226999999999995
0.38156999999999996
0.04675
-0.13525
-0.376
-0.15936999999999998
0.03215
-0.21553999999999998
0.6695399999999999
0.5453
0.13815
-0.0725
-0.04566
0.65015
0.34247
0.61397
0.38384999999999997
0.059930000000000004
0.18949000000000002
-0.19029
0.95313
1.59162
0.9493600000000001
1.6398400000000002
1.32386
0.36983
0.29776
0.29299
-0.31902
-0.6617400000000001
-0.3318
-0.25434
0.77019
-0.00855
-0.27116
-0.42138
-0.32951
-0.20713
-0.47764
-0.74539
-0.44897
0.46918
0.27837
0.89075
1.0070000000000001
-0.40825
-0.25047
-0.56176
-0.51185
0.09988
-0.09317
0.23464
0.58126
-0.46092
-0.38116
-0.7508
0.03131
0.39685000000000004
-0.0219
-0.22347999999999998
-0.96039
-0.13202999999999998
-0.24968
-0.20411
-0.9503900000000001
-0.60342
-0.08471000000000001
-0.10342000000000001
0.53092
0.61268
0.32386000000000004
0.36595999999999995
0.56525
0.156
-0.07314
-0.2515
-0.52516
-0.027530000000000002
0.04887
-0.27713
-0.10142
0.38481000000000004
0.21356000000000003
0.41473
0.51049
0.45523
0.30124
0.29779
0.99372
1.13464
0.6945699999999999
0.96693
1.32412
0.84921
0.65523
1.12989
0.49133000000000004
0.3097
0.33159
0.39597
0.32302
0.22099
0.1681
0.6616299999999999
0.44683999999999996
-0.27195
-0.00446
0.31916
0.29465
-0.4658
-0.36162
-0.1442
-0.03603
-0.81229
-0.54633
-0.8026800000000001
-0.71625
-0.25581
-0.08794
-0.20762
0.37752
0.69026
0.32512
0.6757599999999999
0.25039
-0.58832
-0.26087
-0.46304
-0.30425
0.39606
0.46151000000000003
0.60693
0.65307
0.38761
0.24036000000000002
0.13839
-0.53344
-0.09376
0.10483
-0.16195
-0.06738000000000001
0.69533
0.57777
1.08792
0.32439
-0.43250999999999995
-0.05514
-0.10391
-0.54894
-0.61148
-0.45033999999999996
-0.8513
-0.8198300000000001
-0.59403
-0.42384
-0.48113999999999996
0.45966999999999997
0.8958799999999999
0.53311
0.9566800000000001
0.40246000000000004
-0.28099
-0.12183
-0.06197
0.6274799999999999
0.24637
0.25177
0.33103
0.46836
0.49758
0.31692
0.41023000000000004
0.37742
0.07902999999999999
0.12353
0.52216
0.00863
-1.20236
-0.58826
-1.23925
-0.7850199999999999
0.14246999999999999
0.04665
-0.19688
0.061079999999999995
0.79483
0.50299
0.65089
0.29565
-0.02255
0.03133
-0.08624000000000001
-0.8068500000000001
-0.28742
-0.052000000000000005
0.29484
-0.8922599999999999
-1.52409
-0.8671500000000001
-1.40887
-0.64699
-0.20299
-0.1459
-0.5469700000000001
0.33161999999999997
0.66303
0.22227
0.66289
0.12158
-0.70163
-0.44756
-0.81087
-0.67023
-0.26245
-0.29566
-0.6531600000000001
-0.56476
0.01543
0.037040000000000003
-0.16672
0.70827
0.80341
0.29248
0.33126
0.1863
-0.33177999999999996
-0.28443999999999997
-0.41348999999999997
0.5315
0.42912999999999996
0.00545
-0.55013
-1.1281100000000002
0.23745000000000002
-0.08466
0.12075
-0.26161
-0.23045000000000002
-0.062430000000000006
0.32328
1.1258299999999999
0.34878
-0.08971
-0.20179
-0.79108
-0.31288
-0.0679
0.12057999999999999
-0.10064000000000001
-0.3898
-0.13859
-0.028929999999999997
0.41451
-0.3614
-0.25851
-0.30106
0.74799
0.30802
0.05329
-0.18026
0.01377
0.5064500000000001
0.19993
-0.22619
-0.48544
0.30515000000000003
0.28868
0.38301
0.39962000000000003
0.09394999999999999
-0.14861000000000002
-0.34295000000000003
-0.1753
0.7236899999999999
0.54704
0.99479
1.1533
0.03253
-0.09281
-0.6122099999999999
-0.7927500000000001
-0.12515
-0.20556000000000002
-0.25788
-0.07779
0.24038
-0.008100000000000001
0.29086
-0.04658
-0.6475700000000001
-0.31751
-0.44610999999999995
0.59316
0.08006
-0.36508
-0.6906399999999999
-0.50609
0.39911
0.06246
0.151
0.60456
0.92523
0.54222
0.511
-0.05143
0.35529000000000005
0.16742
0.81233
-0.32203000000000004
-0.40691000000000005
0.036789999999999996
0.49271
0.68228
0.02973
0.14695
0.37525
-0.02021
-0.77793
-0.17278
-0.15461
0.68477
0.59219
0.31241
0.40904
0.029660000000000002
-0.06842
0.22204000000000002
0.34324
0.49382
-0.26239999999999997
-0.18835999999999997
-0.67723
-1.5903800000000001
-0.36174
-0.11054
0.24315
0.5786399999999999
-0.48003999999999997
-0.30639
-0.97273
-0.38795
0.059269999999999996
-0.21523
-0.62403
-0.59029
0.74076
0.50143
0.9145399999999999
1.13952
0.4329
0.50485
0.36172
0.8918200000000001
0.7203499999999999
0.30369
0.55133
0.72548
-0.07716
-0.37674
-0.76888
-1.33854
-0.33618000000000003
-0.30099
-0.3543
-1.30602
-1.2861099999999999
-0.8403400000000001
-0.97896
-1.6401599999999998
-1.16396
-0.80604
-0.54433
0.19385000000000002
0.09378
0.11086
-0.07688
0.8030700000000001
0.44487000000000004
0.12039
-0.06329
-0.8165399999999999
0.12452999999999999
0.12557000000000001
0.09652
-0.32895
0.30093
0.45951000000000003
0.8421599999999999
1.13289
0.7160599999999999
0.7729699999999999
1.07543
0.935
0.29413
0.34613
0.43822000000000005
0.5380400000000001
-0.19175999999999999
0.040839999999999994
-0.24059999999999998
0.72892
0.31967
0.06152
-0.6445099999999999
-1.0811199999999999
-0.19838
-0.34898
-0.38725000000000004
-0.58285
-0.19681
-0.29029
-0.47295000000000004
-1.19702
-1.00072
-0.72893
-1.23481
-0.81048
0.31881
-0.06293
0.15907
-0.29829
-0.45346
-0.23617999999999997
-0.30103
0.85371
0.8254600000000001
0.45697000000000004
0.58589
1.19765
0.9530500000000001
0.60414
0.97383
1.1678199999999999
0.67219
0.36639000000000005
0.7905599999999999
0.9929600000000001
0.05019
-0.0708
0.01069
0.18861999999999998
-0.41503
-0.36088000000000003
-0.5859000000000001
-0.83845
-0.05641
0.08589000000000001
0.44801
1.05603
-0.0128
0.03294
-0.02981
1.5081499999999999
0.80967
0.14706
-0.09244
0.11878
0.47774
0.09788999999999999
0.05849
-0.04922
0.59195
0.48136
0.63563
0.14955
-0.19469999999999998
-0.11074999999999999
-0.14917
-0.4573
-0.42999000000000004
-0.41867
-0.2903
-0.6465099999999999
-0.8160299999999999
-0.53211
-0.9092600000000001
-0.2352
-0.26224000000000003
-0.42178
-0.95234
-1.04955
0.02939
-0.11343
-0.01633
0.22014
0.14816000000000001
0.0719
0.07325
1.19893
0.73128
0.28491
-0.04366
-0.03657
0.82753
0.26703
0.26003
-0.52035
0.15914
0.044660000000000005
0.35007
-0.68813
-0.6846099999999999
-0.25009
0.12311
0.43916
-0.23143999999999998
-0.256
-0.28251000000000004
-1.1227800000000001
-0.89071
-0.40195000000000003
-0.46326
0.6844199999999999
0.34965
0.21138
-0.19213999999999998
0.8902599999999999
1.6398400000000002
0.88079
1.40114
0.60526
0.08375
0.10112
-0.046029999999999995
-0.9606100000000001
-0.47764
-0.20514
-0.18725999999999998
-1.0242
-0.98739
-0.68195
-0.78652
-0.90077
-0.47424
-0.44457
-0.5028199999999999
-0.89193
-0.24745
-0.11878999999999999
-0.06371
-0.7242799999999999
-0.6799
-0.32091000000000003
-0.46131999999999995
-1.43971
-0.39905999999999997
-0.15061
0.19787
-0.29792
-0.8461
-0.4979
-0.54052
-0.16804
-0.19869
-0.18041000000000001
-0.43654000000000004
-0.7308199999999999
0.29101
0.33151
0.48475
-0.0010299999999999999
-0.22952999999999998
0.17170000000000002
0.52774
1.6398400000000002
0.25793
-0.12658
-0.53291
-0.00511
0.42874
-0.00356
0.16504000000000002
-0.01027
-0.07402
-0.11878999999999999
-0.29736999999999997
-1.03758
-0.4275
-0.14989
0.24891
0.92435
0.26146
0.03994
0.45061
0.39675
-0.26015
-0.11198000000000001
-0.18992
-0.36573
-0.28357
-0.05239
0.15442999999999998
-0.24978999999999998
-0.57098
-0.48936999999999997
-0.58083
-1.00345
-0.57097
-0.38689999999999997
-0.44954
-0.68611
-0.43134
-0.24107
0.05652
-0.7133400000000001
-1.25931
-0.58949
-0.72162
-0.14255
0.22702000000000003
0.21047999999999997
0.42122
1.27343
0.14711
0.10803000000000001
-0.06443
0.7963899999999999
0.69353
0.18755
0.18718
-0.50926
-0.8187300000000001
-0.46029000000000003
-0.6198899999999999
-0.48572000000000004
-0.505
-0.30621
-0.6199600000000001
-0.30869
0.01291
-0.24286000000000002
-0.55714
-0.10517
0.49072000000000005
0.25823
0.20843
0.48184
0.46460999999999997
0.25705
0.11414999999999999
-0.43063
-0.12936999999999999
-0.01274
0.20113
0.46970999999999996
-0.24451
-0.33952
-0.6759099999999999
-0.24843
0.11866
-0.15073999999999999
-0.17909
-0.51091
-0.46585
-0.36055
-0.37892000000000003
-1.25014
-1.05012
-0.64369
-0.8272400000000001
-0.02331
-0.03825
-0.015629999999999998
-0.32996000000000003
0.27708
0.7434499999999999
0.43711
0.61627
0.5232399999999999
-0.06937
-0.0181
-0.38664000000000004
-0.2072
-0.0672
-0.08685000000000001
-0.7158100000000001
-0.62747
0.33988999999999997
0.17812999999999998
-0.34284
0.26096
1.10972
0.68235
0.47861
0.6001
1.18785
0.8805200000000001
0.8162600000000001
0.5320199999999999
0.38112999999999997
0.15463
-0.32518
-1.27631
-0.16341999999999998
-0.16793
-0.46281999999999995
-0.74779
0.17718
0.00222
-0.28594
-0.2183
0.5815100000000001
0.2776
0.38966
-0.75862
-0.30425
0.00117
0.04275
-0.20992999999999998
-0.30122
-0.22722
-0.18525
0.5522699999999999
0.19871
-0.04945
-0.35037
-0.23218
0.36532
-0.04686
0.17492000000000002
-0.54073
-0.03875
0.21279
0.62217
0.5698799999999999
0.03442
0.2515
0.35662999999999995
0.9522700000000001
0.49386
0.17451
0.51791
0.9128000000000001
0.05521
-0.043949999999999996
-0.36639000000000005
-0.43892000000000003
-0.057409999999999996
-0.00265
-0.19533999999999999
-0.41277
0.34247999999999995
0.22088999999999998
0.48460000000000003
-0.04043
-0.46982
-0.32078
-0.5904
0.80843
0.97284
0.41747
0.63851
1.03439
0.40651000000000004
0.07816
-0.0070999999999999995
-0.55494
0.13577
0.03472
0.38619
0.45219000000000004
-0.66886
-0.6958199999999999
-0.91301
-0.52695
-0.043769999999999996
-0.21300999999999998
0.18087
0.059340000000000004
-0.0981
-0.12659
0.37235999999999997
0.9265300000000001
-0.40228
-0.34981
-0.5054099999999999
0.61878
0.9748300000000001
0.45061
0.76149
1.11249
0.62915
0.35113999999999995
0.76271
0.52454
-0.34612000000000004
-0.17294
-0.38699
-0.64893
-0.5330400000000001
-0.53464
-0.61728
0.08753999999999999
0.82113
0.5116700000000001
0.91386
1.09472
0.41859
0.31990999999999997
0.28942
0.6079
0.4941
0.35229
0.52451
0.54154
0.7837999999999999
0.52013
0.5768
-0.16208999999999998
-0.09311
0.0682
0.41446
0.55356
0.03001
0.00752
0.07211000000000001
-0.57504
-0.64941
-0.49418
-0.68577
-1.37963
-0.79045
-0.38238
-0.17169
-0.25983
-0.8254600000000001
-0.61852
-0.79291
-0.16634000000000002
0.32658000000000004
0.13343
0.49133000000000004
0.84572
0.27248
0.14984999999999998
-0.11192
-0.33017
0.36606
0.36078000000000005
0.71124
0.60588
0.24986999999999998
0.21305
0.29403
-0.20586
0.19563
0.30921
0.58049
0.25778
-0.14187
0.1888
0.58445
0.32518
-0.26879000000000003
-0.04107
-0.08664
0.06325
-0.05235
-0.00039
-0.14271
-0.46736
-0.74894
-0.47789000000000004
-0.7045
-1.05617
-0.54457
-0.22899
-0.35912
0.41587
0.53591
0.31241
0.56427
0.39472
-0.41548999999999997
-0.22082000000000002
-0.7195900000000001
-0.64633
0.35037999999999997
0.08773999999999998
0.24658999999999998
-0.8865999999999999
-1.1719199999999999
-0.53484
-1.01883
-0.8486499999999999
-0.07539
0.00838
-0.23803999999999997
0.58561
1.11458
0.59885
0.89254
1.04538
0.49543
0.38736
-0.13466
0.00024
0.90485
0.5622699999999999
0.71095
-0.28370999999999996
-0.09154999999999999
0.05651
0.38386000000000003
-0.04247
-0.44266
-0.17051
-0.32265
0.86709
0.71125
0.23681999999999997
0.6402500000000001
0.54277
-0.065
0.03383
0.08660999999999999
0.42806
0.30978
0.05399
0.03396
-0.08869999999999999
-0.26718
-0.16448000000000002
-0.11789
-0.5354399999999999
-0.22922
-0.17926999999999998
0.09029999999999999
0.11459
-0.3968
-0.25792000000000004
-0.18383
0.16509000000000001
-0.51385
-0.42863999999999997
-0.81242
-1.01185
-0.19861
-0.19371
-0.20186
-0.25636
0.0232
0.21925999999999998
0.49392
1.03411
0.67083
0.5561200000000001
0.61954
1.14374
0.55177
0.16723
0.28515
-0.08108
-0.29898
-0.20029
-0.35806
-0.52155
-0.31864000000000003
-0.2285
-0.18309
0.2793
-0.02031
-0.10529
0.14866
0.12714
-0.60765
-0.46999
-0.594
0.41134
-0.52466
-0.70217
-1.3742699999999999
-0.69394
0.08656000000000001
-0.34402
-0.71502
-0.83609
-0.00875
-0.21431
-0.43668
0.06964000000000001
0.7681699999999999
0.42064999999999997
0.80868
0.78561
0.6711
0.52861
0.73777
1.40805
1.46097
0.82342
1.2425199999999998
0.09991
-0.49642000000000003
-0.10965
-0.21218
-0.23049
-0.24647
-0.20051
-0.26213000000000003
-1.13027
-0.3931
0.02577
0.27962
0.7785599999999999
0.22386
0.05513
-0.13872
-0.09131
0.21151
-0.0075
0.12368
-0.33082
-0.10833
0.16686
0.49472
0.78033
0.15325
0.16427
0.19099
0.5257999999999999
-0.03651
-0.08038000000000001
-0.2667
0.33436
0.42626
0.06446
0.23711
0.23332999999999998
-0.16573000000000002
-0.23885
-0.14605
-0.7506900000000001
-0.7461199999999999
-0.38955
-0.52929
-0.97289
-0.46569000000000005
-0.28059
-0.38362999999999997
-0.05724
-0.02001
0.01695
0.018420000000000002
0.5036
0.46452
0.26268
0.58543
1.5035800000000001
0.47121999999999997
0.00634
-0.29428
-1.04125
0.16424
0.26472999999999997
0.7281
0.4353
0.040999999999999995
0.32960999999999996
0.55322
1.6398400000000002
0.9622799999999999
0.5257200000000001
1.00095
-0.13994
-1.22438
-0.6615800000000001
-0.90818
0.33531999999999995
0.3275
-0.01736
0.10192
-0.34442
-0.68059
-0.41686999999999996
-0.55347
-0.21116
-0.36656
-0.44429
-0.65642
-0.7286499999999999
-0.40547
-0.33024000000000003
-0.72776
-0.36817999999999995
0.10686999999999999
0.04196
-0.4354
-0.18960000000000002
1.19548
0.6354500000000001
0.96536
0.66688
0.55077
0.48154
0.72599
-0.14935
-0.42221
-0.15712
-0.25249
-0.94364
-0.5891299999999999
-0.34178
-0.43457999999999997
-0.64736
-0.16966
0.03127
0.11489
0.46442
-0.11316000000000001
-0.16146999999999997
-0.27052
0.05672
0.28139
0.19618
0.62317
-0.04135
-0.90766
-0.61288
-1.05213
-1.41887
-1.01841
-0.7663800000000001
-0.9893500000000001
-0.44692
-0.23929999999999998
-0.38639
-0.37098
-0.75929
-0.66539
-0.39334
-0.42695
0.80184
0.39621
0.12796
-0.27065
-0.19774999999999998
0.25702
-0.08086
-0.29901
-0.07418
0.62732
0.42461
0.51557
0.33768
0.38307
0.37319
0.44821
0.01529
-0.13234
-0.01328
-0.43323999999999996
-0.20937
0.96848
0.61771
0.68515
-0.08253
0.07052
0.35302999999999995
0.33927
0.73544
0.76145
0.45844
0.60716
-0.30144
-0.06949
0.12710000000000002
0.17968
0.5133800000000001
0.5831000000000001
0.49274999999999997
0.5088199999999999
0.45311999999999997
0.50973
0.44904000000000005
0.89494
0.6813899999999999
0.01373
0.17666
0.49121000000000004
0.9822700000000001
-0.32964
-0.45033
-0.7617
-1.4741
-1.1031199999999999
-0.73655
-1.0338800000000001
-0.88031
-0.43142
-0.5456799999999999
-0.62367
-1.10832
-0.97509
-0.55792
-0.5829099999999999
0.55537
0.15837
-0.04504
-0.37814
0.90051
1.03524
0.25806
0.16399
-0.15463
0.15294
-0.01628
-0.1305
-0.75292
-0.30263
-0.35631
-0.0321
-0.5590999999999999
-1.04713
-0.8118099999999999
-1.0719
-1.6401599999999998
-0.88759
-0.54515
-0.848
-0.38459000000000004
0.12367
0.005659999999999999
0.12335000000000002
-0.037989999999999996
-0.43332
-0.33881
-0.43534
-0.2829
-0.15365
-0.20859000000000003
-0.38380000000000003
0.79581
1.08496
0.54022
0.45497
0.13268000000000002
0.65683
0.44585
0.57614
0.47515
0.67423
0.42571
0.9250700000000001
0.8591500000000001
0.3721
0.45770000000000005
0.75493
0.93678
0.055229999999999994
-0.15435000000000001
-0.36727
-0.7957500000000001
-0.40485
-0.12948
0.023889999999999998
0.78714
0.35676
0.1118
0.15315
-0.16155999999999998
-0.29864999999999997
-0.34972000000000003
-0.40018
-0.15266
-0.027000000000000003
-0.14987
-0.23098
-1.00636
-0.10827
0.12114000000000001
0.35643
1.08515
0.78485
0.47487
0.7491599999999999
-0.07815
0.18134
0.4316
0.79156
1.4601499999999998
0.59747
0.55163
0.6565099999999999
0.20329999999999998
-0.22138000000000002
-0.038290000000000005
0.06913
0.33884000000000003
0.058339999999999996
0.18833
0.11723
1.03934
1.3124600000000002
0.7498699999999999
0.79316
-0.01839
0.40537999999999996
0.62831
0.843
0.37414000000000003
0.34472
0.41545000000000004
0.77577
0.75145
-0.05476
0.01569
0.22372
-0.044020000000000004
-0.42924999999999996
-0.23729
-0.43756
-0.45952
-0.14862999999999998
-0.25803
-0.23809000000000002
-1.3775899999999999
-0.80411
-0.32254
-0.07775
-0.02292
-0.40137999999999996
-0.31494
-0.20024
-0.69256
-0.7283499999999999
-0.26877
0.19440000000000002
0.69269
-0.46836
-0.26981
-0.81256
-1.33438
-0.17605
0.09692
0.29738
0.77457
0.29835
0.29146
0.21062
-0.70284
-0.31329999999999997
0.02339
0.29378
0.70414
0.03143
0.20677
-0.02284
0.54051
0.61786
0.38405
0.11502000000000001
-0.50549
-0.22976
-0.08314
-0.1973
-0.15108
-0.34647
-0.23721
-0.41052
-0.65018
-0.30896999999999997
-0.14337999999999998
-0.38185
0.057800000000000004
0.56514
0.25512
0.13986
-0.48601
-0.18405000000000002
0.00331
-0.14781
-0.30075
0.10379
0.04797
0.012270000000000001
-0.53408
-0.32528
-0.21736999999999998
-0.29964999999999997
-0.7314400000000001
-0.33737
0.046
-0.09738
0.48172
0.52251
0.39465000000000006
0.79719
0.98095
0.09587999999999999
0.09757999999999999
-0.02757
0.43204
-0.35216000000000003
-0.38643
-1.0664
-0.9087000000000001
-0.07321
-0.12051
-0.20465
-0.02373
-0.01493
-0.11964999999999999
-0.38648000000000005
-0.1889
0.24332
0.0062
-0.08685999999999999
0.33303
0.59206
0.33308
-0.04822
-0.6109899999999999
0.34689
0.18175
0.26874
-0.27585
-0.49866
-0.1463
-0.24763000000000002
0.8620699999999999
0.6520600000000001
0.09096
-0.0944
-0.55231
-0.47865
-0.5284300000000001
-0.9207500000000001
-1.3470199999999999
-0.61384
-0.48304
-0.7557299999999999
-0.68953
0.04693
-0.11102000000000001
-0.11634
0.27428
0.46860999999999997
0.19115
0.17468
0.12025000000000001
0.69033
0.57496
0.74893
1.0811199999999999
0.89307
0.55525
0.77666
0.09345
-0.21484000000000003
-0.10436999999999999
-0.35708
-0.61637
0.2148
0.22455999999999998
0.43250999999999995
0.78842
0.49544
0.38457
0.60653
0.48331
0.49321
0.53359
0.67227
1.43894
1.14273
0.70607
1.1131
0.59681
-0.14638
0.01669
0.09384
0.32762
0.14748
0.02626
-0.0089
-0.22271999999999997
0.02681
0.04212
0.33336
0.19192
-0.34587
-0.17117000000000002
-0.32014000000000004
-0.14715
0.19175999999999999
0.059160000000000004
0.42009
0.96325
0.31044
0.19097999999999998
0.08637
-0.26481
0.16344999999999998
0.20675999999999997
0.37472
0.29627
-0.19576000000000002
-0.05503
0.21627
0.8596299999999999
0.13201000000000002
-0.03644
-0.23288
0.16527999999999998
0.33328
-0.046079999999999996
0.11743
-0.31419
-0.25684999999999997
-0.17969000000000002
-0.02641
-0.6653100000000001
-0.44053
-0.22991
-0.0159
-0.46874000000000005
-0.64582
-0.36013
-0.025160000000000002
0.51172
-0.30483
-0.3025
-0.47495
-0.6535899999999999
-0.32009
-0.12316
-0.049210000000000004
0.58611
0.24542000000000003
0.16219
0.12664
-0.049269999999999994
0.26796
0.19823000000000002
0.23598
0.76579
0.73284
0.45365
0.57806
0.15079
-0.07065
-0.01647
-0.0883
-0.75407
-0.14795
0.05273
0.31262
0.01983
-0.28736999999999996
-0.07937
0.0718
0.11442999999999999
-0.22688
-0.1543
-0.17013
-0.65089
-0.57443
-0.36729
-0.20725000000000002
-0.75156
-1.07253
-0.56622
-0.8028400000000001
-0.55909
-0.44047
-0.35161000000000003
-0.6594199999999999
-0.92774
-0.38725000000000004
-0.24514
-0.26121
0.34129
0.6487099999999999
0.53013
0.48568
0.54365
0.71387
0.65255
0.94316
0.95709
0.6910200000000001
0.72296
0.91262
1.08003
0.7085899999999999
0.66648
0.7323999999999999
0.8970600000000001
0.10884
0.09715
-0.29355
-0.57663
-0.21945
-0.15646000000000002
-0.282
-0.5964
-0.61343
-0.46812
-0.78276
-0.58417
-0.05149
-0.22428
-0.34537999999999996
-0.73575
-0.20323
-0.16892
-0.29177
-0.7149899999999999
-0.24447
-0.06601
0.14171
0.12251
-0.53537
-0.32875
-0.62583
0.055990000000000005
0.33128
-0.01375
-0.21894
-0.5390699999999999
0.10239000000000001
0.08366
0.08259999999999999
-0.41945
-0.02182
0.08707000000000001
0.20335999999999999
-0.42656
-0.17765999999999998
0.09192
0.20876999999999998
0.75346
0.44486
0.24347000000000002
0.05975
-0.54382
-0.13925
0.06443
0.09878
-0.14135
-0.27457
-0.13853
-0.10371999999999999
-0.43517000000000006
-0.53334
-0.42978
-0.5920799999999999
-0.9768899999999999
-0.75682
-0.55599
-0.6880700000000001
-0.08668
0.047850000000000004
-0.024249999999999997
-0.07695
0.06064
0.21017
0.18297999999999998
0.32146
0.37406
-0.05437
-0.0165
-0.17015999999999998
0.32956
0.50277
0.24422
0.28381
0.40813000000000005
0.47049
0.36145000000000005
0.49659
0.28542
0.08805
0.10766999999999999
0.19613
-0.38865
-0.39457000000000003
-0.01654
-0.03809
0.36773000000000006
-0.04414
-0.17302
-0.46950000000000003
-0.28572
0.19213999999999998
0.1888
0.17527
0.60483
0.74076
0.46874000000000005
0.6849599999999999
0.56154
0.048049999999999995
0.08393
0.01168
0.68042
0.8181100000000001
0.47225
0.5928
0.09993
-0.21602
-0.11856
-0.045129999999999997
0.30314
-0.04335
-0.13788
-0.1664
-0.4987
-0.58462
-0.53268
-0.74012
-0.38942
-0.12266
-0.30039
-0.42637
-0.72265
-0.2069
-0.24043
-0.29914
-0.97667
-0.6095900000000001
-0.3724
-0.19215
0.31815
0.31226
0.18309
0.28996
-0.06788
0.27054
0.41435
0.84024
1.4685400000000002
0.5006499999999999
0.3146
0.36372
-0.37337000000000004
-0.42896
-0.12554
-0.06777999999999999
-0.45006999999999997
-0.50951
-0.12908
-0.13831
0.08368
-0.08493
-0.03933
-0.08256000000000001
0.16117
0.04366
0.042679999999999996
-0.06553
0.65788
0.60284
0.22468
0.38128
-0.16805
-0.74064
-0.42546
-0.6622499999999999
-0.59822
-0.3188
-0.31394
-0.25473
0.13242
-0.38455
-0.45932
-0.88768
-0.784
-0.06514
-0.18359999999999999
-0.22926
-0.56145
-0.20109000000000002
-0.2397
-0.26405999999999996
-0.74438
-0.30975
-0.09271000000000001
-0.07088
-0.40802
-0.16982
0.03744
-0.00886
0.48815
0.47894
0.37668
0.5725
0.9515
0.54583
0.43499000000000004
0.47664
0.57995
-0.00664
-0.15882
-0.26844
-0.42411
-0.20992999999999998
-0.1977
-0.16185
-0.56141
-0.7574299999999999
-0.50154
-0.56084
0.043550000000000005
-0.35464
-0.47816000000000003
-0.64268
-0.41613
-0.29216000000000003
-0.46179000000000003
-0.69708
-0.71777
-0.28931
-0.27529
-0.46249
-0.3565
0.24406
0.06874
0.35365
-0.37693
-0.60239
-0.26780000000000004
-0.40752000000000005
0.24166
0.48216000000000003
0.29066
0.31249
0.18917
0.14366
0.22248
0.11802
0.5837100000000001
0.70428
0.52733
0.58185
0.66592
0.56048
0.41944000000000004
0.44442
0.48991999999999997
0.44571
0.30243
0.33783
-0.11426
0.08221
0.11792
0.25193
0.50497
0.18227000000000002
0.10754
0.2758
0.10478
-0.09047000000000001
0.02624
0.14992
0.02106
-0.28112
-0.17584
-0.10107
-0.30670000000000003
-0.37014
-0.14898
-0.15825
-0.16377
0.00735
0.02557
0.1117
0.26218
0.07414
0.13846
0.31333
0.43667
0.0042699999999999995
0.055220000000000005
0.03611
0.04128999999999999
-0.05732
0.09297000000000001
0.03415
0.54031
0.21509
0.06085
-0.042699999999999995
-0.39716999999999997
-0.31678
-0.1459
-0.32175
0.1981
0.54482
0.20867000000000002
0.34133
-0.27109
-0.41172
-0.17379
-0.36045
-0.53667
-0.37834
-0.2888
-0.25805
-0.5577300000000001
-0.87035
-0.54565
-0.74235
0.14571
-0.09595000000000001
-0.309
-0.7774599999999999
-0.62788
0.059500000000000004
-0.1882
-0.24748
-0.21957000000000002
-0.00315
-0.07509
-0.04665
-0.44176000000000004
-0.51352
-0.39615
-0.5054500000000001
-0.20518
-0.20149999999999998
-0.24532
-0.3368
0.0
0.07485
-0.06364
-0.39271999999999996
-0.30219
0.15858
0.040279999999999996
-0.04665
0.14317
0.53069
0.33834000000000003
0.39795
0.32494
0.45887999999999995
0.37052999999999997
0.39448
0.72913
0.43744
0.27
0.36142
0.44695999999999997
0.22862
0.11212
-0.00387
0.19499
0.38924
0.1704
0.20792000000000002
-0.2595
-0.37376
-0.21764
-0.31548
-0.21023
0.0095
-0.09817999999999999
-0.05051
0.12106
0.18847999999999998
0.026230000000000003
0.21477000000000002
0.25318
-0.25869
-0.23423
-0.45322
-0.53272
-0.012490000000000001
-0.0222
0.28596
0.54326
-0.12022000000000001
-0.09388
-0.11747
0.45366999999999996
0.23687000000000002
0.01619
-0.12429
0.08609
0.23553000000000002
0.10553000000000001
0.26546
0.29581
0.13455999999999999
0.039900000000000005
-0.09487
0.22097999999999998
0.50205
0.15493
0.32244999999999996
-0.06641
-0.21775
-0.07333
0.0109
0.14031000000000002
0.04899
-0.01635
0.10295
-0.30382000000000003
-0.7034699999999999
-0.48371000000000003
-0.51957
0.04989
-0.0048
-0.15743000000000001
-0.32628
-0.33598
0.18284
-0.0032700000000000003
0.20349
-0.08242000000000001
-0.26493
-0.07469
0.02533
-0.21514
-0.20582
-0.05619
0.029009999999999998
0.6921299999999999
0.4715
0.28037
0.28069
0.0414
-0.0027300000000000002
0.07141
-0.018340000000000002
0.16201000000000002
0.25865
0.23812
0.38613
0.47329
0.30289
0.22299
0.23382000000000003
-0.10656
0.02962
0.12198
0.0472
0.43333
0.46796
0.3257
0.53923
0.03629
-0.1833
0.00845
0.0705
0.00598
-0.29587
-0.21819
-0.37436
-0.54888
-0.47304999999999997
-0.33334
-0.53732
-0.44787
0.058730000000000004
-0.05566
0.06764
-0.1873
-0.15954000000000002
-0.08703
0.14044
-0.30502
-0.62903
-0.22893
-0.30024
0.023719999999999998
0.05373
0.07941
0.12933
0.53585
0.22696000000000002
0.25751
0.06428
0.5664399999999999
0.61917
0.38828
0.42774999999999996
0.09808
-0.18495999999999999
-0.17174
-0.34265999999999996
-0.62467
-0.38151
-0.28402
-0.54803
-0.7364
-0.20792000000000002
-0.24749
-0.36274
-0.36515000000000003
-0.15639
-0.11359999999999999
-0.19322
0.028450000000000003
0.28297
0.17164000000000001
0.25302
0.61079
0.13381
-0.07783000000000001
-0.23738
-0.57321
-0.29162
-0.20091
-0.23154
-0.17300000000000001
-0.29795
-0.27702000000000004
-0.41057000000000005
-0.20192
0.03908
-0.028140000000000002
-0.14276
-0.057089999999999995
0.09695999999999999
0.062119999999999995
-0.19945000000000002
-0.06093
0.75456
0.56195
0.8658199999999999
0.73098
0.29896999999999996
0.33097
0.2998
0.22557
0.16988
0.22977
0.21568
0.49611
0.24079
0.16218
-0.028820000000000002
0.2095
0.41157
0.20678000000000002
0.02129
-0.15206
0.025840000000000002
0.05218
-0.02245
0.20869
0.44033
0.24556999999999998
0.39628
0.28981
-0.06688
-0.09548999999999999
-0.30084
-0.13227
0.007890000000000001
-0.1555
-0.34165999999999996
-0.41789000000000004
-0.015529999999999999
-0.18505
-0.19172999999999998
-0.92324
-0.6824800000000001
-0.51622
-0.53476
-0.27519
-0.35367
-0.36469999999999997
-0.53623
-0.37788
-0.00158
-0.09913999999999999
-0.14559
0.06706000000000001
0.44047
0.27135000000000004
0.33100999999999997
0.53083
0.51988
0.35465
0.46946
0.5700500000000001
0.52228
0.31765
0.59056
0.32002
0.0728
0.12394
0.26383
0.34343
-0.03347
-0.027440000000000003
-0.09273999999999999
-0.34274
-0.09104
-0.031139999999999998
0.14967
0.15289
-0.18599
-0.18627
-0.24469000000000002
-0.2657
-0.32972
-0.28986999999999996
-0.30846
-0.3994
-0.49722
-0.4188
-0.51402
-0.41039000000000003
-0.29019
-0.25232
-0.2789
0.039060000000000004
-0.16679
-0.2231
-0.35281
0.1107
0.21536000000000002
-0.03034
-0.19744
0.02722
0.47819
0.23718
0.32724
-0.09910999999999999
0.010409999999999999
0.054669999999999996
0.004699999999999999
-0.08341
0.30875
0.17359000000000002
0.30036
-0.20684000000000002
-0.26122
-0.1391
-0.25907
-0.39225
-0.10533
0.00125
-0.04229
0.13652
0.41058999999999996
0.21273
0.37288
0.16821000000000003
-0.00378
0.015529999999999999
0.03261
-0.05557
0.08807999999999999
0.05503
0.16158999999999998
-0.28967
-0.30617
-0.22522999999999999
-0.18822
-0.71597
-0.59273
-0.37368
-0.4335
-0.49781
-0.02314
0.016479999999999998
0.33464
0.33915999999999996
-0.03698
0.06697
0.20895
0.01497
-0.11638
0.06798
0.10824
0.025859999999999998
-0.09390000000000001
0.055970000000000006
0.11205
0.34724
0.22288
0.13729
0.13406
0.10355
0.07042
0.1531
0.25255
0.52223
0.27636
0.20908000000000002
0.34818
-0.01002
-0.48286999999999997
-0.30763999999999997
-0.54872
-0.66509
-0.3006
-0.18814
-0.20504999999999998
0.21423999999999999
0.021230000000000002
-0.12727
-0.26608
-0.36924
-0.06112
-0.05372
0.033780000000000004
0.08184
-0.19521
-0.17719000000000001
-0.31672
-0.01905
0.21765
0.02673
0.011770000000000001
-0.37332
-0.08673
0.0027400000000000002
-0.017589999999999998
0.02471
0.23809999999999998
0.23293
0.42387
0.55161
0.48639000000000004
0.44847000000000004
0.56907
0.36605
0.11893000000000001
0.18345
0.2235
0.50811
0.27235
0.20381
0.16176
-0.25311
-0.21244
-0.099
-0.18688
-0.38215000000000005
-0.22433
-0.05769
-0.0793
0.17184000000000002
0.09811
-0.00048
-0.10077
-0.36909
-0.06801
-0.09354
-0.05339000000000001
-0.20012
-0.30838
-0.20664000000000002
-0.30224
-0.49087000000000003
-0.24327000000000001
-0.13501
-0.14683
-0.16140999999999997
-0.041319999999999996
-0.04771
-0.01176
0.21567
-0.03832
-0.06053
-0.26069
-0.16595
0.28307
0.22605
0.44186
0.33559
-0.08413999999999999
-0.04437
-0.13652
-0.23655
-0.08797
-0.01977
-0.11459
0.08413
0.28855000000000003
0.21256
0.23309000000000002
0.43848
0.49523000000000006
0.33331000000000005
0.43259000000000003
0.10265
-0.23587
-0.09422000000000001
-0.23848
0.024169999999999997
0.23748000000000002
0.05681
0.03117
-0.35029000000000005
-0.09619
-0.02414
-0.00393
-0.11095000000000001
-0.15176
-0.17159
-0.08233
-0.28967
-0.32536000000000004
-0.16704999999999998
-0.03464
0.35095999999999994
-0.07375
-0.17167000000000002
-0.19306
-0.36003
-0.5133800000000001
-0.3517
-0.51697
-0.16021000000000002
0.01817
-0.053399999999999996
-0.10286
-0.18021
-0.19637000000000002
-0.19766999999999998
-0.31359000000000004
-0.2325
0.13836
0.00718
-0.05763
-0.23594
0.34472
0.35859
0.61181
0.6227900000000001
0.22227
0.28313
0.30623
0.58748
0.47191000000000005
0.36173
0.42371000000000003
0.59466
0.22259
0.21555
0.10755
0.55302
0.382
0.09502000000000001
-0.13739
-0.64152
0.09114000000000001
0.03696
0.33335000000000004
0.11928000000000001
-0.23933
-0.15633
-0.25291
-0.39183999999999997
-0.14435
-0.14856
-0.0028100000000000004
-0.48947
-0.59958
-0.31937
-0.26997
0.27241
0.052629999999999996
0.01517
-0.04239
0.09617
0.14232
0.06735000000000001
0.17193000000000003
-0.047560000000000005
-0.09762
-0.02543
-0.04583
0.04041
0.16326000000000002
0.15553
0.17227
-0.0155
-0.026619999999999998
0.05805
0.13156
-0.05625
0.05945
0.17643999999999999
0.28441
0.41131999999999996
0.16763999999999998
0.22625
0.19328
0.48599
0.27218
0.12829000000000002
0.035230000000000004
-0.17639
0.14295
0.1501
0.17658000000000001
0.18117
-0.09058999999999999
-0.01862
-0.03245
0.12900999999999999
0.011770000000000001
-0.053559999999999997
-0.18686
-0.07282
0.25765
0.11779
0.16959
-0.17187999999999998
-0.32581000000000004
-0.17839
-0.2164
-0.00485
0.05367
-0.07521
-0.09518
-0.38827
-0.15753
-0.07163
0.06878000000000001
0.2576
0.06161
0.060250000000000005
-0.0158
-0.21536000000000002
-0.034140000000000004
0.06733
0.22863
0.5114500000000001
0.12304999999999999
0.12622
0.10553000000000001
0.38067
0.27037
0.14284
0.05774
-0.05163
0.16266999999999998
0.18411000000000002
0.32966
0.40426
-0.04239
-0.06312999999999999
-0.21947
-0.39932
-0.12686999999999998
-0.1161
-0.12592
-0.10081
-0.16854
-0.12875
-0.26001
-0.08586
0.17201
0.09618
0.09366
0.21660000000000001
0.35013
0.26537
0.42227
0.321
0.03646
0.08779999999999999
0.07966000000000001
0.22693000000000002
0.16932
0.15634
0.09252
0.1307
0.20533
0.16033
0.23763
0.37671
0.12679
0.06312000000000001
-0.08045
0.06756999999999999
0.30837
0.18661000000000003
0.2346
-0.03578
0.01038
0.0487
0.10847
-0.07629
-0.18647
-0.08656000000000001
-0.11071999999999999
0.16469999999999999
0.045919999999999996
-0.04883
-0.05115
-0.05991
0.12698
0.02512
0.11252000000000001
-0.14911
-0.22283999999999998
-0.08953
-0.01307
-0.27804
-0.43759
-0.18873
-0.19504000000000002
0.25198
0.022639999999999997
-0.10393000000000001
-0.24766
-0.38362
-0.1435
-0.01558
-0.05631
0.22497
0.15202
0.03566
-0.060919999999999995
-0.36314
-0.13323000000000002
-0.15298
-0.15161
-0.34941
-0.23152
-0.09437
-0.24029
0.00018999999999999998
0.23068000000000002
0.16432
0.25649
0.40246000000000004
0.13281
0.11175
-0.014079999999999999
0.22624
0.44187
0.25173
0.24939
0.35259999999999997
0.25377
0.10215
0.08960000000000001
-0.48414999999999997
-0.3726
-0.2182
-0.24712
-0.47213
-0.1332
-0.09561
-0.015349999999999999
0.061829999999999996
-0.19993
-0.18465
-0.31448
-0.31989
0.00262
-0.00363
0.09215999999999999
0.16942000000000002
0.08468
0.04019999999999999
0.19243
0.06464
-0.18202000000000002
-0.05749
-0.08829000000000001
-0.17408
-0.0722
-0.01621
0.028220000000000002
0.29776
0.22333999999999998
0.19979
0.37773
0.4526
-0.11538999999999999
-0.04776
-0.21957000000000002
-0.02682
0.09772
0.02284
0.03342
0.06324
0.10608000000000001
0.09462999999999999
0.025099999999999997
-0.10555999999999999
0.03476
0.06306
-0.00266
0.12461
0.20965
0.10729
0.24780999999999997
0.15004
-0.12933999999999998
-0.11865
-0.25432
-0.22911
-0.14955
-0.11664
-0.0975
0.054029999999999995
-0.23946
-0.19341
-0.29137
0.05731
0.0109
-0.1318
-0.30861
-0.11941
0.18082
0.00996
-0.07908
0.07671
0.30265000000000003
0.15139
0.16577999999999998
-0.14776999999999998
0.09272
0.09068
0.24272
0.28539000000000003
0.01602
0.049429999999999995
-0.059000000000000004
0.10611000000000001
0.33531
0.22107
0.17051
0.09264
0.31676
0.21594000000000002
0.33042
0.22996
0.21086
0.21792999999999998
0.35335
0.24481999999999998
0.034390000000000004
0.04444
0.01874
-0.23085
-0.25449
-0.14573
-0.1318
-0.17084
-0.1382
-0.08399
-0.10336000000000001
-0.03315
-0.26341000000000003
-0.25484
-0.33972
-0.36568
-0.18216000000000002
-0.19731
-0.21438
-0.44362999999999997
-0.30804
-0.24495
-0.31121
-0.26102000000000003
-0.11701
-0.12478
-0.06358
-0.0947
-0.17239000000000002
-0.16247
-0.28154
-0.29767
0.01889
0.04107
0.22262
0.34588
-0.01766
0.028300000000000002
-0.09529
-0.03573
0.15322
0.056909999999999995
0.15353
0.09273999999999999
-0.1036
-0.05442
-0.13373
-0.09993
0.05969
0.02635
-0.02923
-0.08285999999999999
0.16135000000000002
0.11026999999999999
0.22199000000000002
0.34201
0.15342
0.09242
0.13928000000000001
-0.14464
-0.14242000000000002
-0.01746
0.05221
0.11185
-0.15546
-0.11893000000000001
-0.20573
-0.41936
-0.19651
-0.11466
-0.1855
0.12981
0.36973
0.21454
0.36274999999999996
0.2637
0.06839
0.12585000000000002
0.22604
0.21337
0.0074199999999999995
0.07664
0.053470000000000004
0.28425
0.15919
0.07098
-0.0023799999999999997
-0.19943000000000002
-0.18045999999999998
-0.11218
-0.19817
-0.28416
-0.10103999999999999
-0.12417
-0.11874000000000001
-0.29164
-0.25207999999999997
-0.14351
-0.20442
-0.15596
-0.0345
-0.0956
-0.1787
-0.34755
-0.22457000000000002
-0.18346
-0.18652999999999997
-0.24278
-0.07622
0.02086
0.02888
0.11622
-0.056479999999999995
-0.07365000000000001
-0.22343
-0.24552
0.07599
0.054770000000000006
0.14731
0.15787
0.01107
-0.00922
-0.05086
-0.11771000000000001
-0.06801
-0.05377
-0.03239
-0.04692
0.014159999999999999
0.01533
-0.04013
-0.26234
-0.14196
-0.04056
0.01855
0.3346
0.09493
0.01353
-0.0629
-0.14657
0.04337
0.01884
0.09208999999999999
-0.04868
-0.21042000000000002
-0.15591
-0.24112999999999998
-0.40930999999999995
-0.17719000000000001
-0.0684
-0.01016
0.18997
0.02021
-0.03905
-0.07519
0.17751
0.11304
0.043739999999999994
-0.02255
-0.12239000000000001
0.01802
0.022949999999999998
-0.02576
-0.00534
0.08842
0.023119999999999998
0.02465
-0.0077800000000000005
-0.03406
-0.02544
-0.07716
-0.10865999999999999
0.10117000000000001
0.09436
0.13665
0.27508
0.06498999999999999
0.0688
-0.00512
0.19222
0.29236
0.2357
0.17446
0.47095
0.5302
0.28835
0.40125999999999995
0.30335
0.03702
0.012549999999999999
-0.11865
-0.36916
-0.11295
-0.07219
-0.05144
-0.1106
-0.12265000000000001
-0.13937
-0.15123
-0.15759
-0.18031
-0.17364000000000002
-0.31492000000000003
-0.35237
-0.06039
-0.07723
0.03979
0.33702
0.19065000000000001
0.06301
0.07438
-0.23582
-0.20492999999999997
-0.15407
-0.14626
0.07873999999999999
0.12698
0.02553
0.08096
-0.0872
-0.053470000000000004
-0.03562
-0.02
-0.36206000000000005
-0.21911000000000003
-0.05269
0.05088
0.34131999999999996
0.11362
0.07132
0.10083
0.15949
0.20206
0.15943
0.18486
0.28997
0.20473
0.13717000000000001
0.17675999999999997
0.02656
0.12953
0.1794
0.27152
0.32545
0.09403
0.01686
0.014070000000000001
-0.2026
-0.24021
-0.14665
-0.12535
0.11776999999999999
0.07655
0.03562
0.09824
-0.01287
-0.18411999999999998
-0.12833
-0.09592
0.03561
-0.08442999999999999
-0.09298999999999999
-0.11785
-0.012849999999999999
0.04829
-0.00268
0.12036
0.33419
0.029289999999999997
-0.022010000000000002
-0.02688
-0.1866
-0.15091
-0.078
-0.01183
0.08329
-0.18803999999999998
-0.10891999999999999
-0.19832
0.04359
0.24884
0.18083
0.18587
0.23704999999999998
0.19777999999999998
0.14986
0.16228
0.24261
0.18071
0.14014
0.12349
0.17669
0.18431
0.06906
-0.01203
-0.18742
-0.11962999999999999
-0.1465
-0.21475999999999998
-0.43097
-0.20213
-0.15422
-0.16167
-0.28134
-0.21856
-0.19318000000000002
-0.19096
-0.24098
-0.2217
-0.21477000000000002
-0.25825
-0.43317999999999995
-0.2989
-0.2189
-0.22454000000000002
-0.14252
-0.056740000000000006
-0.08927
-0.07652
-0.16692
-0.17078
-0.15351
-0.26350999999999997
-0.43328000000000005
-0.06530999999999999
0.0034000000000000002
0.11903999999999999
0.13218
0.04123
0.0691
0.11303
0.0978
0.14622
0.13910999999999998
0.20939
0.09076000000000001
0.03136
0.10398
0.20454
0.21684
0.020870000000000003
0.09757999999999999
0.17029
0.26141
0.00902
0.023
0.00233
0.20603000000000002
0.03524
0.028990000000000002
-0.0028299999999999996
0.11455
0.01663
0.02
-0.07136
-0.0024
0.10006
0.02661
-0.05865
-0.04723
0.29454
0.24699000000000002
0.30023
0.23995999999999998
0.29092
0.24619
0.36652
0.33232
0.11135999999999999
0.12695
0.16494
0.33492
0.11129
0.09178000000000001
0.02153
0.13117
0.13294
0.043949999999999996
-0.0123
-0.14302
0.04478
0.043
0.06165
-0.10800000000000001
-0.06559999999999999
-0.0023
0.03109
0.19065000000000001
0.11124
0.053579999999999996
0.12792
-0.02167
-0.05994
-0.03877
-0.04628
-0.01872
-0.17139
-0.13269
-0.18931
-0.07672
0.05437
0.03094
0.11284000000000001
-0.00915
-0.11853999999999999
-0.06759
-0.03428
0.06274
-0.139
-0.13022
-0.17388
-0.056159999999999995
-0.09704
-0.10416
-0.18986
-0.11992000000000001
0.08424
0.042350000000000006
0.15278
0.19210000000000002
-0.17370000000000002
-0.11529
-0.27274
-0.19401
0.07135
0.037149999999999996
0.0259
0.19943999999999998
0.16268999999999997
0.0368
-0.042969999999999994
-0.11452999999999999
0.11315
0.06815
-0.0008
-0.15292999999999998
0.21066
0.16205999999999998
0.31965
0.08728
-0.09254
0.0020499999999999997
-0.0027300000000000002
-0.01093
-0.15646000000000002
-0.09303
-0.13025
0.09920999999999999
0.04485
-0.04929
-0.09677
-0.00915
0.01207
-0.07575
-0.17306999999999997
-0.47125
-0.14175000000000001
-0.09414
0.010069999999999999
0.14628
0.03787
0.02456
0.08481
0.05053
-0.04901
-0.03239
-0.0649
-0.06443
-0.12352
-0.09324
-0.13839
-0.07773
0.12106
0.10627
0.16998000000000002
0.30144
0.25297000000000003
0.18189
0.22314
0.14473
0.07212
0.09032
0.17323
0.23198
0.03916
0.0864
0.06356
0.14959
-0.02467
-0.052140000000000006
-0.18231000000000003
-0.15894
0.024929999999999997
-0.03555
-0.09973000000000001
-0.09781000000000001
0.0455
0.02664
0.039009999999999996
-0.05026
-0.00842
0.0028799999999999997
0.04476
0.14384
0.09171
0.0051400000000000005
-0.040970000000000006
-0.19097
-0.06820999999999999
-0.04719
0.006790000000000001
0.06942999999999999
-0.01307
-0.039209999999999995
-0.09293
-0.32878
-0.12634
-0.043570000000000005
0.031259999999999996
-0.07341
-0.24583
-0.10742000000000002
-0.16091
0.15958
0.26148
0.14759
0.15311
0.10453
0.14367000000000002
0.14413
0.13535
0.15874
0.31601
0.30045
0.36662
0.36771
0.27653
0.24292000000000002
0.30341
0.35255000000000003
0.17142
0.14299
0.15401
0.23739000000000002
0.06538000000000001
0.05242
-0.00261
-0.11682000000000001
0.03997
0.06746
0.14962999999999999
0.1408
-0.1168
-0.11867000000000001
-0.21316
-0.27474
-0.051710000000000006
-0.05742
-0.016890000000000002
-0.05098
-0.13753
-0.08449
-0.10439999999999999
-0.22893
-0.22521999999999998
-0.17379
-0.29731
-0.19243
-0.04516
-0.07375
-0.11742000000000001
-0.14926
0.010320000000000001
0.017490000000000002
0.07447
0.20531
0.10511
0.059960000000000006
-0.024620000000000003
-0.09394
-0.00602
-0.014379999999999999
-0.03392
0.03961
0.13718
0.10006
0.03896
0.12868000000000002
0.29666
0.15153
0.22636
-0.00863
-0.07318
-0.020470000000000002
-0.040389999999999995
-0.22295
-0.17095
-0.09308999999999999
-0.1222
-0.10489000000000001
-0.00819
-0.05602
-0.0013900000000000002
-0.12571
-0.17242999999999997
-0.11704
-0.16327999999999998
-0.11379
0.09134
0.0741
0.20472
0.10874
-0.18369
-0.10317
-0.09573000000000001
0.059109999999999996
-0.14641
-0.18475999999999998
-0.32317
-0.14134
0.04775
-0.0378
-0.04742
-0.2545
-0.07402
-0.043739999999999994
-0.0033900000000000002
-0.25072
-0.12839
-0.05902
0.0219
0.17635
0.08291
0.0821
0.15607
0.26167
0.0708
0.02511
-0.00919
-0.07638
-0.066
-0.01628
-0.01417
-0.00957
0.00295
0.034820000000000004
0.0008100000000000001
0.00617
0.14382999999999999
0.10468
0.15202
0.06724000000000001
-0.025539999999999997
-0.018520000000000002
-0.0019500000000000001
-0.05749
-0.11057
-0.042199999999999994
-0.07637
0.02514
0.004739999999999999
-0.00996
-0.01698
-0.0431
-0.09648
-0.07996
-0.12254
0.08265
0.12794
0.06469
0.08794
0.18603000000000003
0.08750999999999999
0.04564
0.01508
0.044660000000000005
0.11531000000000001
0.03636
0.049
-0.03639
-0.04349
-0.012470000000000002
-0.008409999999999999
0.05361
-0.011739999999999999
-0.023090000000000003
-0.03762
-0.10282999999999999
-0.08353
-0.08574
-0.11885
-0.11632999999999999
-0.05375
-0.05577
-0.10737999999999999
0.040670000000000005
0.10427
-0.00559
-0.05252
-0.31119
-0.07731
-0.07303
0.00436
-0.27193
-0.29164999999999996
-0.13903000000000001
-0.20162
-0.01688
0.0663
-0.01641
-0.03681
-0.23021999999999998
-0.10856
-0.046630000000000005
0.009000000000000001
0.113
0.02811
-0.00182
0.00374
0.11598000000000001
0.10635
0.040209999999999996
0.01279
-0.17835
0.034089999999999995
0.04469
0.13353
0.0349
-0.10002000000000001
-0.051070000000000004
-0.02275
-0.0801
-0.14795
-0.09119999999999999
-0.08539999999999999
-0.05808
-0.05341
-0.08726
-0.11810999999999999
-0.27543
-0.13139
-0.06751
0.02936
-0.09420999999999999
-0.2561
-0.17498000000000002
-0.17393
-0.09398
-0.1409
-0.12603
-0.1008
0.10814
-0.051879999999999996
-0.07281
-0.14217000000000002
-0.05524
0.08592000000000001
0.045810000000000003
0.09087999999999999
0.20007999999999998
0.08990000000000001
0.01894
0.07447
-0.011739999999999999
-0.03517
-0.01002
0.05941
0.10265
0.00641
0.040350000000000004
0.044320000000000005
0.16821000000000003
0.03782
0.00714
-0.046529999999999995
0.031709999999999995
0.057999999999999996
-0.00883
-0.05072
-0.08176
0.07212
0.02
0.07641
-0.04891
-0.10032
-0.043680000000000004
-0.06722
-0.15329
-0.06634999999999999
-0.051840000000000004
-0.00299
0.057859999999999995
0.03448
0.014410000000000001
0.09677
0.17761
-0.01582
-0.04455
-0.06729
-0.185
-0.16543
-0.13205
-0.09851000000000001
-0.22100999999999998
-0.25348
-0.14183
-0.12085000000000001
0.028239999999999998
-0.09865
-0.11926
-0.22154
-0.14273999999999998
0.09045
0.0581
0.13892
0.05312
0.07143
0.09853999999999999
0.13958
0.07418
0.01228
0.06254
0.12911
0.15865
0.006939999999999999
0.02984
0.06396
0.18943000000000002
0.06783
0.02997
-0.03487
-0.08843
-0.03867
-0.0361
-0.03382
-0.25229
-0.23228000000000001
-0.13832
-0.20314
-0.16912
0.05447
0.040670000000000005
0.13311
0.16407
-0.02031
-0.007890000000000001
-0.03153
-0.0398
-0.10507999999999999
-0.09388999999999999
-0.11241
-0.09367
-0.02185
-0.03627
-0.01571
-0.11402
-0.13991
-0.08802
-0.12141
-0.02766
-0.02022
-0.0776
-0.049589999999999995
-0.161
-0.10051
-0.03042
0.02878
-0.024489999999999998
-0.10232
-0.055689999999999996
-0.08615
-0.06436
-0.02872
-0.0017599999999999998
0.034929999999999996
0.0038
-0.11553000000000001
-0.04486
-0.0701
0.14567
0.11084
0.07403
0.06239
0.08456
-0.05441
-0.03926
-0.14809
-0.11018
0.06405999999999999
-0.01303
-0.06392
-0.052000000000000005
0.12575
0.05489
0.10032999999999999
-0.11551
-0.12462
-0.043
0.00711
0.07653
-0.03802
-0.03464
-0.02533
-0.04829
-0.22417
-0.16805
-0.25789
-0.10903
-0.07292
-0.12329000000000001
-0.20179
-0.07408000000000001
0.04835
-0.025150000000000002
-0.022099999999999998
-0.20974
-0.03994
0.0047599999999999995
0.04508
0.04747
-0.07329
-0.06766
-0.12029999999999999
-0.05827
0.10016
0.09403
0.15428
0.25738
0.17596
0.11647
0.126
-0.02204
-0.04289
-0.0053
0.033370000000000004
0.07139999999999999
-0.0074199999999999995
0.02588
0.03225
0.16503
0.11972
0.03657
0.07455
-0.01131
-0.16363
-0.12823
-0.18533000000000002
-0.2643
-0.20318999999999998
-0.13162000000000001
-0.15241
-0.01015
-0.04775
-0.08059
-0.11279
-0.11506
-0.07578
-0.06488000000000001
-0.07399
0.12292
0.06892000000000001
-0.0096
-0.017310000000000002
0.052779999999999994
0.09429
0.03662
0.03504
-0.01234
-0.014150000000000001
-0.022029999999999998
-0.07327
-0.17023
-0.00267
0.0072
0.06765
0.13462
-0.040679999999999994
-0.0401
-0.09156
-0.05929
0.00333
-0.021030000000000004
-0.042519999999999995
0.059640000000000006
0.043949999999999996
0.00987
-0.01726
-0.05299
0.03007
-0.013560000000000001
-0.013260000000000001
-0.11981
-0.11221
-0.07329
-0.10142
-0.022170000000000002
0.04348
0.00134
0.00402
-0.08499000000000001
-0.04043
-0.02746
-0.052140000000000006
-0.06068
0.056299999999999996
0.00835
0.08556
-0.051680000000000004
-0.08539999999999999
-0.0236
0.00838
-0.04771
-0.10491
-0.015629999999999998
-0.00245
0.15597
0.07106
0.03209
0.01322
0.07476
0.019119999999999998
0.01414
-0.0322
0.06852
0.1801
0.11016
0.12051
-0.017
0.05803
0.07282
0.11086
0.01981
0.03299
0.050679999999999996
0.10421
0.047880000000000006
-0.0783
-0.01209
-0.019
0.12738
0.09366
0.06225
0.061180000000000005
0.03001
0.02081
0.04133
0.04275
0.08567
0.04198
0.034929999999999996
0.03758
0.12752
0.068
0.01199
0.0385
-0.09162000000000001
-0.12336
-0.04979
-0.04988000000000001
0.07407
-0.012729999999999998
-0.012410000000000001
-0.07484
-0.11932999999999999
-0.02721
-0.020390000000000002
-0.0005600000000000001
0.050730000000000004
0.07764
0.0636
0.05514
0.18643
0.22277999999999998
0.16438
0.24617
0.18295000000000003
0.06515
0.08601
0.060430000000000005
0.007039999999999999
-0.00598
0.02426
0.03221
0.11785
0.02598
0.02101
-0.04123
-0.02841
0.012889999999999999
-0.03457
-0.07615
-0.18758
-0.12892
-0.08909
-0.16538
-0.04952
0.12051
0.05474999999999999
0.06457
-0.04507
0.021
0.00477
0.033639999999999996
0.03242
-0.01024
-0.00575
-0.038450000000000005
-0.24414999999999998
-0.09823
0.0042
0.01234
0.1467
0.13493
0.08960000000000001
0.08451
0.006670000000000001
0.007209999999999999
0.06476
0.07513
0.23146999999999998
0.12815
0.10386
0.056740000000000006
0.0298
0.16691
0.14597
0.13682
0.00903
0.04165
0.07730000000000001
0.028530000000000003
0.13399
0.23393999999999998
0.17922999999999997
0.23259
0.19837
0.10108
0.09659000000000001
0.11022
0.09484999999999999
-0.00154
-0.00242
-0.07045
-0.16521999999999998
-0.06468
-0.0388
-0.03213
-0.0538
-0.04026
-0.0482
-0.06805
-0.03465
-0.12576
-0.11991
-0.1759
-0.20149999999999998
-0.06465
-0.0489
-0.08301
0.01712
0.08516
0.00855
-0.04568
-0.13806
0.05526
0.037599999999999995
0.09114000000000001
-0.00361
0.0023599999999999997
0.042409999999999996
0.10484
0.13448000000000002
0.07558
0.055119999999999995
0.046669999999999996
-0.04585
-0.05107999999999999
-0.015
-0.07309
-0.01569
0.10252
0.0712
0.14202
0.14682
0.09101000000000001
0.08388999999999999
0.10536
0.0037
-0.07719999999999999
-0.01464
-0.048440000000000004
0.06022
0.07962
0.0449
0.0562
0.10502
0.07829
0.045
0.06962
0.08474
0.05496
0.02842
0.07254
-0.02384
-0.04933
-0.013839999999999998
0.0148
-0.05789
-0.1026
-0.016730000000000002
-0.01762
0.13907
0.08048999999999999
0.04665
0.03549
0.08316000000000001
0.07013
0.06215
0.08164999999999999
0.08651999999999999
0.07535
0.06248
0.06045
0.010820000000000001
0.03484
0.07361
0.11818
0.19755
0.08718999999999999
0.051390000000000005
0.048310000000000006
0.06729
0.04038
0.0443
-0.00809
0.09670999999999999
0.18127
0.10439
0.1191
-0.08635999999999999
0.00458
0.03945
0.06394
0.03329
0.02544
0.05827
0.1116
0.15835000000000002
0.02835
0.02423
0.04633
0.14663
-0.0518
-0.04858
-0.12973
-0.07663
0.07619
0.0323
0.056929999999999994
0.021
-0.10746
-0.09784000000000001
-0.16365
-0.25372
-0.0942
-0.08553000000000001
-0.08571
-0.17452
-0.13094
-0.07255
-0.11199999999999999
-0.039169999999999996
0.04857
0.00217
0.0076100000000000004
-0.13543
-0.07237
-0.00641
-0.00594
0.10078
0.14635
0.15148999999999999
0.23013999999999998
0.29832000000000003
0.10604
0.09159
0.04169
0.11464
0.13778
0.09394999999999999
0.09058
0.047850000000000004
0.052270000000000004
0.02352
-0.0134
-0.22468
-0.14922000000000002
-0.07931
-0.10478
-0.16791
-0.05643
-0.04105
-0.0092
-0.02947
-0.07055
-0.05132
-0.06766
-0.006889999999999999
-0.02796
-0.03532
-0.0596
-0.05485
0.008020000000000001
-0.00923
-0.0070599999999999994
0.03791
0.056139999999999995
0.03023
0.03935
-0.08448
-0.06983
-0.022559999999999997
-0.02488
0.050620000000000005
0.01925
0.033769999999999994
0.020470000000000002
0.07216
0.14278000000000002
0.10717
0.1507
0.15872
0.09917999999999999
0.10174
0.07236
0.10626
0.18771000000000002
0.12990000000000002
0.20511
0.00064
-0.06842
0.02166
0.05151
0.11010999999999999
-0.06279
-0.057210000000000004
-0.08459
-0.09281
-0.09131
-0.06979
-0.09798
-0.060570000000000006
-0.05199
-0.021720000000000003
-0.06512
0.01558
0.06253
0.02104
0.06563
0.0059499999999999996
-0.12643000000000001
-0.09737
-0.15725
-0.05673
0.05113
0.00316
-0.02153
-0.02928
0.01839
0.0074399999999999996
-0.01307
-0.028769999999999997
-0.01659
-0.03291
-0.05931
-0.07098
0.08956
0.07114
0.09773
0.18777000000000002
0.10597
0.0785
0.05498
-0.01782
0.06258
0.04359
0.07299
0.05509
0.027450000000000002
0.027080000000000003
0.039830000000000004
-0.022719999999999997
-0.019870000000000002
-0.028900000000000002
-0.04092
-0.15789999999999998
-0.13424
-0.0922
-0.11685000000000001
-0.17747
-0.07971
-0.044000000000000004
-0.019030000000000002
0.01661
0.01775
0.02588
0.03938
0.0741
0.05671
0.0434
0.11705
0.11265
0.0195
0.04948
0.07317
0.07661
-0.03665
-0.00983
-0.01541
-0.04273
-0.09679
-0.05852
-0.07016
0.055380000000000006
-0.00547
-0.036840000000000005
-0.11365
-0.08038000000000001
0.05833
0.01817
0.03646
-0.13495
-0.12034
-0.06978
-0.10035999999999999
-0.06678
-0.012119999999999999
-0.03205
-0.00862
-0.08285000000000001
-0.051500000000000004
-0.01153
0.00421
0.12158
0.0067
-0.032850000000000004
-0.07223
-0.1184
-0.00446
0.01838
0.07341
0.08723
-0.07379
-0.0384
-0.10333
0.022330000000000003
0.14052
0.06051
0.0895
0.02443
-0.08396
-0.05679
-0.11832000000000001
-0.05379
0.05801
0.02488
0.0712
0.04907
-0.062400000000000004
-0.06799000000000001
-0.09504
-0.10246000000000001
-0.08285000000000001
-0.08926
-0.12480000000000001
-0.07793
0.04814
0.0216
0.05431
-0.02141
-0.03769
-0.0106
0.006690000000000001
-0.04491
-0.06892000000000001
-0.03263
-0.02951
0.05535999999999999
0.00536
-0.0017100000000000001
-0.00316
0.06835
0.048330000000000005
0.04008
0.054299999999999994
0.07363
-0.00571
-0.00662
-0.06321
-0.04027
0.03707
0.01864
0.013260000000000001
0.0596
0.10846
0.042960000000000005
0.04222000000000001
-0.03604
-0.02429
-0.00662
0.01562
0.07599
0.02395
0.00226
0.03017
0.05106
-0.032709999999999996
-0.03611
-0.06121000000000001
-0.05175
-0.049080000000000006
-0.039169999999999996
-0.02114
0.044989999999999995
-0.02774
-0.052809999999999996
-0.10308999999999999
-0.09401999999999999
0.02411
-0.00862
0.03649
-0.022480000000000003
-0.03294
-0.011770000000000001
-0.019110000000000002
0.0425
0.047220000000000005
0.02099
0.018349999999999998
-0.06948
-0.00874
0.006889999999999999
0.06114
0.11375
-0.0016200000000000001
-0.00551
0.01737
0.02604
-0.03639
-0.030270000000000002
-0.02114
0.05422
-0.02911
-0.03527
-0.06019
-0.08546
-0.044320000000000005
-0.05285
-0.044109999999999996
-0.0666
-0.12237
-0.09451000000000001
-0.11606999999999999
-0.07393
-0.02092
-0.04072
-0.06103
-0.0649
0.00734
-0.008159999999999999
0.00099
-0.04299
0.01159
0.02849
0.06282
0.05804
-0.00443
0.0101
-0.02004
0.03154
0.06845
0.01587
0.03743
-0.1012
-0.11561
-0.048639999999999996
-0.08237
-0.01311
0.05745
0.02262
0.05065
0.029990000000000003
-0.04178
-0.027080000000000003
-0.05022
-0.09455999999999999
-0.03998
-0.022709999999999998
-0.025859999999999998
-0.040839999999999994
0.0034999999999999996
-0.00091
0.03032
-0.06583
-0.10877
-0.0677
-0.09847
-0.10565
0.03859
0.03896
0.08526
0.09058999999999999
-0.02651
0.0017000000000000001
0.03739
0.00122
-0.07096
-0.02091
-0.07578
0.0027300000000000002
0.07157
0.04564
0.07942
0.05875
0.049749999999999996
0.0683
0.09489
0.10352
0.00674
0.0039700000000000004
-0.0041199999999999995
-0.04785999999999999
-0.08297
-0.03564
-0.030219999999999997
0.014650000000000002
-0.05389
-0.035
-0.1091
-0.0435
0.045309999999999996
0.01497
0.01095
0.07793
0.06192
0.04533
0.02322
0.02664
0.10496
0.07177
0.0736
0.11319000000000001
0.05776
0.041479999999999996
0.04688
0.00104
-0.03791
-0.013269999999999999
-0.06715
0.01675
0.09118
0.059829999999999994
0.07965
0.14456
0.06271
0.03693
-0.02021
0.01426
0.08987
0.05411
0.02659
0.03032
0.11252000000000001
0.07702
0.10598
0.0516
0.00165
-0.00028000000000000003
-0.02098
-0.09327
-0.017589999999999998
-0.02376
-0.00888
-0.07385
-0.11914999999999999
-0.07778
-0.11092
-0.12905
-0.06174
-0.06764
-0.09092
-0.08648
-0.05178
-0.0558
-0.06309999999999999
-0.06877
0.00252
0.0070599999999999994
0.012709999999999999
0.01312
0.041589999999999995
0.02604
0.0526
-0.012
-0.03503
-0.0077
0.00734
0.07934000000000001
0.04835
0.02506
-0.0073
-0.052300000000000006
-0.00544
-0.01948
0.00471
-0.03237
-0.021150000000000002
0.00187
0.0011799999999999998
0.06663999999999999
0.0524
0.00986
0.009399999999999999
-0.07674
-0.08085
-0.05176
-0.03259
-0.03524
-0.08781
-0.0728
-0.10252
-0.02412
0.00509
-0.03544
-0.025459999999999997
-0.07821
-0.07765
-0.06501
-0.062110000000000005
-0.08714000000000001
-0.01322
-0.01184
0.03905
0.07052
-0.02819
-0.01089
0.026230000000000003
0.0643
-0.01109
-0.02496
-0.06855
-0.11996000000000001
-0.030990000000000004
-0.00471
0.03755
0.07892
-0.0030399999999999997
-0.00768
0.00942
-0.03117
-0.05683
-0.04792
-0.05272
-0.06197
-0.03672
-0.01968
0.01494
0.018779999999999998
-0.06251000000000001
-0.03267
-0.06701
-0.03833
-0.02146
-0.03481
-0.015029999999999998
0.044800000000000006
0.029529999999999997
0.00413
-0.00732
-0.12275
-0.0731
-0.0366
-0.021019999999999997
-0.06419
-0.11302
-0.064
-0.05808
0.02001
-0.01748
-0.04057
-0.07637
-0.09526
-0.01757
-0.01748
-0.01187
0.04807
-0.00627
-0.00242
-0.02413
-0.041890000000000004
0.01838
0.00897
0.01861
0.03394
0.00808
-0.00456
-0.005390000000000001
-0.05836
-0.04333
-0.00104
-0.016659999999999998
0.07554
0.08429
0.02965
0.052270000000000004
-0.09004
-0.11288999999999999
-0.050519999999999995
-0.05835
0.00423
0.00989
0.005520000000000001
-0.014879999999999999
0.047240000000000004
0.06404
0.02699
0.04458
-0.07428
-0.0962
-0.02644
-0.07138
0.00557
0.08685999999999999
0.05349
0.056769999999999994
0.11918
0.06782
0.04128999999999999
0.032780000000000004
-0.00244
0.00645
-0.00047
-0.01533
-0.03277
-0.04258
-0.0444
-0.04331
-0.09760999999999999
-0.08182
-0.0645
-0.12127
-0.1253
-0.03058
-0.04059
-0.03848
-0.00271
-0.022629999999999997
-0.03553
-0.03087
-0.07229000000000001
-0.06305
-0.050309999999999994
-0.08459
-0.06037
0.013269999999999999
-0.00877
0.0007599999999999999
-0.03417
-0.04428
-0.021419999999999998
-0.03084
-0.04962
-0.026709999999999998
-0.03329
-0.020499999999999997
0.03775
-0.01309
-0.03213
-0.07282
-0.0742
0.0013800000000000002
-0.013309999999999999
-0.026680000000000002
-0.05875
-0.01127
-0.01246
-0.007019999999999999
0.01324
0.031200000000000002
0.0009299999999999999
0.00666
-0.07472000000000001
-0.02408
-0.00805
0.01773
0.03651
-0.00933
-0.00805
0.00364
-0.02896
-0.025089999999999998
-0.01117
0.00722
0.02673
0.00909
0.00637
0.03763
0.02182
-0.01472
0.0027800000000000004
0.01002
0.005
-0.00903
-0.00336
-0.02912
-0.10613
-0.03403
-0.00577
0.0286
0.08047
0.01199
0.00094
0.01734
0.04534
-0.00294
0.00632
0.01998
0.09441000000000001
0.03123
0.01413
0.02173
0.05229
0.02803
0.006979999999999999
0.02804
0.048179999999999994
-0.03181
-0.02351
-0.03386
0.047850000000000004
0.023119999999999998
-0.01046
-0.00627
-0.048369999999999996
-0.07317
-0.06226
-0.07128
-0.13147999999999999
-0.09516
-0.06646
-0.09367
-0.04169
0.00674
-0.01832
-0.04059
-0.09226000000000001
0.01711
0.02121
0.0594
0.09263
0.059000000000000004
0.06568
0.08904
0.15042
0.07816
0.035379999999999995
0.026789999999999998
-0.02069
-0.02574
-0.00827
-0.03569
-0.01374
0.0398
0.01198
0.03614
-0.05177
-0.09984
-0.06968
-0.08338
-0.09401
-0.03558
-0.0405
-0.05026
-0.09806
-0.0867
-0.05482
-0.06655
-0.0429
-0.017150000000000002
-0.02189
-0.01602
-0.05559
-0.05264
-0.037200000000000004
-0.07288
-0.02856
0.06328
0.04457
0.09351000000000001
0.0417
-0.0032700000000000003
0.013000000000000001
0.02719
0.01726
-0.0124
-0.0037199999999999998
0.02218
0.02809
-0.05636
-0.035840000000000004
-0.07855000000000001
-0.13057
-0.04917
-0.02033
-0.00359
0.05346
-0.01027
-0.0195
-0.042069999999999996
-0.03352
0.00029
-0.02491
-0.026150000000000003
-0.08085
-0.01279
0.00159
0.02916
0.05884
0.0011200000000000001
-0.00021
0.00557
-0.05961
-0.08794
-0.040510000000000004
-0.05296
0.027360000000000002
0.03382
5e-05
0.014070000000000001
-0.013229999999999999
-0.052469999999999996
-0.04231
-0.07704
-0.09881999999999999
-0.0473
-0.057699999999999994
-0.06477000000000001
-0.11501
-0.06652
-0.04301
-0.051050000000000005
-0.03681
-0.02634
-0.01287
-0.01988
0.0017699999999999999
-0.014950000000000001
-0.02197
-0.02994
0.019110000000000002
0.006860000000000001
-0.00513
-0.00978
0.03475
0.012589999999999999
-0.01737
-0.03616
-0.05973
-0.015700000000000002
-0.01721
-0.01644
-0.03328
-0.01165
-0.0034200000000000003
0.00049
-0.01119
-0.01724
-0.0017100000000000001
0.02215
0.07336999999999999
0.030590000000000003
0.00454
4e-05
-0.00911
-0.01521
-0.01236
-0.02465
-0.06402999999999999
-0.06114
-0.03497
-0.030369999999999998
0.00207
-0.013269999999999999
-0.02084
-0.014570000000000001
0.01369
-0.03318
-0.05005
-0.08234999999999999
-0.10346999999999999
-0.04119
-0.03437
-0.043289999999999995
0.00549
0.021330000000000002
-0.01
-0.01418
-0.03852
0.0025
-0.011399999999999999
0.0068000000000000005
-0.061660000000000006
-0.04978
-0.025
-0.01103
-0.06982000000000001
-0.06804
-0.04024
-0.03137
-0.026619999999999998
-0.055540000000000006
-0.04386999999999999
-0.07088
-0.048029999999999996
0.02827
0.00437
0.015569999999999999
-0.02752
-0.01992
0.02205
0.04165
0.06641
0.02117
0.00822
0.01169
-0.03733
-0.05518
-0.02701
-0.02895
0.01806
-0.02365
-0.0268
-0.0582
-0.07003
-0.0546
-0.062119999999999995
-0.0833
-0.07814
-0.01576
-0.0323
-0.00954
-0.06797
-0.07597000000000001
-0.04417
-0.04009
0.00047
-0.021019999999999997
-0.0304
-0.00737
-0.0271
-0.07815
-0.05639
-0.09161
-0.052039999999999996
0.001
0.00468
0.00575
0.03651
0.01218
-0.00603
0.00344
-0.0232
-0.059379999999999995
-0.048010000000000004
-0.08132999999999999
-0.0404
0.00321
-0.0173
-0.03292
-0.07957
-0.0385
-0.023889999999999998
-0.03785
-0.05663
-0.00676
-0.0059499999999999996
-0.011970000000000001
0.0364
0.021840000000000002
0.00338
-0.00037
-0.050780000000000006
-0.043230000000000005
-0.021110000000000004
-0.03831
-0.044059999999999995
-0.018600000000000002
-0.02847
-0.05197
-0.02765
0.00775
0.0076300000000000005
-0.00879
-0.03188
0.0095
0.01073
0.0147
0.024569999999999998
0.03708
0.02718
0.04714
0.06268
0.03951
0.02188
0.01626
-0.016479999999999998
0.022269999999999998
0.022690000000000002
0.048979999999999996
0.008110000000000001
-0.044320000000000005
-0.01697
-0.01038
-0.00707
-0.03718
-0.0308
-0.04472
0.0019
-0.033479999999999996
-0.03864
-0.05238
-0.029089999999999998
-0.02587
-0.02979
-0.04249
-0.01752
0.01508
0.00208
-0.00334
0.00216
0.052489999999999995
0.03914
0.04077
0.04321
0.08476
0.06945
0.09359999999999999
0.06994
0.037200000000000004
0.03753
0.05715
0.09627000000000001
0.03727
0.0332
0.026019999999999998
0.02941
0.02864
0.02313
0.02297
-0.004050000000000001
-0.01284
0.00017999999999999998
0.00113
0.03973
0.03804
0.023
0.021330000000000002
0.03903
-0.00322
0.00471
-0.00446
0.02855
0.00985
-0.00503
-0.033549999999999996
-0.01406
0.0014000000000000002
-0.01088
-0.04475
-0.06128
0.03597
0.01602
0.012809999999999998
-0.03383
0.026520000000000002
0.02891
0.03866
0.0279
0.06974
0.0644
0.10051
0.09311
0.0424
0.060039999999999996
0.07448
0.11359999999999999
0.07563
0.05025
0.05943
0.00923
-0.0127
0.00991
-0.01353
-0.07561
-0.039209999999999995
-0.01443
0.00454
0.00814
-0.016659999999999998
-0.022879999999999998
-0.04317
-0.04308
-0.005809999999999999
-0.00834
-0.01654
-0.058929999999999996
-0.00579
0.016040000000000002
0.03061
-0.02626
-0.00047
0.02719
0.06256
0.036610000000000004
0.0031
0.01875
-0.011049999999999999
-0.00737
0.01744
0.02328
0.02097
0.010620000000000001
0.06132
0.06951
0.109
0.10029
0.0020499999999999997
0.02068
0.00984
0.058410000000000004
0.06375
0.06431
0.07473
0.04502
0.01895
0.03767
0.03925
0.0629
0.025920000000000002
0.02358
0.01443
0.058609999999999995
0.050519999999999995
0.03277
0.01555
-0.05061
0.01676
0.03384
0.06095
0.05373
0.00214
0.02972
0.02849
0.06659
0.01139
0.01433
-0.025920000000000002
0.05928
0.10298
0.05547
0.039420000000000004
-0.01843
0.02718
0.03108
0.01795
-0.022330000000000003
0.018799999999999997
0.03072
0.047240000000000004
0.06570000000000001
0.042300000000000004
0.02406
0.01963
-0.03007
-0.00165
0.0134
0.01088
0.047279999999999996
0.035859999999999996
0.02637
0.017689999999999997
0.024980000000000002
0.03738
0.03146
0.02962
0.006959999999999999
0.049640000000000004
0.04523
0.06269999999999999
0.04315
-0.01712
0.00899
-0.00268
0.0552
0.02505
0.00817
-0.02176
-0.018269999999999998
0.02978
0.00851
-0.0028100000000000004
-0.046490000000000004
0.0020499999999999997
0.00431
-0.00626
-0.031939999999999996
0.00039
0.00483
0.02154
0.01387
-0.00055
0.0042899999999999995
0.01376
0.028999999999999998
0.02001
0.026269999999999998
0.0077
0.04381
0.05196
0.042359999999999995
0.048310000000000006
0.04113000000000001
0.06820999999999999
0.061630000000000004
0.07912
0.09504
0.07027
0.06265
0.08070000000000001
0.061959999999999994
0.011200000000000002
0.023849999999999996
0.01045
0.028300000000000002
0.05038
0.040670000000000005
0.04294
0.10805
0.11155
0.07723
0.09006
0.04791
-0.00208
0.01829
0.012190000000000001
0.02836
0.042859999999999995
0.01693
0.041280000000000004
0.0028899999999999998
-0.02302
5e-05
-0.00625
0.05102
0.02879
0.02275
0.00994
0.05837
0.0489
0.02302
0.029980000000000003
0.00688
-0.00363
0.00366
0.005889999999999999
-0.01928
-0.03366
-0.020059999999999998
-0.04064
0.01127
0.04026
0.02461
0.02658
0.01874
0.06927
0.05942
0.08101000000000001
0.09004
0.029830000000000002
0.040510000000000004
0.03115
0.05067
0.07202
0.058570000000000004
0.07586999999999999
0.06322
0.034620000000000005
0.03026
0.017490000000000002
0.02582
0.047080000000000004
0.03641
0.061059999999999996
0.03805
0.012310000000000001
0.01236
-0.0091
-0.0493
0.01435
0.02266
0.0401
-0.02492
-0.040069999999999995
-0.01732
-0.0269
-0.05289
-0.04629
-0.033460000000000004
-0.02754
-0.01463
0.0005
-0.01377
-0.010249999999999999
-0.04951
-0.02141
0.0004
0.010620000000000001
-0.01589
-0.02398
-0.011930000000000001
0.00627
-0.00479
-0.02734
-0.00995
-0.01075
0.01922
0.01257
0.011009999999999999
0.01582
0.01333
-0.0016300000000000002
0.00622
0.0013800000000000002
0.01651
0.00914
0.00588
0.006790000000000001
-0.014070000000000001
0.00995
0.01595
0.015029999999999998
0.026070000000000003
0.01684
0.018189999999999998
0.02276
0.025070000000000002
0.01095
0.005679999999999999
0.00494
0.01039
0.0083
0.006860000000000001
0.00375
-0.00375
0.00475
0.0078000000000000005
0.00876
0.005699999999999999
-0.00657
-0.0046700000000000005
-0.0066500000000000005
-0.00737
-0.00292
-0.0053100000000000005
-0.0042899999999999995
-0.0002
-0.00387
-0.00336
-0.00735
-0.0043
-0.00379
-0.00505
-0.00414
-0.00219
0.00021
-0.0016
-0.00149
-0.0015199999999999999
0.00253
0.00255
0.00241
-0.00031
-0.00017
0.00098
0.00189
0.00155
0.0012900000000000001
0.00135
0.00156
0.00255
0.0022500000000000003
0.00135
0.00067
0.00037
0.00064
0.0006900000000000001
0.00027
-5e-05
-7.000000000000001e-05
0.0
0.0
0.0
0.0
0.0
0.0
0.0
0.0
0.0
0.0
0.0
0.0
0.0
0.0
0.0
0.0
0.0
0.0
0.0
0.0
0.0
0.0
0.0
0.0
0.0
0.0
0.0
0.0
0.0
0.0
0.0
0.0
0.0
0.0
0.0
0.0
0.0
0.0
0.0
0.0
0.0
0.0
0.0
0.0
0.0
0.0
0.0
0.0
0.0
0.0
0.0
0.0
0.0
0.0
0.0
0.0
0.0
0.0
0.0
0.0
0.0
0.0
0.0
0.0
0.0
0.0
0.0
0.0
0.0
0.0
0.0
0.0
0.0
0.0
0.0
0.0
0.0
0.0
0.0
0.0
0.0
0.0
0.0
0.0
0.0
0.0
0.0
0.0
0.0
0.0
0.0
0.0
0.0
0.0
0.0
0.0
0.0
0.0
0.0
0.0
0.0
0.0
0.0
0.0
0.0
0.0
0.0
0.0
0.0
0.0
0.0
0.0
0.0
0.0
0.0
0.0
0.0
0.0
0.0
0.0
0.0
0.0
0.0
0.0
0.0
0.0
0.0
0.0
0.0
0.0
0.0
0.0
0.0
0.0
0.0
0.0
0.0
0.0
0.0
0.0
0.0
0.0
0.0
0.0
0.0
0.0
0.0
0.0
0.0
0.0
0.0
0.0
0.0
0.0
0.0
0.0
0.0
0.0
0.0
0.0
0.0
0.0
0.0
0.0
0.0
0.0
0.0
0.0
0.0
0.0
0.0
0.0
0.0
0.0
0.0
0.0
0.0
0.0
0.0
0.0
0.0
0.0
0.0
0.0
0.0
0.0
0.0
0.0
0.0
0.0
0.0
0.0
0.0
0.0
0.0
0.0
0.0
0.0
0.0
0.0
0.0
0.0
0.0
0.0
0.0
0.0
0.0
0.0
0.0
0.0
0.0
0.0
0.0
0.0
0.0
0.0
0.0
0.0
0.0
0.0
0.0
0.0
0.0
0.0
0.0
0.0
0.0
0.0
0.0
0.0
0.0
0.0
0.0
0.0
0.0
0.0
0.0
0.0
0.0
0.0
0.0
0.0
0.0
0.0
0.0
0.0
0.0
0.0
0.0
0.0
0.0
0.0
0.0
0.0
0.0
0.0
0.0
0.0
0.0
0.0
0.0
0.0
0.0
0.0
0.0
0.0
0.0
0.0
0.0
0.0
0.0
0.0
0.0
0.0
0.0
0.0
0.0
0.0
0.0
0.0
0.0
0.0
0.0
0.0
0.0
0.0
0.0
0.0
0.0
0.0
0.0
0.0
0.0
0.0
0.0
0.0
0.0
0.0
0.0
0.0
0.0
0.0
0.0
0.0
0.0
0.0
0.0
0.0
0.0
0.0
0.0
0.0
0.0
0.0
0.0
0.0
0.0
0.0
0.0
0.0
0.0
0.0
0.0
0.0
0.0
0.0
0.0
0.0
0.0
0.0
0.0
0.0
0.0
0.0
0.0
0.0
0.0
0.0
0.0
0.0
0.0
0.0
0.0
0.0
0.0
0.0
0.0
0.0
0.0
0.0
0.0
0.0
0.0
0.0
0.0
0.0
0.0
0.0
0.0
0.0
0.0
0.0
0.0
0.0
0.0
0.0
0.0
0.0
0.0
0.0
0.0
0.0
0.0
0.0
0.0
0.0
0.0
0.0
0.0
0.0
0.0
0.0
0.0
0.0
0.0
0.0
0.0
0.0
0.0
0.0
0.0
0.0
0.0
0.0
0.0
0.0
0.0
0.0
0.0
0.0
0.0
0.0
0.0
0.0
0.0
0.0
0.0
0.0
0.0
0.0
0.0
0.0
0.0
0.0
0.0
0.0
0.0
0.0
0.0
0.0
0.0
0.0
0.0
0.0
0.0
0.0
0.0
0.0
0.0
0.0
0.0
0.0
0.0
0.0
0.0
0.0
0.0
0.0
0.0
0.0
0.0
0.0
0.0
0.0
0.0
0.0
0.0
0.0
0.0
0.0
0.0
0.0
0.0
0.0
0.0
0.0
0.0
0.0
0.0
0.0
0.0
0.0
0.0
0.0
0.0
0.0
0.0
0.0
0.0
0.0
0.0
0.0
0.0
0.0
0.0
0.0
0.0
0.0
0.0
0.0
0.0
0.0
0.0
0.0
0.0
0.0
0.0
0.0
0.0
0.0
0.0
0.0
0.0
0.0
0.0
0.0
0.0
0.0
0.0
0.0
0.0
0.0
0.0
0.0
0.0
0.0
0.0
0.0
0.0
0.0
0.0
0.0
0.0
0.0
0.0
0.0
0.0
0.0
0.0
0.0
0.0
0.0
0.0
0.0
0.0
0.0
0.0
0.0
0.0
0.0
0.0
0.0
0.0
0.0
0.0
0.0
0.0
0.0
0.0
0.0
0.0
0.0
0.0
0.0
0.0
0.0
0.0
0.0
0.0
0.0
0.0
0.0
0.0
0.0
0.0
0.0
0.0
0.0
0.0
0.0
0.0
0.0
0.0
0.0
0.0
0.0
0.0
0.0
0.0
0.0
0.0
0.0
0.0
0.0
0.0
0.0
0.0
0.0
0.0
0.0
0.0
0.0
0.0
0.0
0.0
0.0
0.0
0.0
0.0
0.0
0.0
0.0
0.0
0.0
0.0
0.0
0.0
0.0
0.0
0.0
0.0
0.0
0.0
0.0
0.0
0.0
0.0
0.0
0.0
0.0
0.0
0.0
0.0
0.0
0.0
0.0
0.0
0.0
0.0
0.0
0.0
0.0
0.0
0.0
0.0
0.0
0.0
0.0
0.0
0.0
0.0
0.0
0.0
0.0
0.0
0.0
0.0
0.0
0.0
0.0
0.0
0.0
0.0
0.0
0.0
0.0
0.0
0.0
0.0
0.0
0.0
0.0
0.0
0.0
0.0
0.0
0.0
0.0
0.0
0.0
0.0
0.0
0.0
0.0
0.0
0.0
0.0
0.0
0.0
0.0
0.0
0.0
0.0
0.0
0.0
0.0
0.0
0.0
0.0
0.0
0.0
0.0
0.0
0.0
0.0
0.0
0.0
0.0
0.0
0.0
0.0
0.0
0.0
0.0
0.0
0.0
0.0
0.0
0.0
0.0
0.0
0.0
0.0
0.0
0.0
0.0
0.0
0.0
0.0
0.0
0.0
0.0
0.0
0.0
0.0
0.0
0.0
0.0
0.0
0.0
0.0
0.0
0.0
0.0
0.0
0.0
0.0
0.0
0.0
0.0
0.0
0.0
0.0
0.0
0.0
0.0
0.0
0.0
0.0
0.0
0.0
0.0
0.0
0.0
0.0
0.0
0.0
0.0
0.0
0.0
0.0
0.0
0.0
0.0
0.0
0.0
0.0
0.0
0.0
0.0
0.0
0.0
0.0
0.0
0.0
0.0
0.0
0.0
0.0
0.0
0.0
0.0
0.0
0.0
0.0
0.0
0.0
0.0
0.0
0.0
0.0
0.0
0.0
0.0
0.0
0.0
0.0
0.0
0.0
0.0
0.0
0.0
0.0
0.0
0.0
0.0
0.0
0.0
0.0
0.0
0.0
0.0
0.0
0.0
0.0
0.0
0.0
0.0
0.0
0.0
0.0
0.0
0.0
0.0
0.0
0.0
0.0
0.0
0.0
0.0
0.0
0.0
0.0
0.0
0.0
0.0
0.0
0.0
0.0
0.0
0.0
0.0
0.0
0.0
0.0
0.0
0.0
0.0
0.0
0.0
0.0
0.0
0.0
0.0
0.0
0.0
0.0
0.0
0.0
0.0
0.0
0.0
0.0
0.0
0.0
0.0
0.0
0.0
0.0
0.0
0.0
0.0
0.0
0.0
0.0
0.0
0.0
0.0
0.0
0.0
0.0
0.0
0.0
0.0
0.0
0.0
0.0
0.0
0.0
0.0
0.0
0.0
0.0
0.0
0.0
0.0
0.0
0.0
0.0
0.0
0.0
0.0
0.0
0.0
0.0
0.0
0.0
0.0
0.0
0.0
0.0
0.0
0.0
0.0
0.0
0.0
0.0
0.0
0.0
0.0
0.0
0.0
0.0
0.0
0.0
0.0
0.0
0.0
0.0
0.0
0.0
0.0
0.0
0.0
0.0
0.0
0.0
0.0
0.0
0.0
0.0
0.0
0.0
0.0
0.0
0.0
0.0
0.0
0.0
0.0
0.0
0.0
0.0
0.0
0.0
0.0
0.0
0.0
0.0
0.0
0.0
0.0
0.0
0.0
0.0
0.0
0.0
0.0
0.0
0.0
0.0
0.0
0.0
0.0
0.0
0.0
0.0
0.0
0.0
0.0
0.0
0.0
0.0
0.0
0.0
0.0
0.0
0.0
0.0
0.0
0.0
0.0
0.0
0.0
0.0
0.0
0.0
0.0
0.0
0.0
0.0
0.0
0.0
0.0
0.0
0.0
0.0
0.0
0.0
0.0
0.0
0.0
0.0
0.0
0.0
0.0
0.0
0.0
0.0
0.0
0.0
0.0
0.0
0.0
0.0
0.0
0.0
0.0
0.0
0.0
0.0
0.0
0.0
0.0
0.0
0.0
0.0
0.0
0.0
0.0
0.0
0.0
0.0
0.0
0.0
0.0
0.0
0.0
0.0
0.0
0.0
0.0
0.0
0.0
0.0
0.0
0.0
0.0
0.0
0.0
0.0
0.0
0.0
0.0
0.0
0.0
0.0
0.0
0.0
0.0
0.0
0.0
0.0
0.0
0.0
0.0
0.0
0.0
0.0
0.0
0.0
0.0
0.0
0.0
0.0
0.0
0.0
0.0
0.0
0.0
0.0
0.0
0.0
0.0
0.0
0.0
0.0
0.0
0.0
0.0
0.0
0.0
0.0
0.0
0.0
0.0
0.0
0.0
0.0
0.0
0.0
0.0
0.0
0.0
0.0
0.0
0.0
0.0
0.0
0.0
0.0
0.0
0.0
0.0
0.0
0.0
0.0
0.0
0.0
0.0
0.0
0.0
0.0
0.0
0.0
0.0
0.0
0.0
0.0
0.0
0.0
0.0
0.0
0.0
0.0
0.0
0.0
0.0
0.0
0.0
0.0
0.0
0.0
0.0
0.0
0.0
0.0
0.0
0.0
0.0
0.0
0.0
0.0
0.0
0.0
0.0
0.0
0.0
0.0
0.0
0.0
0.0
0.0
0.0
0.0
0.0
0.0
0.0
0.0
0.0
0.0
0.0
0.0
0.0
0.0
0.0
0.0
0.0
0.0
0.0
0.0
0.0
0.0
0.0
0.0
0.0
0.0
0.0
0.0
0.0
0.0
0.0
0.0
0.0
0.0
0.0
0.0
0.0
0.0
0.0
0.0
0.0
0.0
0.0
0.0
0.0
0.0
0.0
0.0
0.0
0.0
0.0
0.0
0.0
0.0
0.0
0.0
0.0
0.0
0.0
0.0
0.0
0.0
0.0
0.0
0.0
0.0
0.0
0.0
0.0
0.0
0.0
0.0
0.0
0.0
0.0
0.0
0.0
0.0
0.0
0.0
0.0
0.0
0.0
0.0
0.0
0.0
0.0
0.0
0.0
0.0
0.0
0.0
0.0
0.0
0.0
0.0
0.0
0.0
0.0
0.0
0.0
0.0
0.0
0.0
0.0
0.0
0.0
0.0
0.0
0.0
0.0
0.0
0.0
0.0
0.0
0.0
0.0
0.0
0.0
0.0
0.0
0.0
0.0
0.0
0.0
0.0
0.0
0.0
0.0
0.0
0.0
0.0
0.0
0.0
0.0
0.0
0.0
0.0
0.0
0.0
0.0
0.0
0.0
0.0
0.0
0.0
0.0
0.0
0.0
0.0
0.0
0.0
0.0
0.0
0.0
0.0
0.0
0.0
0.0
0.0
0.0
0.0
0.0
0.0
0.0
0.0
0.0
0.0
0.0
0.0
0.0
0.0
0.0
0.0
0.0
0.0
0.0
0.0
0.0
0.0
0.0
0.0
0.0
0.0
0.0
0.0
0.0
0.0
0.0
0.0
0.0
0.0
0.0
0.0
0.0
0.0
0.0
0.0
0.0
0.0
0.0
0.0
0.0
0.0
0.0
0.0
0.0
0.0
0.0
0.0
0.0
0.0
0.0
0.0
0.0
0.0
0.0
0.0
0.0
0.0
0.0
0.0
0.0
0.0
0.0
0.0
0.0
0.0
0.0
0.0
0.0
0.0
0.0
0.0
0.0
0.0
0.0
0.0
0.0
0.0
0.0
0.0
0.0
0.0
0.0
0.0
0.0
0.0
0.0
0.0
0.0
0.0
0.0
0.0
0.0
0.0
0.0
0.0
0.0
0.0
0.0
0.0
0.0
0.0
0.0
0.0
0.0
0.0
0.0
0.0
0.0
0.0
0.0
0.0
0.0
0.0
0.0
0.0
0.0
0.0
0.0
0.0
0.0
0.0
0.0
0.0
0.0
0.0
0.0
0.0
0.0
0.0
0.0
0.0
0.0
0.0
0.0
0.0
0.0
0.0
0.0
0.0
0.0
0.0
0.0
0.0
0.0
0.0
0.0
0.0
0.0
0.0
0.0
0.0
0.0
0.0
0.0
0.0
0.0
0.0
0.0
0.0
0.0
0.0
0.0
0.0
0.0
0.0
0.0
0.0
0.0
0.0
0.0
0.0
0.0
0.0
0.0
0.0
0.0
0.0
0.0
0.0
0.0
0.0
0.0
0.0
0.0
0.0
0.0
0.0
0.0
0.0
0.0
0.0
0.0
0.0
0.0
0.0
0.0
0.0
0.0
0.0
0.0
0.0
0.0
0.0
0.0
0.0
0.0
0.0
0.0
0.0
0.0
0.0
0.0
0.0
0.0
0.0
0.0
0.0
0.0
0.0
0.0
0.0
0.0
0.0
0.0
0.0
0.0
0.0
0.0
0.0
0.0
0.0
0.0
0.0
0.0
0.0
0.0
0.0
0.0
0.0
0.0
0.0
0.0
0.0
0.0
0.0
0.0
0.0
0.0
0.0
0.0
0.0
0.0
0.0
0.0
0.0
0.0
0.0
0.0
0.0
0.0
0.0
0.0
0.0
0.0
0.0
0.0
0.0
0.0
0.0
0.0
0.0
0.0
0.0
0.0
0.0
0.0
0.0
0.0
0.0
0.0
0.0
0.0
0.0
0.0
0.0
0.0
0.0
0.0
0.0
0.0
0.0
0.0
0.0
0.0
0.0
0.0
0.0
0.0
0.0
0.0
0.0
0.0
0.0
0.0
0.0
0.0
0.0
0.0
0.0
0.0
0.0
0.0
0.0
0.0
0.0
0.0
0.0
0.0
0.0
0.0
0.0
0.0
0.0
0.0
0.0
0.0
0.0
0.0
0.0
0.0
0.0
0.0
0.0
0.0
0.0
0.0
0.0
0.0
0.0
0.0
0.0
0.0
0.0
0.0
0.0
0.0
0.0
0.0
0.0
0.0
0.0
0.0
0.0
0.0
0.0
0.0
0.0
0.0
0.0
0.0
0.0
0.0
0.0
0.0
0.0
0.0
0.0
0.0
0.0
0.0
0.0
0.0
0.0
0.0
0.0
0.0
0.0
0.0
0.0
0.0
0.0
0.0
0.0
0.0
0.0
0.0
0.0
0.0
0.0
0.0
0.0
0.0
0.0
0.0
0.0
0.0
0.0
0.0
0.0
0.0
0.0
0.0
0.0
0.0
0.0
0.0
0.0
0.0
0.0
0.0
0.0
0.0
0.0
0.0
0.0
0.0
0.0
0.0
0.0
0.0
0.0
0.0
0.0
0.0
0.0
0.0
0.0
0.0
0.0
0.0
0.0
0.0
0.0
0.0
0.0
0.0
0.0
0.0
0.0
0.0
0.0
0.0
0.0
0.0
0.0
0.0
0.0
0.0
0.0
0.0
0.0
0.0
0.0
0.0
0.0
0.0
0.0
0.0
0.0
0.0
0.0
0.0
0.0
0.0
0.0
0.0
0.0
0.0
0.0
0.0
0.0
0.0
0.0
0.0
0.0
0.0
0.0
0.0
0.0
0.0
0.0
0.0
0.0
0.0
0.0
0.0
0.0
0.0
0.0
