0.0
0.00012
0.00012
8.999999999999999e-05
0.00012
0.00012
-0.0
0.00012
0.00012
-0.00015
0.00010999999999999999
0.00010999999999999999
-0.00035999999999999997
8.999999999999999e-05
8.999999999999999e-05
-0.00063
3e-05
0.00013
0.0005
0.00026
0.00023
0.00058
0.00033
0.0003
0.0008799999999999999
0.00043
0.00037
0.00113
0.00054
0.00046
0.00154
0.00075
0.00063
0.00198
0.00089
0.00078
0.00265
0.00116
0.00098
0.00292
0.0011799999999999998
0.00106
0.0032300000000000002
0.0013
0.0012
0.00418
0.0017699999999999999
0.00149
0.00415
0.00159
0.00147
0.00437
0.00188
0.00187
0.005350000000000001
0.00232
0.0023
0.00594
0.0023799999999999997
0.00229
0.0066300000000000005
0.00315
0.0028399999999999996
0.00804
0.00402
0.00335
0.00869
0.00442
0.0042899999999999995
0.01069
0.00521
0.00466
0.01022
0.00573
0.005430000000000001
0.013260000000000001
0.00834
0.00741
0.0168
0.01135
0.011279999999999998
0.022080000000000002
0.015
0.013640000000000001
0.02373
0.02069
0.01222
0.007980000000000001
0.0016200000000000001
0.00482
-0.0037
-0.01256
-0.009439999999999999
-0.02214
-0.02582
-0.0195
-0.02573
-0.03137
-0.02537
-0.02843
-0.03279
-0.03402
-0.028399999999999998
-0.02283
-0.00835
-0.0051600000000000005
-0.01573
-0.01014
0.00075
-0.00897
-0.03959
-0.035089999999999996
-0.04151
-0.01893
-0.02452
-0.030750000000000003
-0.02413
-0.01705
-0.031349999999999996
-0.03836
-0.04808
-0.03956
-0.01516
-0.02204
-0.02519
-0.03563
-0.00884
-0.010669999999999999
-0.00783
-0.04668
-0.046189999999999995
-0.02475
-0.02508
0.0049
-0.00045
-0.00819
0.005370000000000001
0.026099999999999998
0.014950000000000001
0.0027600000000000003
0.008199999999999999
-0.028980000000000002
-0.02292
-0.02101
-0.02168
-0.01321
0.0127
0.02028
0.04027
0.07097
0.03167
0.024319999999999998
0.03532
0.024380000000000002
0.01011
0.03564
0.03854
0.01125
0.02086
0.038130000000000004
0.040060000000000005
0.02536
0.03003
0.03165
0.03376
0.09124
0.0643
0.04626
0.09458
0.08256999999999999
0.030449999999999998
0.04064
0.037309999999999996
0.06777
0.025830000000000002
0.02596
0.01043
0.029740000000000003
0.07013
0.059500000000000004
0.06837
0.08007
0.040350000000000004
0.0317
0.03019
0.031920000000000004
0.021640000000000003
0.03025
0.05085
0.01756
-0.00634
0.01065
-0.00012
-0.008369999999999999
-0.03531
-0.021789999999999997
-0.04568
0.0028100000000000004
0.04873
0.03944
0.022869999999999998
0.022189999999999998
0.08083
0.08982
0.07206
0.10869
0.14215
0.10632
0.10968
0.14632
0.12050000000000001
0.10407
0.15054
0.09379
0.02811
0.03578
0.04611
0.05633
-0.028290000000000003
-0.012190000000000001
-0.0057799999999999995
0.00291
-0.03573
-0.025929999999999998
-0.06609
-0.15214
-0.08742000000000001
-0.05644999999999999
-0.08497
0.07588
0.09072
0.03537
0.02005
0.03717
0.11676
0.09899
0.13961
0.15351
0.09712
0.08483
0.1153
0.04743
-0.010660000000000001
0.00661
-0.02476
-0.04784
-0.01984
-0.042480000000000004
-0.07397999999999999
-0.07949
0.00012
-0.015489999999999999
0.043230000000000005
-0.048209999999999996
-0.18871
-0.12369
-0.17774
-0.22094000000000003
-0.12616
-0.09664999999999999
-0.15258
-0.1482
0.02185
0.00586
0.06489
0.07186
-0.03202
-0.03941
0.011319999999999998
-0.03843
-0.17783000000000002
-0.14276999999999998
-0.19146999999999997
-0.08801
-0.04238
-0.08786
-0.13371
-0.24687
-0.14730000000000001
-0.09661
-0.10333
0.06863999999999999
0.10604
0.054299999999999994
0.11941
0.01959
-0.040650000000000006
0.00234
-0.00889
-0.07352
-0.02235
0.01989
0.04475
0.1825
0.14898
0.09037
0.14395
0.26903
0.13079000000000002
0.060730000000000006
0.10526999999999999
0.11103
0.06770999999999999
0.07272
0.11801
-0.04190000000000001
-0.05021
0.02117
0.005580000000000001
-0.07692
0.01761
0.05641
0.14981
0.22019
0.04922
0.05497
0.10992
0.00178
-0.16440000000000002
-0.09090999999999999
-0.13635999999999998
-0.18295000000000003
-0.06505
0.00987
-0.00532
0.10884
0.08668
0.041420000000000005
0.028050000000000002
-0.10735
-0.12798
-0.05574
-0.05774
-0.02763
0.02963
0.06713
0.17318
0.27753
0.018799999999999997
0.04843
-0.01727
-0.00438
0.07236
0.0644
0.0775
0.10009
0.04011
0.03347
0.01505
0.152
0.02098
-0.03907
-0.15362
-0.33026000000000005
-0.0977
-0.09426999999999999
-0.12244
-0.28676999999999997
-0.3362
-0.2395
-0.27715
-0.11023999999999999
0.01599
0.01705
0.09333
0.3175
0.26519
0.17964
0.24242
0.28328
0.18788
0.17486999999999997
0.18239
0.21764
0.20652
0.21425
0.26986
0.47582
0.4007
0.28202
0.3912
0.14223
-0.039420000000000004
0.05332
0.0707
0.015189999999999999
-0.04069
0.01619
0.00208
0.08187
-0.06168
-0.062110000000000005
-0.1261
0.24642
0.22058
0.044669999999999994
0.00094
-0.23304
0.02146
0.06123
0.17736000000000002
0.16733
0.04243
0.05396
0.13343
-0.09516999999999999
-0.14434
0.00337
-0.00511
0.13169
0.054909999999999994
-0.007209999999999999
-0.04946
-0.15294
-0.041319999999999996
0.0023899999999999998
0.06869
-0.02836
-0.00016
0.03621
0.0268
-0.15904
-0.08721999999999999
-0.00962
0.10152
-0.031120000000000002
-0.12043
-0.00489
0.04825
0.00037
-0.20850000000000002
-0.19207000000000002
-0.25885
-0.48329
-0.41656
-0.36122
-0.51417
-0.36272
-0.15561999999999998
-0.2134
-0.23823
-0.19696000000000002
-0.04334
-0.0784
-0.15503
-0.32960999999999996
-0.12253
-0.03074
-0.11874000000000001
-0.21062
0.12121
0.10564
0.19246
-0.0857
-0.013500000000000002
0.17645
0.39193
0.6182300000000001
0.15167999999999998
0.12003
0.16437000000000002
-0.05041
-0.20321
0.01672
0.07511
0.47003999999999996
0.31172
0.24996
0.26972
0.6517499999999999
0.39840000000000003
0.18736
0.26564
0.20170000000000002
-0.13711
-0.13893
-0.16015999999999997
-0.19185
-0.014070000000000001
0.04089
0.15854
0.34629
0.00627
-0.07707
-0.21416000000000002
-0.12699
-0.00299
-0.14229
-0.1024
-0.7306199999999999
-0.7420399999999999
-0.45381
-0.6479900000000001
-0.8133499999999999
-0.24943
-0.19901
-0.11169000000000001
-0.57695
-0.56607
-0.36156
-0.37401
-0.68379
-0.51295
-0.21300999999999998
-0.09848000000000001
0.33871
0.2727
0.21583
0.38469000000000003
0.4593
0.11457
0.12683
0.13006
-0.22259
-0.3249
-0.1684
-0.22201
0.43774
0.31669
0.21441
0.35853
0.90756
0.47318
0.24653
0.35705
0.60552
0.32027
0.21213
0.22932
0.06099
-0.06156
-0.060739999999999995
-0.17832
0.09804
0.42283000000000004
0.27643999999999996
0.5140699999999999
0.26511
0.00819
0.050300000000000004
-0.06878000000000001
-0.41598999999999997
-0.10336000000000001
0.03869
0.30894
-0.3739
-0.39793999999999996
0.022019999999999998
0.19484
-0.23951
-0.37439
-0.04681
-0.06404
-0.09416000000000001
-0.04609
0.02933
0.36605
0.6674599999999999
-0.06987
0.10199
0.19448000000000001
0.52352
0.10518000000000001
-0.025390000000000003
-0.10028000000000001
-0.19982
-0.48374
-0.31342
-0.61488
-0.13286
0.20184000000000002
-0.01649
-0.21396
-0.50658
-0.18617
-0.07568
-0.10798999999999999
0.23498000000000002
-0.07676
-0.14182
-0.21350000000000002
-0.41508
-0.23207
-0.050140000000000004
-0.0034200000000000003
-0.1005
0.0035099999999999997
0.033159999999999995
0.22149000000000002
0.14569000000000001
-0.26109000000000004
-0.13294
-0.09185
-0.00989
-0.43309
-0.34027
-0.64606
-0.51977
0.20378
0.16706
0.38137
1.1773
0.47353
0.1348
-0.09712
-0.6653600000000001
0.04458
0.08051
0.32545
0.11525
-0.20405
-0.11660999999999999
0.06236
0.25806
-0.57124
-0.57652
-0.84935
-1.27402
-0.73264
-0.5533100000000001
-0.74872
-0.2346
0.47247
0.26438
0.5704699999999999
0.57418
0.34997999999999996
0.40274
0.68779
0.49768999999999997
0.29263
0.44737000000000005
0.6366700000000001
-0.1594
-0.36685
0.045700000000000005
0.38397
0.14279
-0.55984
-0.13885999999999998
0.06734
0.59411
-0.26435
-0.23004000000000002
-0.18013
-0.01135
-0.56487
-0.40091
-0.6888599999999999
-0.76325
-0.53895
-0.23509
-0.45891
-0.8203
-0.69753
-0.58398
-1.20154
-1.44458
-0.8106300000000001
-0.59605
-0.85328
-0.31018
0.26078
0.10521000000000001
0.15078
-0.47595999999999994
-0.53277
-0.29778
-0.63331
-0.07317
0.43903
0.07442
-0.22221
-0.35577
0.59864
0.37814
0.69949
0.84817
0.74712
0.51235
0.49453
-0.11519
0.33433
0.4303
0.54558
0.35786
0.7047199999999999
0.63216
0.97811
0.5928
0.13147
0.29486
0.6337700000000001
0.34542
-0.27305
-0.16059
-0.16675
-1.30101
-1.4585
-0.63147
-0.66354
-0.12076
0.06156
0.13909000000000002
0.33055999999999996
0.7130500000000001
-0.01306
-0.0208
0.41161000000000003
1.15459
-0.31847000000000003
-0.44414000000000003
-0.6006900000000001
-1.3114
-1.33108
-0.77176
-0.95919
-0.16021999999999997
-0.52468
-0.62474
-1.09342
-0.12138
0.15788
-0.08750999999999999
-0.33763
0.30973
1.14119
0.7170300000000001
0.86882
-0.07722000000000001
0.15917
0.4454
0.7177
0.69627
-0.04944
0.01391
-0.22127
-0.30974
0.24059999999999998
0.12430999999999999
0.3407
0.413
0.00901
-0.0567
0.27812000000000003
0.0217
-0.22231
0.00891
0.17207999999999998
-0.5183800000000001
-0.84299
-0.53871
-1.12239
-0.46186
0.33664
0.16338
0.34439
-0.6396200000000001
-0.53085
-0.07934999999999999
0.07975
0.61605
-0.03386
0.05059
0.00902
0.84399
0.9599
0.7322799999999999
1.0042
0.98669
0.2978
0.36479
0.30856
0.21344000000000002
-0.24413
-0.11055
-0.045279999999999994
0.7508400000000001
0.40284
0.22195
0.22439
-0.52305
-0.92726
-0.5865
-1.1614499999999999
-0.78203
0.04109
-0.1233
0.10232
0.51537
-0.22187
-0.31906
-0.46744
-0.32401
-0.1501
-0.21685
-0.35324
-0.72746
-0.3703
-0.33893
-0.42139000000000004
-0.93074
-0.44988999999999996
-0.2065
-0.19396000000000002
0.38868
0.88886
0.57985
0.93155
0.82162
0.24947
0.05382
0.029289999999999997
-1.1973799999999999
-1.25274
-0.78728
-1.1277
-0.98446
0.00625
-0.03467
-0.2492
-0.22776
0.16377
-0.012190000000000001
0.12457000000000001
-1.00827
-0.45652000000000004
0.25164000000000003
0.5991599999999999
1.3118100000000001
0.8093899999999999
0.6169100000000001
1.11875
0.81192
0.03665
0.20818
0.53191
0.54387
-0.57602
-0.30335
-0.18608
0.35093
-0.21376
-0.07179
-0.41100000000000003
0.37713
0.7957500000000001
0.48434
0.51017
0.50676
0.56997
0.5187700000000001
0.45475
-0.7244499999999999
-0.72151
-0.19499
-0.10705
0.11022
-0.08584
0.0504
0.24992
-0.02396
-0.6574899999999999
-0.36249000000000003
-0.63959
-0.6837099999999999
0.17553000000000002
0.20608
0.60729
0.19693000000000002
-0.34387
0.00015
0.13537000000000002
0.9756900000000001
0.15147
-0.14077
-0.58058
-1.63988
-1.03277
-0.62285
-0.88929
-1.2163
-0.597
-0.31694
-0.16103
-0.24193
-0.76385
-0.43116
-0.67246
-0.74976
-0.057999999999999996
0.04443
0.01473
0.69363
0.0641
-0.04079
0.14340999999999998
0.66683
0.25928
0.20417000000000002
0.12926
-0.15825
-0.44689
-0.21581
-0.69624
-0.06283
0.32244999999999996
0.09611
0.04351
-0.8414499999999999
-0.59607
-0.14969
-0.0902
0.7585200000000001
0.055869999999999996
-0.25094
-0.13441
-0.23803000000000002
-0.98642
-0.75008
-1.0490300000000001
-0.13274
0.46445000000000003
0.1383
-0.09804
0.45905999999999997
0.7488800000000001
0.27798
0.21453
0.12173
0.3221
0.01085
0.00718
-1.41202
-1.24401
-0.7208100000000001
-0.98327
-1.08854
-0.516
-0.40198
-0.5376
-0.60678
-0.08002000000000001
-0.006690000000000001
0.34502000000000005
0.39693
-0.00318
0.18704
0.17408
0.7655299999999999
1.02583
0.77898
1.36436
1.35286
0.02307
0.03588
-0.18106999999999998
-0.58106
-0.47147
-0.1834
0.010740000000000001
0.49278
-0.27453
-0.18175
-0.41566000000000003
0.37587000000000004
0.6123299999999999
0.39707000000000003
0.27571999999999997
0.39952
0.5691299999999999
0.30267
0.15022
-0.35805
-0.2072
0.013680000000000001
-0.20408
0.20167000000000002
0.35503999999999997
0.06942999999999999
0.04038
-0.8412999999999999
-0.43351999999999996
-0.11471
-0.36455
-1.32409
-1.0126300000000001
-0.6988500000000001
-1.12938
-0.6493800000000001
0.46913
0.24656
0.9306
-0.022010000000000002
-1.06824
-0.5384899999999999
-0.8955500000000001
0.00146
0.42045
0.19079999999999997
0.23599
-0.30663
0.19397999999999999
0.30335
0.29481
0.74012
0.56264
0.36233
0.19213000000000002
0.69951
0.31973
-0.0507
-0.28526
-0.94914
-0.25942
-0.07453
0.04946
-0.53715
-0.67694
-0.28278
-0.38411
0.24575
0.69192
0.47583
0.76658
0.93849
0.32057
0.28309
0.56568
0.61321
-0.042839999999999996
0.17427
-0.32594999999999996
0.0993
0.9633400000000001
0.46938
0.97392
0.2783
-0.1334
0.17888
0.42267000000000005
0.79714
-0.023809999999999998
-0.04671
-0.01768
-0.63326
-0.6854600000000001
-0.32631
-0.32628999999999997
-0.8209399999999999
-0.88279
-0.46507
-0.75434
0.061959999999999994
0.82348
0.35635
0.7377800000000001
0.00611
-0.4764
-0.25734
-0.13128
-0.3345
-0.59111
-0.31103000000000003
-0.41956000000000004
-1.09796
-0.86238
-0.47373
-0.96087
-0.60224
0.21058
-0.03871
0.03379
-0.46514000000000005
-0.00492
0.19957999999999998
0.44636000000000003
0.04755
-0.03366
0.18245999999999998
0.39013
-0.19251000000000001
-0.67321
-0.34897
-0.24359999999999998
-0.60121
-1.00557
-0.66554
-1.04278
-1.0906799999999999
-0.42375999999999997
-0.22533
-0.25228
0.74497
0.81268
0.52726
0.50268
0.18047999999999997
0.44311
0.43125
0.46881
-0.061829999999999996
-0.27372
0.00215
0.09669
0.6792
0.39585000000000004
0.40141
0.63046
-0.255
-0.44018
-0.050679999999999996
-0.09661
-0.06735000000000001
-0.5634
-0.25501999999999997
-0.6358
-0.06107
0.38598
0.13262000000000002
0.16942000000000002
-0.36683
-0.36979999999999996
-0.09018000000000001
-0.16551
0.37670000000000003
-0.26658000000000004
-0.31919000000000003
-0.6620699999999999
-0.05329
0.41696
0.31686
0.46854
0.32674
-0.09856999999999999
0.07502
-0.10794000000000001
0.41109
0.17153
0.0075
0.24464
-0.4619
-1.14123
-0.65101
-0.91731
0.014790000000000001
0.34611
0.26144
0.57462
1.57412
0.20237
-0.12106
-0.5139
-0.31453
0.02005
-0.12012
-0.52868
-0.22564
0.33491
-0.03888
-0.42149000000000003
-0.65039
0.12667
-0.03911
-0.06362
-1.29022
-1.13202
-0.6773
-0.7767700000000001
-0.39176
-0.01106
0.00136
-0.10157
-0.57199
-0.27248
-0.32542000000000004
-0.17712
-1.39303
-1.34761
-0.69866
-0.70133
-0.11968
-0.39703000000000005
-0.59802
-0.58161
-0.16826
-0.1801
-0.10525999999999999
-0.17145
0.44139
0.46854999999999997
0.28856000000000004
0.01027
0.27588999999999997
0.77476
0.55962
0.5446300000000001
0.9661799999999999
0.70288
0.47942
0.4255
-0.10169
0.27199
0.32108
0.63212
-0.31574
-1.0466
-0.49476
-0.7397499999999999
0.2611
0.43622
0.1316
0.17051
0.36774
-0.26522
-0.5331
-1.05384
-1.49403
-0.40479
-0.43927
-0.38
-1.01537
-0.52047
-0.261
-0.27672
-0.95894
-0.5966400000000001
-0.29516
-0.5855400000000001
-0.3013
-0.06376
-0.08608
-0.14717
0.26186
0.50568
0.13903000000000001
0.17448
-0.71623
-0.52979
-0.35616
-0.33715000000000006
-0.39909999999999995
-0.3146
-0.38756
-0.33757
-0.78889
-0.8087300000000001
-0.41946
-0.19827999999999998
0.67899
0.04579
-0.00086
-0.33689
-0.58901
0.13161
-0.10366
0.16149000000000002
-0.26522
-0.79435
-0.5033
-0.45960999999999996
0.2757
0.18573
0.12205
0.501
0.8647100000000001
-0.17018
-0.22390000000000002
-0.31897
-1.1341299999999999
-1.25401
-0.6720900000000001
-1.08681
-0.05968
0.5281600000000001
0.10981
0.032
0.11943
0.51096
0.37743000000000004
0.6661199999999999
1.17182
0.44889
0.37406
0.30248
-0.40651000000000004
-0.28502
0.06017
-0.027229999999999997
0.30811
0.31416
0.10680999999999999
0.24958
-0.19957
-0.5071800000000001
-0.28297
-0.33769
-1.00404
-1.17547
-0.7887099999999999
-1.13609
-0.81715
-0.21956
-0.062220000000000004
0.02852
0.47511000000000003
0.16057
-0.07746
-0.49455
-0.36023000000000005
-0.14041
-0.33478
-0.64189
-1.17324
-0.48457
-0.32506999999999997
-0.7508499999999999
-0.61328
0.09689
0.14866
-0.20602
-0.20427
0.52494
0.46311
0.3782
1.26494
1.56879
1.07292
1.64012
0.7118800000000001
-0.0092
0.29016
0.42642
0.9343300000000001
0.25546
0.18757000000000001
0.21883
0.35745
-0.04929
-0.16646
-0.60953
-0.11779999999999999
0.40473
0.06021
-0.06766
-0.07107000000000001
-0.030059999999999996
-0.33464
-0.62097
-1.13914
-0.39523
-0.30793
-0.67974
-0.67848
0.17484000000000002
0.11714000000000001
-0.08237
-0.01891
0.85258
0.71907
0.9849800000000001
0.84653
0.7659699999999999
0.61597
0.98936
0.93296
1.03502
0.9171299999999999
1.29905
1.18291
0.0467
-0.06946
-0.09847
-1.04856
-0.71372
-0.18326
-0.024380000000000002
0.7249500000000001
0.21221
0.0724
0.07827
0.53944
0.47863999999999995
0.31812999999999997
0.11637
-0.8610599999999999
-0.32439999999999997
-0.10901999999999999
0.00302
0.68211
0.05663
0.11862
0.09630000000000001
0.89568
0.91845
0.51717
0.7543300000000001
0.5164300000000001
0.50054
0.42528
0.84174
0.21932
-0.57346
-0.29951
-0.72012
-0.28957
0.31986000000000003
0.07915
0.06691
-0.7082200000000001
-0.48252
-0.21489999999999998
-0.53049
-0.85981
-0.14166
-0.11807000000000001
-0.07187
-0.9392400000000001
-0.44891
-0.14803
-0.11410000000000001
-0.46825000000000006
-0.19411
-0.03984
0.32445999999999997
0.54884
-0.70647
-0.50662
-1.00729
-0.77259
0.0886
-0.07176
0.1094
0.5177499999999999
0.6535500000000001
0.53265
1.00055
1.34704
0.56831
0.60526
0.51514
1.10521
0.91726
0.70441
0.87749
0.7539199999999999
-0.13495
0.00243
-0.32433
0.13897
0.63111
0.42747999999999997
0.71583
0.49132
0.00604
0.01735
0.28446
-0.7190099999999999
-1.19276
-0.44214
-0.65711
0.38165
0.09075
-0.07846
-0.62909
-0.27909
0.75929
0.33951
0.70206
0.60242
-0.13381
-0.0699
-0.5074000000000001
-0.056870000000000004
0.93379
0.5605100000000001
0.6876399999999999
0.38476
0.28381
0.27394999999999997
-0.03404
0.34464
0.9342400000000001
0.57752
0.9571599999999999
0.38075000000000003
-0.05727
0.0057799999999999995
0.13638
0.48991999999999997
0.65302
0.54076
0.9890399999999999
0.36739
-0.11567999999999999
0.11766
0.23525
-0.57002
-0.6619499999999999
-0.16225
0.03186
0.73356
-0.30523
-0.47093
-0.7646299999999999
-1.24428
-0.66577
-0.41603
-0.6986100000000001
-0.70916
-0.32048000000000004
-0.33898000000000006
-0.37449
0.29051
0.21294000000000002
0.13022999999999998
-0.00726
0.14403
0.38415999999999995
0.15584
0.43113999999999997
-0.31915
-0.78685
-0.37439
-0.63498
-1.3775
-0.7369100000000001
-0.61604
-0.44101
-0.10006999999999999
-0.7176300000000001
-0.60152
-1.1003100000000001
-1.08515
-0.47933
-0.6156
-0.97714
-0.51329
0.22219999999999998
0.05048
-0.03279
-0.29386
0.23338
0.12595
-0.23059000000000002
-0.26836
0.94965
0.69345
1.20041
0.76544
0.2155
0.42808999999999997
0.9253100000000001
1.64012
0.60394
0.46869999999999995
0.6313300000000001
0.73264
0.06948
-0.13335
-0.35720999999999997
-1.0585200000000001
-0.54572
-0.32638
-0.2541
0.02273
-0.5626
-0.31898
-0.82902
-0.818
0.5053300000000001
0.44128999999999996
0.55643
0.41759999999999997
-0.23486
-0.00387
-0.23433
0.39887
1.03476
0.68025
1.2022199999999998
1.28645
0.2262
0.12705
0.35762
1.34564
0.39848
0.04652
-0.16393999999999997
-0.79483
-0.19412
-0.10029
-0.3563
0.72386
1.28564
0.71747
0.76388
0.9650700000000001
1.27245
0.7512099999999999
0.94589
-0.07155
0.06491
0.30318
0.58389
-0.46989
-0.36928
0.07774
0.59685
0.43180999999999997
-0.34924999999999995
-0.07017000000000001
0.11302
-0.6751900000000001
-0.89144
-0.47702
-0.38848999999999995
0.27197
-0.22529
-0.23582999999999998
-0.30231
0.3071
0.37070000000000003
0.18638000000000002
0.24742
0.17268
-0.05542
0.04478
-0.07268
0.25033
-0.03463
-0.11285
-0.21974
-0.29957
-0.17892
-0.05712
-0.18989
0.31609000000000004
0.3301
0.06174
0.16022999999999998
0.30545
-0.24309
-0.20742000000000002
-0.34258000000000005
0.01518
0.55206
0.39171999999999996
0.57441
0.59363
0.23821
0.07854
-0.03673
-0.51667
-0.07506
-0.03867
0.21966999999999998
-0.18283000000000002
-0.7209
-0.43499000000000004
-0.87823
-0.18492999999999998
0.49546999999999997
0.13043
0.18731
-0.3006
0.15134999999999998
0.15272
0.52105
1.1235
0.52488
0.25023
0.65866
0.05795
-0.38679
-0.26344
-0.22261
-0.30136
-0.8483499999999999
-0.5481
-0.9267799999999999
-1.05237
-0.30832
-0.24975000000000003
-0.21038
0.75116
0.54187
0.1739
0.14582
-0.60121
-0.36796999999999996
-0.23842
-0.08947
-0.58735
-0.8299500000000001
-0.22163
-0.20324
0.98575
0.45396000000000003
0.01076
-0.1081
0.06996000000000001
0.21719000000000002
0.08605
0.44000999999999996
1.0855
0.2475
-0.06381
-0.00084
-0.8479300000000001
-0.44496
-0.19460999999999998
-0.30926
0.32255
-0.21425999999999998
-0.48395000000000005
-0.80155
-1.2862
-0.49640999999999996
-0.29572
-0.56225
-0.8893000000000001
-0.08627000000000001
-0.11466
-0.17614000000000002
-0.94013
-0.13176
0.18441
0.43473
-0.30157
-0.51865
-0.12924
-0.34265
0.30389
0.73406
0.53057
1.0848
1.2446
0.08603
0.09441000000000001
0.17406
0.5276
0.32455
0.36784999999999995
0.030350000000000002
-0.25087
0.6388199999999999
0.5515
0.6481999999999999
1.33416
0.62905
0.43061
0.40062
-0.14993
-0.30892
-0.09366
-0.4493
-0.40462000000000004
0.52847
0.49468
0.90168
1.13145
0.020819999999999998
0.00417
-0.62518
-0.9956900000000001
0.10132
0.01637
-0.13343
-0.25562999999999997
-0.04995
-0.16693999999999998
-0.19922
-0.69226
-0.54467
-0.39369
-0.64432
-1.3725299999999998
-0.62745
-0.42202
-0.70455
-0.16598
0.73158
0.3411
0.6889700000000001
1.07262
0.41158
0.17216
0.30246
-0.06905
0.13089
0.03401
0.12148999999999999
-0.58601
-0.61421
-0.5376299999999999
-0.7275
0.18131
0.49983
0.19189
0.21707
-0.48128
0.14782
0.20995
0.55112
0.49670000000000003
-0.40649
-0.24416000000000002
-0.61706
-0.86007
0.12868000000000002
0.05332
0.45198
-0.085
-0.43587000000000004
-0.16113
0.052169999999999994
0.67212
-0.02008
-0.025840000000000002
0.48834000000000005
1.33491
0.11194000000000001
0.01921
-0.36151000000000005
-0.37151
-0.07601
-0.19648
-0.28190000000000004
-0.36193
0.09144999999999999
0.08219
0.36457999999999996
1.01709
0.16611
0.05665
0.10869
-0.59494
-0.58777
-0.14619
-0.58655
-0.46465
0.18791
0.1057
0.14745
0.5199
0.43368
0.11446999999999999
0.08202999999999999
-0.16243
-0.19890999999999998
-0.33796
-0.53306
-0.66524
-0.42434
-0.40202
-0.52699
-1.26579
-0.7831999999999999
-0.27466999999999997
-0.28411000000000003
0.53302
0.62885
0.2818
0.28378
-0.29801
-0.057089999999999995
0.02492
0.01315
0.32948
0.36723
0.37567999999999996
0.43062
1.07625
0.6773699999999999
0.41293
0.11991
0.65724
1.1098999999999999
0.5665
0.86185
0.7118000000000001
0.08489000000000001
0.03061
-0.12407
-0.3721
0.32192
0.21123999999999998
0.38506999999999997
1.03044
0.16914
-0.11900000000000001
-0.3848
-0.26306
0.35324
0.16777999999999998
0.22532
-0.12994999999999998
0.41296999999999995
0.18695
0.39002000000000003
-0.24821000000000001
0.27065
0.25579
0.565
0.16727
-0.21176999999999999
-0.25131
-0.39585000000000004
-0.6911799999999999
-0.37396
-0.29648
-0.34257
-0.87163
0.00393
0.04556
0.29141
0.20446
0.71273
0.5826899999999999
0.9289799999999999
-0.53857
-0.2809
0.09845000000000001
0.50242
0.63348
-0.16878
0.05267
0.33885
0.36479
-0.43790999999999997
-0.36822000000000005
-0.58424
-0.87272
-0.20574
-0.11336
0.16855
0.9681799999999999
0.52468
0.27863
0.66161
0.69145
0.12884
0.31902
0.35115999999999997
0.64153
0.09698999999999999
0.14886
0.1185
-0.97057
-0.6833499999999999
-0.13178
-0.00422
0.26631
0.14514
0.192
0.22114999999999999
0.5519
0.243
0.09986
0.17731000000000002
-0.28881
-0.9266200000000001
-0.41252
-0.80707
-0.31342
0.19404
0.060270000000000004
-0.19963
-0.07354
0.62745
0.31232
0.59954
0.63339
0.39128999999999997
0.30004000000000003
0.69816
0.07116
-0.44998
0.010549999999999999
-0.17452
0.53856
0.04
-0.27142
-0.73328
-1.35853
-0.45299
-0.43268999999999996
-0.59843
-1.09314
-0.37362
-0.37301
-0.13401
-0.16669
-0.23451
-0.04684
0.17013
-0.28339
-0.79716
-0.4372
-0.8081100000000001
-0.26834
0.33578
0.14823
0.24785000000000001
1.32168
1.15955
0.38524
0.61883
0.01862
0.17545000000000002
0.28559999999999997
0.40354
0.05266
-0.53203
-0.31299
-0.93094
-0.80675
0.06453
-0.08936
0.06984
-0.10353
-0.12487
-0.23800000000000002
0.13319
-0.49823999999999996
-0.51819
-0.264
0.10334
0.45241
-0.41129
-0.38604999999999995
-0.5165500000000001
-0.10346
0.39682
0.2894
0.17017
0.72985
0.77178
0.23581
-0.03569
-0.48918999999999996
0.76751
0.57275
1.1213899999999999
-0.52095
-0.96919
-0.33936
-0.61137
-0.8613299999999999
-0.28624
0.010369999999999999
0.36469
0.30991
-0.32724
-0.20036
0.05621
0.28917000000000004
-0.06784
-0.06289
0.17719000000000001
-0.30613
-0.5705899999999999
-0.32482999999999995
-0.42086
0.75921
0.54365
0.23699
0.14746
-0.34098999999999996
-0.40764
-0.17479
-0.46212000000000003
-0.24533000000000002
0.24446
0.22142
0.41814
0.20800999999999997
-0.09847
0.01012
0.0576
0.19099
0.31655
0.33702
0.54218
0.9233199999999999
0.14104
0.02073
0.046479999999999994
0.68822
0.27588
0.08412000000000001
-0.26498
-0.35534
0.39637999999999995
0.10349
0.10084
-0.92297
-0.61391
-0.43282
-0.69384
-1.15679
-0.90768
-0.7661199999999999
-0.83285
-1.01278
-0.53159
-0.22319
-0.26464
-0.1103
0.06359
0.03627
0.17018999999999998
0.62096
0.6441899999999999
0.35517000000000004
0.58532
0.54855
0.55272
0.40808999999999995
0.73859
1.36653
0.7468699999999999
0.55482
0.83553
0.6509699999999999
-0.08789999999999999
0.12719
0.05689
0.7527200000000001
0.63763
0.30976
0.17215
-0.31182
0.35975999999999997
0.37645
0.87125
0.3565
-0.05029
0.26397
0.64122
0.51802
-0.7842
-0.42843000000000003
-0.7358899999999999
-0.54895
-0.21734
-0.17557999999999999
-0.39048
0.0718
0.44125
0.13544
0.35576
-0.73205
-0.71675
-0.41415
-0.3297
-0.82514
-1.2853700000000001
-0.76435
-1.20445
-0.61393
-0.02284
-0.14129
-0.35536999999999996
-0.44201
0.24553999999999998
0.31532
0.36258
1.24052
1.40065
0.88543
0.92363
0.20647
0.51442
0.5627300000000001
0.72611
0.98739
0.8639100000000001
0.73257
1.06511
0.54484
0.023780000000000003
0.17928999999999998
0.2825
0.33163
-0.10319
-0.22035
-0.32456
-0.8892
-0.4756
-0.26221
-0.43058
-0.8518300000000001
-0.50131
-0.45231
-0.6547499999999999
-1.1183400000000001
-0.60197
-0.42418
-0.30493
-0.42867
-0.56689
-0.39033999999999996
-0.58732
-0.77967
-0.16959
-0.08990999999999999
0.34629
0.6312
-0.05815000000000001
-0.11226000000000001
-0.34529000000000004
-0.29256
-0.00013
-0.17418
-0.22021000000000002
-1.1795
-0.92408
-0.51975
-0.70254
-0.12195
0.00313
-0.20724
-0.31267
-0.34956000000000004
-0.26221
-0.32394
-0.63951
-1.24624
-0.33470999999999995
-0.14228
0.006
0.20607
-0.27063
-0.26167999999999997
-0.14995
0.09760999999999999
-0.18392
-0.10446
-0.01798
0.7467
0.7766299999999999
0.40308
1.0080200000000001
0.66857
-0.23344
0.13171
0.34908
0.85828
0.05238
0.02036
-0.34501
0.16161
0.56589
0.33165
0.16219999999999998
0.02648
0.26795
0.20126000000000002
-0.02673
0.09536
0.52527
0.35546
0.47307000000000005
-0.17923999999999998
-0.14095000000000002
0.07690000000000001
-0.07773
0.49402999999999997
0.6297699999999999
0.48725
0.6453
-0.35831
-0.36473999999999995
-0.10987
-0.02579
-0.7079300000000001
-0.7248600000000001
-0.36909
-0.24271
0.13997
0.00688
-0.00147
-0.011439999999999999
0.40785
0.41442
0.23304
0.09623
0.32464
0.03743
-0.15961
-0.5098400000000001
-0.13943
0.65401
0.42639000000000005
0.32112999999999997
0.5864
1.36831
0.9113800000000001
1.2633400000000001
0.32295
0.27831
0.56466
0.8257099999999999
0.55386
0.07832
0.26111999999999996
0.45106999999999997
0.6330100000000001
0.34497999999999995
0.28111
0.32179
-0.19104
-0.24105000000000001
-0.22545
-0.23861999999999997
-0.7898099999999999
-0.77818
-0.53429
-0.59473
-0.96851
-0.7031499999999999
-0.41356000000000004
-0.52051
0.43504
0.65106
0.32791
0.57743
0.66187
0.058600000000000006
-0.03388
-0.06129
-0.32127
-0.058410000000000004
-0.03193
0.07347000000000001
0.56819
0.21292000000000003
-0.00061
-0.1648
-0.5497099999999999
0.04825
0.15774
0.15413
0.0007599999999999999
0.05892
0.08868000000000001
0.18751
0.58387
0.58338
0.43701999999999996
0.71804
0.88313
0.67619
0.5344599999999999
1.00977
0.93086
0.29999
0.4733
0.70702
0.51989
-0.16029
-0.08710000000000001
0.17586
0.029849999999999998
-0.39891
-0.114
0.18241
-0.18913
-0.74446
-0.5750500000000001
-0.50985
-0.37215000000000004
-0.8995399999999999
-0.63759
-0.8134600000000001
-1.37121
-1.12958
-0.64196
-1.2431
-0.27457
0.7955800000000001
0.49887
0.61953
0.5893200000000001
0.47668999999999995
0.27641
0.24079
-0.42707
-0.07583000000000001
0.11146
0.23514
-0.41639000000000004
-0.7027
-0.29883
-0.38171999999999995
0.08102000000000001
0.12899
0.08213
0.3392
0.01776
-0.54557
-0.50329
-0.69281
-1.0325199999999999
-0.45610999999999996
-0.23843
-0.15387
0.35522
0.19106
0.0582
0.18605
0.40753
0.0662
0.16265999999999997
-0.18461
0.55366
0.74285
0.25722
0.16722
-0.49564
0.40368000000000004
0.53685
0.98169
0.39188
-0.22943000000000002
0.011120000000000001
-0.09112
-0.41454
-0.42561
-0.19824999999999998
-0.24701
-0.11859
-0.34244
-0.23378
-0.38769
-0.71661
-0.03347
0.14245
0.37555999999999995
0.3395
-0.14009
-0.17054
-0.4155
-0.39186
-0.08706
-0.043680000000000004
-0.051390000000000005
0.12572
0.06344999999999999
0.11515
0.21861
0.51952
0.27151
0.17577
0.40680999999999995
0.67708
0.10451
-0.03172
-0.3063
-0.6715800000000001
0.07535
0.17236
0.15036
0.07147
0.07897
0.13548
0.09985
0.66718
0.40264000000000005
0.22489
0.06319
-0.46253999999999995
0.33474
0.29327000000000003
0.5803
0.2614
-0.14465
-0.0064800000000000005
0.3379
-0.14614000000000002
-0.7992199999999999
-0.48563
-0.39482999999999996
-0.22132000000000002
-0.78925
-0.58695
-0.6973199999999999
-0.52853
-0.34773000000000004
-0.24992
-0.25413
-0.14179
0.00768
-0.01113
0.17515999999999998
0.10697
-0.16605
0.048010000000000004
-0.15747
0.32359000000000004
0.43695999999999996
0.24422
0.08936
-0.2321
-0.19813
-0.13112000000000001
-0.30053
-0.4576
-0.2938
-0.32293999999999995
-0.53379
-0.46203000000000005
0.12178000000000001
0.058289999999999995
0.32271
-0.30557
-0.67647
-0.33325000000000005
-0.56344
-1.1977
-0.6540300000000001
-0.39612
-0.38028
-0.5486800000000001
-0.59679
-0.36734
-0.55351
0.34136000000000005
0.53989
0.07844999999999999
0.20873
-0.34697
-0.65132
-0.51744
-0.92537
-0.47776
-0.0101
-0.11334
-0.38526000000000005
-0.04107
0.6670999999999999
0.2956
0.58114
0.11932000000000001
-0.15854
0.06808
0.13555
0.22832
0.08259999999999999
0.18189
0.3732
0.52321
0.57461
0.6716200000000001
0.8162900000000001
1.17064
0.67458
0.48912999999999995
0.69145
1.04103
0.21282
0.14617000000000002
0.01537
-0.08204
0.12618000000000001
0.06154
0.22007000000000002
0.0044800000000000005
-0.03515
0.18289000000000002
0.32467
0.51042
-0.15992
-0.15096
-0.24366
0.09691000000000001
0.16783
0.00251
0.128
-0.23135000000000003
-0.65365
-0.5060199999999999
-0.80979
-0.9588500000000001
-0.40669
-0.3697
-0.47794
-0.87421
-0.44362999999999997
-0.25521
-0.1452
0.14568
0.1115
0.11549
0.07139000000000001
0.0297
0.12784
0.1137
0.28971
-0.28897
-0.054909999999999994
0.22309
0.51942
0.50757
-0.38648000000000005
-0.24318
-0.56782
-0.40037
0.11933999999999999
0.09156
0.14272
-0.32641
-0.26695
-0.013919999999999998
0.03952
0.38269
-0.10409
-0.16248
-0.50453
-0.6585899999999999
-0.21486
-0.19555
-0.28077
-0.34148
0.07556
0.23195
0.30933
0.96559
0.59454
0.45497
0.37162
0.67267
0.9728100000000001
0.72122
0.82015
0.28215
-0.043840000000000004
0.20684999999999998
0.06321
0.25348
0.54943
0.46606000000000003
0.7559999999999999
0.31992
-0.41232
-0.19699999999999998
-0.35683
-0.32293999999999995
-0.49518
-0.42869
-0.7299899999999999
-0.30426
-0.028370000000000003
-0.1945
-0.06988
0.20393
-0.2974
-0.41514
-0.71768
-0.9971599999999999
-0.61257
-0.5169
-0.59485
-0.09646
0.16413
0.08662
-0.02181
-0.27943999999999997
0.12551
0.19888999999999998
0.25832
0.5834
0.20682999999999999
0.14627
-0.22861
-0.30704
0.35485999999999995
0.21587
0.33417
-0.22411
-0.12224
0.10099
0.21863
0.41281999999999996
0.02889
0.01068
-0.06756999999999999
0.12737
0.13011
0.00891
-0.009250000000000001
0.12875999999999999
0.16221
0.11105000000000001
0.09542999999999999
0.61658
0.40914
-0.02765
-0.12607
-0.7458199999999999
-0.51577
-0.39393
-0.37681
-0.70119
-0.34898
-0.13748
-0.09935000000000001
-0.010329999999999999
-0.1744
-0.19351
-0.40720999999999996
-0.61512
-0.14048
-0.1732
-0.20725000000000002
-0.10105
0.04501
-0.044000000000000004
-0.00425
-0.39138
-0.13165
-0.04249
0.12279
-0.59994
-0.7243200000000001
-0.37265
-0.47726
-0.6534
-0.59415
-0.37189
-0.61938
-0.85629
-0.25589
-0.14724
-0.03599
0.3724
-0.01814
-0.040819999999999995
-0.34618000000000004
0.0987
0.5183
0.25956
0.02992
-0.29762
0.41476
0.42404000000000003
0.71565
1.08225
0.19425
0.01623
-0.19438
-0.65862
-0.53828
-0.47933
-0.72799
-1.21547
-0.63435
-0.38266
-0.5232600000000001
0.14673999999999998
0.31579999999999997
0.13231
0.18852
0.26557
0.44811999999999996
0.31749
0.20362
0.15130000000000002
0.50007
0.40926
0.58968
0.46118000000000003
0.45647
0.4238
0.4928
0.5753199999999999
0.45368
0.31101
0.39719
1.03275
0.70783
0.30882000000000004
0.49441
-0.0028299999999999996
-0.13602999999999998
-0.05505
0.11148
-0.38243000000000005
-0.41869
-0.30646999999999996
-0.31557999999999997
-0.79913
-0.93148
-0.6521899999999999
-0.68428
-0.92013
-0.67121
-0.37583
-0.33529000000000003
-0.6507200000000001
-0.49234
-0.23164
-0.0967
0.36705
0.039900000000000005
-0.027120000000000002
0.00553
-0.42361
-0.23241
-0.022940000000000002
0.09112
0.81052
0.49450000000000005
0.33386000000000005
0.45757
0.76303
0.30146999999999996
0.24362999999999999
0.05995
-0.04505
0.47686999999999996
0.40116999999999997
0.39643999999999996
-0.09558
-0.04011
0.02624
0.07246000000000001
-0.10710000000000001
-0.48154
-0.39014000000000004
-0.5243099999999999
-0.83131
-0.67006
-0.4608
-0.44750999999999996
-0.73209
-0.5703499999999999
-0.36127000000000004
-0.33616999999999997
0.17279
-0.11756
-0.20239000000000001
-0.30589
-0.5434599999999999
0.22924
0.20879999999999999
0.45649
0.51525
-0.18073
-0.13548
-0.23475000000000001
-0.13888999999999999
-0.09378
-0.08547
-0.22024000000000002
-0.53176
-0.24284
-0.16326000000000002
-0.22356
-0.3639
-0.37552
-0.23146999999999998
-0.38839
-0.61952
-0.23342
-0.18203
0.08267
-0.38904000000000005
-0.94313
-0.52147
-0.84096
-0.10747
0.15879
-0.0322
0.01748
0.49229999999999996
0.34979
0.15601
0.07907
0.06529
-0.04223
-0.10064999999999999
-0.38313
0.03009
0.37109000000000003
0.06268
0.15805999999999998
-0.19911
-0.35479
-0.20643
-0.21512
-0.09718
-0.029679999999999998
0.040650000000000006
0.17448
0.75578
0.6589100000000001
0.47757
0.65782
0.96272
0.84136
0.5608299999999999
0.89268
0.49634
0.12642
0.26716
0.28317
0.21585000000000001
-0.058449999999999995
-0.10015
-0.20971
-1.0023
-0.7471099999999999
-0.36460000000000004
-0.52994
-0.78925
-0.4682
-0.32051999999999997
-0.47131
-0.64015
-0.37681
-0.3353
-0.29322
-0.7617499999999999
-0.76366
-0.46319000000000005
-0.49248
-0.44685
-0.48082
-0.28391
-0.47182
-0.22271000000000002
0.0049499999999999995
-0.03428
-0.03818
0.07963
0.27886
0.30244
0.36878999999999995
0.5196200000000001
0.17154
0.15807000000000002
-0.051289999999999995
0.11231999999999999
0.50334
0.4025
0.5248700000000001
0.67769
0.29152
0.33164
0.14749
0.6681
0.87055
0.60701
0.68998
0.02856
0.04107
0.21331
0.19735
0.58674
0.18772
0.0288
-0.22841999999999998
-0.82655
-0.46265999999999996
-0.26136
-0.23053
-0.13088
-0.23579999999999998
-0.16934000000000002
-0.13668
0.12923
-0.25295
-0.30222
-0.40991999999999995
-0.7339100000000001
-0.28248
-0.12115999999999999
-0.29353
0.21981
0.2672
0.04717
0.026150000000000003
0.46915
0.43828
0.25776
0.14362
0.20512
0.40928
0.25162
0.10979
0.14818
0.7530800000000001
0.53732
0.7909
0.39579000000000003
0.0137
0.12084
0.21831
0.10006999999999999
-0.18928
-0.16821000000000003
-0.27806000000000003
-0.24444
-0.13888
-0.17074999999999999
0.00584
0.41766
0.45890000000000003
0.31105
0.54694
0.09856
-0.20321
-0.14634
0.01989
0.12076
-0.33826
-0.276
-0.23998
-0.62378
-0.8473900000000001
-0.59091
-0.74886
-0.94084
-0.56192
-0.43357999999999997
-0.34228000000000003
-0.31184
-0.60618
-0.43194000000000005
-0.62886
-0.29821000000000003
0.0776
0.022690000000000002
-0.17052
-0.19960999999999998
0.29101
0.33762000000000003
0.42671
0.6951
0.44545999999999997
0.34367
0.28287
0.26031
0.2943
0.28729
0.3993
0.6556799999999999
0.5042
0.46387
0.63495
0.54942
-0.16073
-0.05669
-0.1164
-0.41139000000000003
-0.48471
-0.3006
-0.40781999999999996
-0.20584
-0.38063
-0.3093
-0.50793
-0.19765999999999997
0.10583999999999999
0.07244
-0.00424
0.30914
0.29871
0.26713000000000003
0.05704
0.5301
0.50319
0.3121
-0.0895
-0.13448000000000002
0.70571
0.53005
0.73846
0.6493300000000001
0.26873
0.21072
0.14891
0.09332000000000001
-0.06753
-0.05671
-0.12969
0.01649
0.1139
0.052320000000000005
-0.00812
0.0529
-0.08984
-0.20629999999999998
-0.43604
-0.35609
-0.09787000000000001
-0.30583
-0.56113
-0.63692
0.1493
0.048010000000000004
0.27243
0.25131
-0.05453
-0.0349
-0.0063
0.32406
0.1707
0.02552
0.01287
0.12698
0.40613
0.1993
0.35426
-0.08856
-0.00741
0.12706
0.2707
0.22367
0.05474999999999999
0.032850000000000004
0.04156
0.09054000000000001
0.15346
0.17703
0.11858
-0.0032700000000000003
0.26215
0.17646
0.18178
-0.22164999999999999
-0.15971
-0.07711
0.048479999999999995
-0.29119
-0.42442
-0.27366
-0.36871000000000004
-0.58755
-0.35418
-0.19787
-0.15136
-0.28714
-0.36634
-0.27794
-0.13067
-0.36449
-0.51703
-0.23605
-0.35485999999999995
0.19724
0.22257000000000002
-0.033620000000000004
-0.28827
-0.2808
0.10646000000000001
0.01073
0.09381
-0.31053000000000003
-0.48139000000000004
-0.19519999999999998
-0.46354
0.09593
0.59902
0.35101999999999994
0.45243
0.43443
0.32789
0.26586
0.28483
-0.00201
0.03685
0.17934999999999998
0.21153
0.62271
0.27119
0.060629999999999996
0.16057
0.017769999999999998
-0.22928
-0.19649999999999998
-0.27185
-0.69565
-0.71925
-0.49601999999999996
-0.77114
-0.29132
0.24095
0.03459
0.28332
0.49868
-0.03495
-0.05762
-0.06655
0.30805
0.19737
0.05668
-0.08154
-0.16367
0.19637000000000002
0.12912
0.38262
0.36428
-0.0010199999999999999
0.07065
-0.00996
0.16388999999999998
0.056100000000000004
-0.049859999999999995
-0.08001
-0.18643
-0.0649
-0.15148999999999999
-0.10203
-0.5240699999999999
-0.74126
-0.5239699999999999
-0.71348
-0.32132
0.023610000000000003
-0.15304
-0.25482
-0.45673
-0.11291000000000001
-0.09891
0.06454
0.36359
0.12592
0.04253
-0.04596
-0.33958
-0.06037
-0.02194
0.11273
-0.08461
-0.13803
-0.0757
-0.03479
0.34793
0.08903
0.04982
0.02918
0.30109
0.44337000000000004
0.25115
0.24824000000000002
-0.27558
-0.12208999999999999
0.09163
0.18353000000000003
0.6568999999999999
0.44777
0.25954
0.29025
-0.13777
-0.1451
0.07268
0.0308
0.31595
0.40302
0.2611
0.31059000000000003
0.24029
-0.02699
0.09115000000000001
0.12787
0.18576
0.19146999999999997
0.07993
-0.060250000000000005
-0.28265999999999997
-0.06668
-0.02346
0.009340000000000001
0.17034
0.08224000000000001
-0.0062
-0.13888
-0.54882
-0.15409
-0.00458
0.0028199999999999996
0.46289
0.30418
-0.0105
-0.20511
-0.5986
-0.16632999999999998
-0.12376
0.08785
-0.52108
-0.6131
-0.34351
-0.51528
-0.39116999999999996
-0.06256
-0.0638
0.17547000000000001
0.22077000000000002
-0.27922
-0.24782
-0.5456300000000001
-0.76203
-0.17017
-0.08503999999999999
0.012150000000000001
0.32833
0.25003
0.06987
0.12926
0.32988999999999996
0.19877
0.11144
0.20126000000000002
0.24528
0.10619999999999999
0.045270000000000005
-0.017159999999999998
0.1702
0.19521999999999998
0.09570000000000001
0.2028
0.18149
0.03857
-0.023170000000000003
-0.14765
-0.31592
0.15909
0.22614
0.24833
0.41246000000000005
0.67876
0.58801
0.84477
0.7507299999999999
0.6046
0.6622499999999999
1.00612
0.85218
0.22951
0.23802
0.22814
0.09449
0.058410000000000004
0.10755
0.26261
0.09018000000000001
-0.16054
-0.045309999999999996
0.09173
-0.06629
-0.5158400000000001
-0.27774
-0.42393000000000003
-0.17408
0.00219
-0.053840000000000006
-0.00299
-0.26807
-0.25843
-0.032850000000000004
-0.03701
-0.15775
-0.31547000000000003
-0.10531
-0.3109
0.23882
0.50142
0.37766
0.37901
0.5414800000000001
0.53698
0.45476999999999995
0.43219
0.54642
0.37822
0.24178999999999998
0.20123000000000002
-0.06584
-0.1139
-0.07602
-0.056139999999999995
-0.05622
-0.37144
-0.26073
-0.48261000000000004
-0.43287
-0.30260000000000004
-0.31625
-0.42485
-0.38414000000000004
-0.00957
-0.04607
0.09473000000000001
0.42591
0.056799999999999996
-0.06122
-0.15451
0.12849
0.10719
-0.11517
-0.20906
-0.07037
-0.07368000000000001
-0.18847999999999998
-0.26696000000000003
0.17248999999999998
0.3935
0.12273999999999999
0.20501999999999998
-0.10653
0.06676
0.05868
0.18813
-0.23192000000000002
-0.29082
-0.16182
-0.15786
-0.33372999999999997
-0.38295
-0.26239
-0.26217
-0.11618
-0.06189
-0.18321
-0.13548
-0.5570499999999999
-0.65402
-0.45211
-0.5236500000000001
-0.22366
0.10725
0.04681
0.06432
0.04237
0.21577000000000002
0.18408000000000002
0.27982
0.53521
0.31469
0.25255
0.21228999999999998
0.47996
0.5578
0.38833
0.58441
0.39942999999999995
0.22033999999999998
0.31739999999999996
0.21353999999999998
0.26195
0.43857999999999997
0.36609
0.4023
-0.00918
0.0070799999999999995
0.06154
0.0229
-0.16716999999999999
-0.30677
-0.18569
-0.22032
0.13815
0.21428
0.11071
0.09959
-0.16937999999999998
0.0010199999999999999
0.12753
0.21023
0.42719999999999997
0.48194000000000004
0.43295
0.5337700000000001
0.57607
0.33174
0.23368
0.25811
0.04682
-0.08448
-0.05483
-0.06368
-0.14299
-0.40031
-0.28265999999999997
-0.48883000000000004
-0.36124
0.02573
-0.03174
-0.13067
-0.17088
0.21194
0.21305
0.31559000000000004
0.40685000000000004
0.29536999999999997
0.23747
0.28882
-0.03904
-0.15705
-0.01794
0.06352000000000001
0.26003
0.03016
-0.03404
-0.05483
-0.03373
-0.10522999999999999
-0.10574
-0.0738
0.1754
0.20739000000000002
0.08483
0.13876
0.18376
-0.005639999999999999
-0.10206
-0.21084
-0.31474
-0.27945
-0.28683
-0.42003999999999997
-0.6611199999999999
-0.21555
-0.13356
0.02701
0.15611
0.0793
0.02577
0.16625
0.16376000000000002
-0.12882
-0.09804
-0.19759000000000002
-0.47673000000000004
-0.20955
-0.13944
-0.17684999999999998
-0.13417
-0.050140000000000004
-0.02306
-0.00848
0.13429
0.18777999999999997
0.09327
0.15949
0.02657
0.15716
0.22206
0.38238
0.59394
0.29774
0.28246
0.32176000000000005
0.57674
0.31334
0.13782
0.21782
0.09705
-0.21228000000000002
-0.18655999999999998
-0.30804
-0.23187000000000002
0.08489000000000001
0.0583
0.20428999999999997
0.25367
0.10122
0.12644
0.22637000000000002
0.43029000000000006
0.1023
0.025849999999999998
-0.08992000000000001
-0.24213
-0.2079
-0.18155000000000002
-0.32869
-0.44654000000000005
-0.02162
-0.01791
0.12727
-0.28233
-0.34185000000000004
-0.13024
-0.10604
0.03778
-0.053810000000000004
-0.019370000000000002
-0.0072299999999999994
0.12161
0.06979
0.03411
0.17568999999999999
0.16390000000000002
-0.20707
-0.17028
-0.36745
-0.27525
-0.024900000000000002
-0.16668
-0.2161
-0.25498
-0.11513
-0.09974999999999999
-0.22353
-0.20325
-0.01463
-0.00757
-0.09869
-0.01145
0.17704999999999999
0.03695
0.07232
-0.23526
-0.25644
-0.16976
-0.19236
-0.16945
0.023969999999999998
0.037989999999999996
0.031560000000000005
0.26811
0.36204000000000003
0.25216
0.36676000000000003
0.46817
0.25424
0.21231000000000003
0.17792000000000002
0.21945
0.33476
0.29047999999999996
0.36304000000000003
0.6186200000000001
0.7222700000000001
0.5199900000000001
0.65231
0.58207
0.38688
0.38049999999999995
0.5174
0.36361
0.10830999999999999
0.16027000000000002
0.15775
0.1716
0.05791
0.03693
0.023319999999999997
0.10695
0.16457999999999998
0.05465
-0.02456
-0.43914000000000003
-0.13067
-0.03812
0.10811
-0.03991
-0.23870000000000002
-0.10646000000000001
-0.15791
0.03795
0.15864
0.13507999999999998
0.18981
-0.13708
0.04641
0.1144
0.14233
-0.217
-0.14340999999999998
0.045869999999999994
0.12899
0.55462
0.32042000000000004
0.16304
0.17951
0.03924
-0.08632
-0.04324
-0.06881999999999999
-0.49795
-0.44768
-0.2711
-0.31099
-0.52547
-0.46403
-0.29859
-0.39866999999999997
-0.12817
-0.01049
-0.09175000000000001
-0.16881000000000002
0.05557
0.2025
0.13013
0.15194000000000002
0.3096
0.17018999999999998
0.02553
0.031200000000000002
-0.16412
-0.04095
0.00657
-0.01171
0.07719999999999999
0.22129000000000001
0.09944000000000001
0.21512
0.18446
0.04931
0.06618
0.22262
-0.026840000000000003
-0.22216000000000002
-0.11907
-0.16111999999999999
-0.07667
-0.01951
-0.05534
-0.09324
-0.24558
0.00661
-0.02661
0.047080000000000004
-0.19577999999999998
-0.17600000000000002
-0.08438000000000001
-0.05219
-0.22485
-0.26721
-0.14189
-0.18586
-0.09019
0.17864999999999998
0.17533
0.2921
0.1393
-0.0692
-0.030059999999999996
-0.09571
0.07687000000000001
0.16521999999999998
0.09666999999999999
0.24741
0.08374000000000001
-0.10323
-0.02038
-0.00155
-0.14739000000000002
-0.26295999999999997
-0.14150000000000001
-0.18303999999999998
-0.12426999999999999
-0.16071000000000002
-0.11904999999999999
-0.1505
0.04032
0.23619
0.19088000000000002
0.28082999999999997
0.49700000000000005
0.23284
0.19288
0.10656
0.27732
0.48426
0.38936
0.44781
0.26487
0.24413
0.30468
0.31068999999999997
0.42765000000000003
0.43146999999999996
0.38579
0.43445999999999996
-0.06533
-0.18695
-0.061189999999999994
-0.04242
-0.19827000000000003
-0.37355
-0.20855
-0.34381999999999996
-0.09365
-0.050730000000000004
-0.1796
-0.23321999999999998
-0.50349
-0.37503
-0.26056
-0.32067999999999997
-0.25526
-0.14740999999999999
-0.11366
-0.17443
0.11304
0.25907
0.11737
0.0403
0.0322
0.13828
0.07139000000000001
0.08332
0.18346
0.29832000000000003
0.2757
0.30546
0.35424999999999995
0.3911
0.3043
0.37915999999999994
0.45065
0.47932
0.39539
0.52896
0.24373999999999998
0.1563
0.19818000000000002
0.30236999999999997
0.15184
-0.13643
-0.08410000000000001
-0.10146000000000001
-0.11173
-0.18414000000000003
-0.15593
-0.24719000000000002
-0.35009
-0.07893
-0.054450000000000005
-0.05628999999999999
-0.27794
-0.08515
0.00551
0.11609
0.054779999999999995
-0.0579
-0.00749
0.01691
-0.19216
-0.29786999999999997
-0.14807
-0.29276
0.009439999999999999
0.25274
0.08635999999999999
0.1649
0.10459
0.01772
0.017
0.019870000000000002
-0.0353
-0.00487
0.01466
-0.07962
0.07522999999999999
0.24706
0.14458000000000001
0.30194
0.02015
-0.22386
-0.08872
-0.07836
0.07521
-0.01405
-0.03205
0.005350000000000001
0.04463
0.1474
0.10381
0.24646
0.23228000000000001
-0.10369999999999999
-0.016220000000000002
-0.02046
0.09107
0.07969
0.00182
0.0055000000000000005
-0.12256
-0.15139
-0.11896000000000001
-0.03905
-0.15564999999999998
-0.31817
-0.18420999999999998
-0.25243
-0.39607
-0.19644999999999999
-0.07801999999999999
-0.07844000000000001
0.20453
0.09905
0.00872
0.00803
-0.24085
-0.22333999999999998
-0.11645
-0.10259
-0.20393999999999998
-0.20735
-0.15388
-0.18773
-0.16864
-0.09806
-0.03233
0.021099999999999997
0.29906
0.09715
0.01203
-0.11306
-0.08824
0.08598
0.04086
0.02626
0.13291
0.15261
0.02911
0.045700000000000005
-0.12573
-0.1567
-0.1024
-0.07992
-0.28617000000000004
-0.33446
-0.25268999999999997
-0.31834
-0.1074
-0.00753
0.01956
0.11009000000000001
0.27282
0.20174
0.11278
0.16295
0.00221
-0.07993
0.02544
0.006939999999999999
0.30578
0.24048999999999998
0.12445
0.09343
0.07982
0.19588
0.21711
0.32768
0.13591
-0.15368
-0.06329
-0.18803
0.05825
0.06065
-0.00822
-0.03553
0.054619999999999995
0.061829999999999996
-0.028999999999999998
-0.13751
-0.22507000000000002
-0.05371000000000001
-0.0542
0.02643
0.15164
-0.11403
-0.15380000000000002
-0.24334
-0.16412
0.044649999999999995
0.01761
0.01565
-0.06856
-0.0774
-0.09183
-0.17554999999999998
-0.29928
-0.08453
-0.03382
0.05771
0.12584
-0.0008
0.00828
-0.08341
-0.07045
0.15559
0.12006
0.14795999999999998
0.00904
-0.06121000000000001
-0.041749999999999995
-0.06443
-0.08222
-0.044349999999999994
-0.01576
-0.09877000000000001
0.10382999999999999
0.18807
0.00096
-0.009340000000000001
-0.2271
-0.13953
-0.10013999999999999
-0.09226000000000001
-0.18271
-0.20763
-0.19951
-0.2614
-0.17349
0.04233
-0.02598
-0.01942
-0.12455999999999999
-0.0867
-0.07109
-0.15356
-0.30329999999999996
-0.03392
-0.01447
-0.0053
-0.08976
0.009260000000000001
0.01102
0.04828
0.08278
0.17785
0.13454
0.25238
0.047110000000000006
-0.0678
0.02574
0.03847
0.31466
0.27460999999999997
0.14884
0.17181999999999997
0.17054
0.24329
0.18843
0.23785
0.22411999999999999
0.16577000000000003
0.09731
0.08997
-0.2818
-0.19152999999999998
-0.08055999999999999
-0.008960000000000001
-0.05621
-0.16015999999999997
-0.11019
-0.14819000000000002
-0.18776
-0.11541
-0.08821
-0.03877
-0.14089000000000002
-0.13391999999999998
-0.10186999999999999
-0.016479999999999998
-0.17248999999999998
-0.21566
-0.06448000000000001
-0.09391
0.14828
0.13108
-0.00017999999999999998
-0.043179999999999996
-0.31106
-0.15688000000000002
-0.05317
0.08077
0.16614
-0.16971
-0.11986000000000001
-0.21709
-0.16884
0.026230000000000003
0.01431
0.02355
-0.17942
-0.15316000000000002
-0.09072
-0.14489000000000002
-0.00735
0.035230000000000004
0.052590000000000005
0.10787000000000001
0.19341
0.09542999999999999
-0.00265
0.005
0.03528
-0.09552
-0.09398
-0.11657999999999999
-0.1721
-0.14847
-0.11592000000000001
-0.23795000000000002
-0.15900999999999998
0.1861
0.11645
0.28187999999999996
0.31837
-0.07211000000000001
-0.09675
-0.16219999999999998
-0.28354
-0.07862
-0.01628
0.08265
-0.040069999999999995
-0.11557
-0.04736
0.00047
0.2084
0.12601
0.09960000000000001
0.17310999999999999
0.12691
-0.08982
-0.10246000000000001
-0.28631
-0.41027
-0.01176
0.016739999999999998
0.0492
-0.03649
-0.09589
-0.07657
-0.08603999999999999
-0.24752
-0.17388
-0.031219999999999998
-0.09372
-0.04622
0.13466
0.08174
0.13185
0.23121
0.14692
0.13961
0.14822
0.07597999999999999
0.01264
-0.03727
-0.15237
-0.12827
0.07702
0.06755
0.02759
0.05918
0.19219999999999998
0.13287000000000002
0.14888
0.13807
0.31916
0.33840000000000003
0.49284
0.56005
0.27347
0.18579
0.1866
0.09969
0.05178
0.08916
0.15142
0.010069999999999999
-0.08375
-0.03116
-0.13505
-0.07261000000000001
0.13882
0.09205999999999999
0.19312
0.15475
-0.01998
-0.02887
-0.00658
-0.22712
-0.19143999999999997
-0.07527
-0.09069
-0.1267
-0.20419
-0.19935
-0.30747
-0.31978
-0.07471
-0.05521
0.01546
-0.12672
-0.18892
-0.10132999999999999
-0.17670000000000002
-0.07411
0.12443
0.08564999999999999
0.16313
0.08013999999999999
-0.04673
-0.035379999999999995
-0.06448999999999999
-0.28501
-0.22633
-0.11033
-0.10972
0.05566
0.0040100000000000005
-0.05168999999999999
0.04933
0.08289999999999999
-0.071
-0.04796
-0.07624
-0.25303000000000003
-0.21079
-0.13839
-0.23937
-0.022799999999999997
0.11639
0.05548
0.07782
0.20401
0.09503
-0.0091
-0.03655
-0.318
-0.23317
-0.1173
-0.1895
-0.19475
0.0452
0.03396
0.13469
0.09566000000000001
-0.02073
0.02398
0.05711
0.03855
-0.14127
-0.14348
-0.22872
-0.12391
-0.04211
-0.08689999999999999
-0.04997
-0.23081
-0.14791
-0.07929
-0.06261
0.13285
0.08796
0.033319999999999995
0.05087
0.06681
0.034910000000000004
0.04173
0.04274
0.16235
0.22422
0.20581
0.25867
0.37966
0.2675
0.16469
0.19742
0.036699999999999997
0.0418
0.0755
0.17561
0.24642
0.04446
0.06702
0.10473
0.06426
-0.047850000000000004
-0.03579
0.0027400000000000002
-0.28028
-0.41668999999999995
-0.25662
-0.38408000000000003
-0.15506999999999999
-0.02582
-0.10784
-0.17338
-0.19691
-0.058129999999999994
-0.05574
-0.01123
-0.10457000000000001
-0.18437
-0.0842
-0.16381
-0.0032400000000000003
0.06806
-0.007039999999999999
0.023170000000000003
-0.12369999999999999
-0.07498
-0.02178
0.02661
0.10795
-0.05388
-0.03313
-0.08132999999999999
0.11921
0.10064000000000001
0.01976
-0.029820000000000003
-0.01886
0.08129
0.05535
0.03206
0.08269
0.15885
0.09025999999999999
0.11192
0.06985000000000001
0.0894
0.06339
0.17417000000000002
0.08706
-0.18378
-0.10152
-0.22558
-0.0356
0.10511
0.05464
0.01369
0.07816
0.23416
0.15045999999999998
0.22132000000000002
0.06099
0.035769999999999996
0.06922
0.146
0.12971
0.0032
0.044000000000000004
0.06258
0.034460000000000005
-0.00586
0.02376
0.0144
0.10619999999999999
-0.05251
-0.08728999999999999
-0.16363
-0.06923
0.05503
7.000000000000001e-05
-0.08493
-0.04857
0.22681
0.1387
0.22021999999999997
0.0904
0.04972000000000001
0.1033
0.17918
0.08119
-0.14359
-0.07195
-0.09603999999999999
-0.07183
-0.059359999999999996
-0.06921000000000001
-0.06448000000000001
-0.055709999999999996
-0.10757
-0.1313
-0.14962
-0.26864
-0.29853
-0.22582000000000002
-0.30863
-0.32904000000000005
-0.15021
-0.1391
-0.08449
-0.00053
-0.14529
-0.15
-0.18
-0.33100999999999997
-0.2559
-0.17744
-0.22575
-0.0209
0.07808
0.01014
-0.00512
0.1523
0.09013
0.01807
-0.02458
-0.04707
0.10659
0.0776
0.10666
-0.07597000000000001
-0.023239999999999997
0.02559
0.07559
-0.00605
-0.10574
-0.06686
-0.048470000000000006
-0.12557000000000001
-0.24362999999999999
-0.17125
-0.22742
-0.044199999999999996
-0.01282
-0.07219
-0.13734
-0.14145
-0.02096
-0.030899999999999997
-0.03521
-0.12143000000000001
-0.01887
-0.01191
-0.03061
-0.0028299999999999996
0.00156
0.00864
-0.00992
0.18364
0.22172
0.15491
0.15216
-0.03791
0.03069
0.11342
0.09582
0.20201
0.31473
0.25794
0.26464
0.36279000000000006
0.37701999999999997
0.26809
0.35798
0.23013999999999998
0.06952
0.09806
0.09905
-0.03412
-0.09751
-0.029079999999999998
-0.04108
0.15206
0.08317000000000001
0.00178
-0.0868
-0.10055
0.08825
0.054619999999999995
0.09269999999999999
0.08429
0.07954
0.08166000000000001
0.11238
0.024
-0.03931
-0.016390000000000002
0.00607
-0.05659
-0.17218
-0.09585
-0.21151
-0.12382
0.14786
0.11093
0.1917
0.35814999999999997
0.2373
0.14328
0.20740999999999998
0.12887
-0.053040000000000004
-0.03424
-0.14374
-0.23326
-0.06405
-0.05237
-0.09611
-0.0132
0.08268
0.03063
0.10078
0.028839999999999998
-0.05114
-0.02565
0.00711
-0.07595
-0.12558
-0.07826
-0.13806
-0.1509
-0.01757
-0.01035
0.06136
0.10103999999999999
-0.06934
-0.07034
-0.11701
-0.26876
-0.21282
-0.14734999999999998
-0.23513
-0.07218
0.10481
0.05755
0.09635999999999999
0.08593
0.08138
0.09011
0.060289999999999996
0.0842
0.08849
0.04122
-0.00146
-0.02321
0.05388
0.035179999999999996
0.09256
0.10531
0.04066
0.05058
0.00498
0.06294
0.17084
0.11932000000000001
0.08502000000000001
0.18792
0.2438
0.13635999999999998
0.14975
0.03835
0.01756
0.03556
0.01352
-0.02796
0.12588
0.07207
0.12588
-0.014790000000000001
-0.10332000000000001
-0.07346
-0.0042
-0.11924
-0.16518
-0.07811
-0.06215
0.040069999999999995
-0.046900000000000004
-0.07185
-0.05876000000000001
0.0971
0.026070000000000003
-0.06101
-0.08215
-0.32363
-0.24517
-0.18183
-0.16041
-0.29735
-0.24344000000000002
-0.14031000000000002
-0.13892
0.04819
0.0010299999999999999
-0.02544
-0.02855
0.03444
0.07107000000000001
0.04873
-0.02406
-0.08396
0.06280999999999999
0.05285
0.08546
0.22262
0.21108000000000002
0.12268000000000001
0.19874
-0.050309999999999994
-0.13382
-0.050199999999999995
-0.015260000000000001
-0.0818
-0.12361000000000001
-0.04102
-0.01699
0.036520000000000004
-0.09293
-0.07171999999999999
-0.08436
0.054669999999999996
0.03069
-0.02062
-0.09608
-0.11991
-0.00779
-0.02582
-0.03734
-0.10868
0.043129999999999995
0.08349000000000001
0.20248999999999998
0.049210000000000004
-0.18239999999999998
-0.05061
-0.1409
-0.00618
0.09337999999999999
0.05377
0.01502
0.11064
0.17654
0.11553000000000001
0.11857
0.20178000000000001
0.17902
0.09079000000000001
0.05348
-0.14848
-0.05979
-0.02595
-0.02241
0.04638
0.14134
0.13114
0.15152
0.07246999999999999
0.02413
0.03198
-0.00449
-0.10992
0.01735
0.0572
0.07186
0.15499000000000002
0.15134
0.11689999999999999
0.13042
0.14926999999999999
0.26484
0.22607
0.30396
0.20826
0.05399
0.06809
0.11446999999999999
0.17986999999999997
0.07063
0.08196999999999999
0.06878999999999999
0.14912
0.12145
0.049429999999999995
0.02533
-0.04433
-0.06581000000000001
-0.07932
-0.11199999999999999
-0.34165
-0.25842
-0.15721
-0.10212
-0.02851
-0.07019
-0.04391
0.013309999999999999
-0.021429999999999998
-0.22209
-0.18337
-0.23863
-0.16129000000000002
-0.13391999999999998
-0.11734
-0.20811
-0.17483
-0.01517
-0.06456
-0.07064
-0.06608
-0.04455
-0.045570000000000006
-0.05303
-0.14568
-0.13769
-0.09187
-0.15549
-0.18715
-0.049089999999999995
-0.02479
0.0287
0.11058
-0.00851
-0.00758
0.0011
0.10381
0.01849
-0.02505
-0.11769
-0.04982
0.11096
0.04872
0.06359
0.13537000000000002
0.2259
0.1852
0.26095
0.29074
0.16643999999999998
0.14896
0.13141
0.19451000000000002
0.23714
0.16558
0.22442
0.12531
0.03457
0.06995
0.03753
-0.056900000000000006
0.05495
0.06312999999999999
0.085
0.06052
0.01798
0.013680000000000001
0.051840000000000004
-0.09708
-0.1734
-0.08528000000000001
-0.13451000000000002
-0.20101
-0.06723
-0.029289999999999997
-0.00498
-0.005
-0.08080999999999999
-0.053540000000000004
-0.09014
-0.01573
0.005430000000000001
0.00299
-0.032170000000000004
0.046130000000000004
0.10432999999999999
0.08129
0.06473
0.06045
0.15206
0.12023999999999999
0.1702
0.18555
0.03645
0.03633
-0.013349999999999999
0.06716
0.13124
0.06910999999999999
0.09443
0.17578
0.03065
-0.033530000000000004
-0.07844999999999999
-0.10696
-0.022330000000000003
-0.02161
-0.08564999999999999
-0.17393
0.08989000000000001
0.09945
0.16655999999999999
0.17309000000000002
0.13402
0.13829
0.19007000000000002
0.26319
0.15902
0.12633
0.19597
0.17692
0.12469
0.13841
0.20242000000000002
0.13912000000000002
-0.00946
0.02238
0.05627
0.10131
0.016890000000000002
0.0158
0.01983
-0.051980000000000005
-0.13354
-0.08654
-0.19393999999999997
-0.08735
0.09362999999999999
0.05696
0.11892
0.04335
-0.09322
-0.04096
-0.09949999999999999
-0.04691
0.0378
0.03501
-0.02528
0.08308
0.29602
0.22905
0.34607999999999994
0.32609
0.17565999999999998
0.16213999999999998
0.20595
0.0629
-0.10546
-0.03611
-0.11452
0.08574999999999999
0.18914
0.08960000000000001
0.10044
-0.0516
-0.01973
0.02854
0.04617
-0.0414
-0.02404
0.01593
0.0009299999999999999
-0.02993
-0.07179
-0.05988
-0.07110999999999999
-0.08445
-0.07150000000000001
-0.04423
-0.09647
-0.04348
0.01114
-0.03092
-0.03272
0.12966
0.08673
0.006979999999999999
-0.005580000000000001
0.01575
0.08231
0.06336
0.09205
0.10487
0.07964
0.03949
0.024849999999999997
-0.06373000000000001
-0.05904
-0.045739999999999996
0.01778
0.00089
-0.08799
-0.061790000000000005
-0.07483
-0.0373
-0.07161
-0.07357999999999999
-0.06523
0.00661
-0.01942
-0.054029999999999995
-0.0415
-0.19661
-0.18684
-0.11372
-0.13717000000000001
-0.14218999999999998
-0.09496
-0.07508
-0.08825
-0.00619
-0.00252
0.00431
0.01594
0.17413
0.1433
0.08695
0.02957
0.0204
0.11819
0.08329
0.10388
0.01226
0.02013
0.0301
0.0435
0.01072
-0.03965
-0.00538
-0.038849999999999996
0.00358
0.05695
0.02579
0.04445
0.08664999999999999
0.04776
0.04994
0.07066
0.19539
0.16870000000000002
0.09586
0.04341999999999999
-0.017230000000000002
0.13555999999999999
0.10103999999999999
0.16244
0.14372
0.08388
0.06724999999999999
0.08281000000000001
-0.08403000000000001
-0.09867000000000001
-0.037309999999999996
-0.06504
-0.00751
0.020139999999999998
-0.01747
-0.04826
-0.08878
0.01546
0.011859999999999999
0.01012
-0.11710000000000001
-0.02113
-0.00487
-0.02996
-0.10447
0.03186
0.04441
0.14793
0.16246
0.024940000000000004
0.03313
0.03214
-0.028220000000000002
-0.00882
0.0028399999999999996
0.02359
0.09408
-0.012509999999999999
-0.05044
-0.08837999999999999
-0.12677
-0.00782
0.00455
0.0241
-0.05306
0.01163
0.01626
0.04567
0.03242
-0.07112
-0.04341999999999999
-0.016730000000000002
-0.01464
-0.01264
0.020099999999999996
0.025310000000000003
0.1153
0.10264
0.06548
0.10061999999999999
0.14917999999999998
0.01893
-0.01989
-0.05624
-0.13157
-0.0547
-0.023330000000000004
-0.006
-0.09259
-0.05596
-0.02533
0.02161
0.01448
-0.16372
-0.12368
-0.12805999999999998
-0.11144
-0.13232
-0.09985
-0.15155
-0.06355000000000001
0.02442
0.0019500000000000001
0.026309999999999997
0.15888
0.07743
0.01652
-0.00715
-0.0852
-0.02114
0.009260000000000001
-0.00134
0.10955999999999999
0.15036
0.09457
0.13385999999999998
0.17517
0.08696999999999999
0.06958
0.13330999999999998
0.07615999999999999
-0.012159999999999999
0.005889999999999999
0.02472
0.05699
-0.01389
-0.01206
-0.02603
0.01629
0.06924999999999999
0.03705
0.07702
-0.12521000000000002
-0.15798
-0.06332
-0.09992000000000001
-0.07643
-0.03174
-0.03689
-0.06154
-0.04806
0.03243
0.02705
0.04468
-0.08632
-0.09403
-0.04485
-0.11156
-0.12697
0.01696
0.01954
0.043410000000000004
0.16186
0.12775999999999998
0.07054
0.06628
-0.08308
-0.03222
-0.00108
0.01742
-0.01348
-0.08345000000000001
-0.06884
-0.06297
-0.09259
-0.12808999999999998
-0.10737000000000001
-0.15866
-0.21853
-0.13811
-0.11314
-0.18994
-0.12150999999999999
0.01815
-0.01049
0.00508
0.06521
0.05958
0.04471
0.053
0.14538
0.20032
0.15349000000000002
0.14696
0.13385999999999998
0.17626999999999998
0.14944000000000002
0.2025
0.16579
0.11566000000000001
0.13363
0.18885000000000002
0.20326
0.07143
0.04899
0.03977
0.02396
0.00887
-0.0047599999999999995
-0.00267
-0.15166000000000002
-0.10598
-0.02817
-0.0076100000000000004
0.14254
0.10913
0.06719
0.040170000000000004
0.12697
0.15259
0.08741
0.09199
-0.06981
0.03326
0.06763
0.08471999999999999
-0.0010299999999999999
-0.028980000000000002
0.0072299999999999994
0.026619999999999998
0.013560000000000001
0.031059999999999997
0.01794
0.04915
-0.0375
-0.15006
-0.1035
-0.14346
-0.14668
-0.03938
-0.02191
-0.01773
-0.14154
-0.09612
-0.03903
-0.03998
0.07094
0.07594000000000001
0.046029999999999995
0.022629999999999997
-0.03288
0.04436
0.07126
0.13656000000000001
0.22558
0.14937
0.14482
0.17815
0.15216
0.03762
0.043899999999999995
0.032189999999999996
0.09698000000000001
0.07366
0.04019999999999999
0.00416
-0.04047
0.006750000000000001
0.01324
0.04791
0.15837
0.06894
0.024489999999999998
0.02411
-0.13378
-0.19926
-0.12974
-0.18789
-0.08865
0.03183
-0.00313
0.0005
-0.07676
-0.034249999999999996
-0.012190000000000001
0.045599999999999995
0.028220000000000002
-0.05075
-0.01719
-0.01921
0.059370000000000006
0.02313
0.02207
0.02758
0.12949
0.1435
0.09225
0.09507
0.01734
-0.06273
-0.05366
-0.08460000000000001
-0.14725
-0.06797
-0.05311
-0.06279
-0.07875
-0.08872
-0.06631000000000001
-0.09685
-0.00178
0.039599999999999996
-0.0023699999999999997
-0.00391
0.01431
0.02411
0.02105
0.02988
0.15435000000000001
0.22794
0.16628
0.20678999999999997
0.24972999999999998
0.21327000000000002
0.1617
0.20365
0.13063
0.10555999999999999
0.11356999999999999
0.13918
0.1074
0.07394
0.08045999999999999
0.15234999999999999
0.16335999999999998
0.056769999999999994
0.04736
0.05915
-0.06799000000000001
-0.09913
-0.06422
-0.08541
-0.13233
-0.07907
-0.06583
-0.053540000000000004
-0.01283
-0.05404
-0.06623
-0.04966
-0.13178
-0.12986
-0.08646000000000001
-0.11236
-0.16348
-0.0608
-0.022690000000000002
0.00053
0.10056
0.08227999999999999
0.05421
0.07141
-0.00881
0.00438
0.03855
0.06582
0.06573000000000001
-0.0036
0.00414
0.02213
-0.01433
-0.03909
0.00966
0.01282
0.10125999999999999
0.09423999999999999
0.06049
0.076
0.09794
0.02297
0.025160000000000002
0.05989
0.08342000000000001
-0.035089999999999996
-0.0066
-0.06643
-0.05221
0.06427
0.06543
0.07118000000000001
0.048780000000000004
0.05422
0.055119999999999995
0.07844999999999999
0.09132
0.025539999999999997
0.05011
0.0872
0.09501
-0.01764
-0.01229
-0.0647
-0.09255000000000001
-0.08523
-0.07400999999999999
-0.09956
-0.18664999999999998
-0.16855
-0.13616
-0.18594999999999998
-0.13265000000000002
-0.035390000000000005
-0.04099
-0.027360000000000002
0.0691
0.04775
0.01333
-0.02278
-0.10377
-0.02923
-0.00635
-0.0242
0.01463
0.03291
0.00361
-0.00553
0.09255000000000001
0.1595
0.0964
0.14548
0.09559
0.03769
0.02339
0.035089999999999996
-0.04729
-0.03765
0.015880000000000002
0.02403
0.10983000000000001
0.0673
0.01398
0.03964
-0.05361
-0.07021
-0.04137
-0.0040999999999999995
-0.12122999999999999
-0.20207999999999998
-0.13612
-0.16571000000000002
-0.14833
-0.055990000000000005
-0.017150000000000002
0.013919999999999998
0.11503999999999999
0.04616
0.01538
0.00262
0.04029
0.05418
0.03934
0.0337
-0.025470000000000003
0.00814
0.017
0.012629999999999999
0.014530000000000001
0.07156
0.0736
0.07852
0.04128999999999999
-0.03128
-0.03081
-0.08944
-0.08237
0.03262
0.02875
0.05716
-0.02255
-0.04621
-0.03644
-0.04708999999999999
-0.10152
-0.03293
-0.00776
0.023690000000000003
-0.0007199999999999999
-0.052919999999999995
-0.02758
-0.01855
0.033769999999999994
0.01564
0.022029999999999998
0.05037
0.05593
-0.05975
-0.04993
-0.09785
-0.0415
0.03506
0.012450000000000001
0.00507
-0.06856
-0.07835
-0.04652
-0.07334
0.00089
-0.00637
-0.01014
-0.013839999999999998
-0.02549
-0.098
-0.07759
-0.13961
-0.06263
0.05886
0.02522
0.04858
0.076
-0.03428
-0.04997
-0.08045
-0.0037099999999999998
0.02881
-0.007209999999999999
-0.03185
0.03275
0.04656
0.00599
-0.00039
0.05891
0.07124
0.02399
-0.0028699999999999997
-0.08862
-0.025840000000000002
-0.03744
-0.03065
-0.01927
0.02636
0.00754
0.00819
-0.04182
-0.03929
-0.04003
-0.03456
-0.08828
-0.03916
-0.02634
-0.00433
-0.06225
-0.07075000000000001
-0.04604
-0.03023
0.06663000000000001
0.08848
0.05327
0.06895
-0.02685
0.02377
0.04819
0.09011
0.1116
0.010369999999999999
0.01117
-0.024329999999999997
-0.08974
-0.05239
-0.040229999999999995
-0.046
-0.07257
-0.02659
-0.020419999999999997
-0.024380000000000002
-0.07549
-0.07273
-0.04492
-0.03567
0.02045
0.02061
0.00906
0.00513
0.06642
0.07052
0.047889999999999995
0.04496000000000001
0.09733
0.13137000000000001
0.07937
0.06564
-0.04294
0.015969999999999998
0.04074
0.08035
-0.01261
-0.03973
0.005
-0.004719999999999999
-0.06721
-0.039740000000000004
0.01088
0.03535
0.04134
0.02419
0.02561
0.04093
-0.00435
-0.06643
-0.03386
-0.055990000000000005
0.036019999999999996
0.07746
0.02649
0.020630000000000003
0.08503
0.0801
0.05177
0.05012
-0.057830000000000006
-0.00923
0.013500000000000002
-0.025920000000000002
-0.07484
0.014650000000000002
0.03159
0.03779
0.033780000000000004
0.06859
0.05639
0.04797
-0.02489
0.03383
0.06661
0.09548999999999999
0.14628
0.11630000000000001
0.08515
0.0987
0.04814
0.04571
0.05923
0.09523999999999999
0.11
0.07788
0.05899
0.06987
-0.00375
-0.018340000000000002
0.0027300000000000002
0.05504
0.05103
-0.06916
-0.03811
-0.05579
-0.018779999999999998
0.01833
0.02766
0.040670000000000005
0.13843
0.12624000000000002
0.07641
0.10504
0.025230000000000002
-0.01436
0.01757
0.02077
0.014990000000000002
-0.01804
-0.02713
-0.048310000000000006
-0.12826
-0.09515000000000001
-0.04968
-0.02418
0.0316
-0.03033
-0.028900000000000002
-0.02105
-0.03388
-0.05904
-0.02846
-0.01935
-0.04059
-0.03196
-0.00182
0.01016
-0.011770000000000001
-0.05264
-0.009210000000000001
0.014870000000000001
0.01089
-0.07095
-0.04427
-0.07378
-0.01657
-0.0368
-0.02817
-0.03371
0.10529999999999999
0.07495
0.03615
0.01833
0.08006
0.04317
0.00322
-0.03474
-0.04511999999999999
-0.00312
-0.02553
-0.06506
-0.1304
-0.02748
0.00155
0.00191
-0.05273
-0.00736
0.01745
0.0032
0.06027999999999999
0.07216
0.043949999999999996
0.03372
0.025019999999999997
0.06055
0.029689999999999998
0.016
-0.08718
-0.00586
0.01627
0.01443
0.0121
0.032780000000000004
0.01159
0.020870000000000003
0.00469
0.008060000000000001
0.01542
0.00109
-0.01052
0.05489
0.04332
0.08425
0.08667
0.031030000000000002
0.03163
0.05749
-0.00664
-0.0548
-0.0278
-0.0679
-0.04721
0.04888
0.046150000000000004
0.06895
0.11647
0.08188000000000001
0.07391
0.10314999999999999
0.13359
0.11546
0.11526
0.12622999999999998
0.18286000000000002
0.15136
0.10303000000000001
0.13461
0.10772999999999999
0.08035
0.08752
0.12311
0.09923
0.01787
0.02691
0.038849999999999996
0.01573
-0.021920000000000002
-8e-05
0.00449
-0.014910000000000001
-0.06027999999999999
-0.04019999999999999
-0.07338
-0.1108
-0.015969999999999998
0.00025
0.01222
-0.047619999999999996
-0.07876999999999999
-0.04594
-0.03688
-0.02185
-0.02062
0.004699999999999999
0.02402
0.00466
-0.060919999999999995
-0.031709999999999995
-0.06079
0.01072
0.03834
0.013819999999999999
0.05624
0.018000000000000002
-0.07708
-0.04247
-0.059320000000000005
-0.01371
-0.00037999999999999997
-0.00991
-0.02247
-0.05542
-0.10281000000000001
-0.07729
-0.1124
-0.10314999999999999
-0.022029999999999998
-0.00726
-0.009130000000000001
0.052000000000000005
0.029009999999999998
0.01027
0.00844
0.02222
0.04386999999999999
0.0383
0.05071
0.035699999999999996
0.00181
0.01614
0.03512
0.08181
0.045259999999999995
0.03143
0.02092
0.04381
-6e-05
-0.024460000000000003
-0.01816
-0.07444
-0.06918
-0.040350000000000004
-0.07615999999999999
-0.10583999999999999
-0.07371
-0.05464
-0.07181
0.012310000000000001
0.03529
-0.00197
0.01322
-0.10679999999999999
-0.15084
-0.09653
-0.11233
-0.046849999999999996
-0.02476
-0.03003
-0.046509999999999996
0.01474
0.056459999999999996
0.03257
0.04176
0.09358000000000001
0.0729
0.04306
0.02043
0.00918
0.020640000000000002
0.01928
0.0129
0.06968
0.07258
0.0356
0.03097
-0.08807000000000001
-0.0518
0.0005600000000000001
0.01702
0.09596
0.06608
0.04231
0.04823
0.09599
0.059829999999999994
0.04595
0.08813
0.13746
0.07525
0.051269999999999996
0.04881
0.015309999999999999
-0.014070000000000001
-0.019610000000000002
-0.023940000000000003
-0.037200000000000004
-0.03943
-0.03904
-0.05695
-0.07565000000000001
-0.05673
-0.03574
-0.05671
-0.059480000000000005
-0.0034200000000000003
-0.015149999999999999
-0.019110000000000002
-0.10626
-0.09311
-0.048470000000000006
-0.07039
-0.08667
-0.02357
-0.023530000000000002
-0.045720000000000004
-0.10597
-0.06274
-0.02511
-0.020339999999999997
0.02442
0.02207
0.0144
0.005560000000000001
-0.02949
-0.01371
0.0037099999999999998
-0.021509999999999998
0.02765
0.04659
0.02093
-0.01509
0.025459999999999997
0.06501
0.04179
0.040190000000000003
0.048339999999999994
0.0484
0.03325
-0.00724
0.005889999999999999
0.08564
0.058019999999999995
0.08659
0.06594
0.04965
0.041299999999999996
0.053099999999999994
0.052770000000000004
0.03008
0.01902
0.02625
0.07303
0.034780000000000005
0.00529
-0.01637
-0.06996000000000001
0.006979999999999999
0.02215
0.02268
-0.02165
0.01828
0.02336
0.025550000000000003
-0.011779999999999999
0.03968
0.04595
0.09025
0.054189999999999995
-0.02484
-0.01601
-0.014950000000000001
-0.08138999999999999
-0.10628
-0.07226
-0.08009000000000001
-0.02467
-0.0492
-0.067
-0.07634
-0.04901
-0.0208
-0.025470000000000003
-0.05756
-0.04939
0.02686
0.0057799999999999995
0.007980000000000001
-0.04579
-0.00521
0.02262
0.05444
0.068
0.00179
0.00876
-0.008
0.0347
0.07884000000000001
0.05298
0.10017
0.05848
-0.01269
0.01268
0.0194
0.07514
0.07753
0.06422
0.08724
0.10400999999999999
0.05644999999999999
0.03407
0.04533
-0.00428
-0.03606
-0.01024
-0.00506
-0.06915
-0.04309
-0.005430000000000001
-0.0015
0.039689999999999996
0.040940000000000004
0.03525
0.02405
0.012390000000000002
0.00817
0.00402
-0.03107
-0.05099
0.04452
0.04645
0.05158
0.01568
0.03198
0.03405
0.048949999999999994
0.015229999999999999
0.02445
0.04697
0.06582
0.047869999999999996
0.0105
0.023330000000000004
0.026779999999999998
0.06149
0.04257
0.04102
0.06334
0.07461999999999999
0.01455
0.01202
0.00302
-0.03061
-0.00641
0.01196
0.00994
0.02918
-0.005350000000000001
-0.00136
-0.00021
0.0495
0.036699999999999997
0.0341
0.04888
0.06715
-0.00366
-0.00842
-0.03537
-0.00135
0.01145
-0.01262
-0.01238
-0.06488000000000001
-0.07527
-0.05463
-0.07341
-0.047119999999999995
-0.023780000000000003
-0.01644
-0.040010000000000004
-0.057210000000000004
-0.00638
-0.00321
-0.01157
-0.03292
-0.01506
-0.00475
-0.04002
-0.03084
0.045110000000000004
0.03216
0.03142
0.08198
0.11408
0.07939
0.11611
0.08744999999999999
0.01771
0.03071
0.02762
0.0012900000000000001
0.015880000000000002
0.02282
0.015609999999999999
0.08930999999999999
0.08674
0.05503
0.06709999999999999
0.03028
0.03516
0.033639999999999996
0.05355000000000001
0.00625
-0.055830000000000005
-0.0227
-0.05773
-0.01919
0.03292
0.0111
-0.0023499999999999997
-0.01537
0.03494
0.040010000000000004
0.05718
0.05072
0.0298
0.025750000000000002
0.01361
0.01542
0.04333
0.03398
0.04524
0.02258
0.04548
0.04702
0.0414
-0.014950000000000001
0.01838
0.02511
0.03717
-0.01616
-0.04365
-0.0277
-0.04835
-0.13355
-0.07428
-0.04229
-0.04563
-0.06098
-0.04564
-0.03474
-0.053579999999999996
-0.06593
-0.0030399999999999997
-0.005520000000000001
0.02948
0.04232
-0.03993
-0.03765
-0.06787
-0.06419
-0.01472
-0.012960000000000001
-0.01877
-0.00781
0.01991
0.00882
0.028069999999999998
-0.01546
-0.04325999999999999
-0.02088
-0.01959
0.00037999999999999997
-0.0176
-0.01873
-0.0226
-0.00254
0.00783
0.01498
0.01942
0.07455
0.05395
0.03599
0.02872
0.05093
0.06122
0.04228
0.040979999999999996
0.03042
0.04154
0.03578
0.051500000000000004
0.08212
0.05955
0.051210000000000006
0.08518
0.06240999999999999
0.00169
0.01369
0.02989
0.03406
-0.02104
-0.00877
-0.01046
0.04003999999999999
0.0361
0.02863
0.03737
0.07145
0.07427
0.05366
0.07773
0.04796
-0.00419
0.00825
0.0023599999999999997
0.00298
-0.00955
-0.0049
-0.02145
-0.08176
-0.03603
-0.00359
-0.00248
0.06817999999999999
0.05082
0.03026
0.02817
0.00683
0.014199999999999999
0.014039999999999999
0.021640000000000003
-0.00017
-0.02621
-0.00874
-0.03408
-0.022090000000000002
0.013380000000000001
0.00786
0.020790000000000003
0.048010000000000004
0.0086
-0.00117
-0.0016
-0.03914
-0.05862
-0.032189999999999996
-0.04665
0.01537
0.03796
0.01871
0.03086
0.08243
0.04338
0.024860000000000004
0.021330000000000002
0.057999999999999996
0.03642
-0.00172
-0.009300000000000001
-0.03026
-0.043949999999999996
-0.03924
-0.05341
-0.07166
-0.03058
-0.021110000000000004
-0.03582
-0.03504
-0.0033
-0.0067800000000000004
-0.00441
0.01799
0.00607
-0.01087
-0.01447
-0.012549999999999999
0.015009999999999999
0.00904
0.034409999999999996
0.01476
-0.0034799999999999996
-0.00039
0.00179
0.00128
-0.03008
-0.028239999999999998
-0.04449
-0.06966
-0.04779
-0.03904
-0.04842
-0.04453
-0.01939
-0.020569999999999998
-0.0017100000000000001
0.00797
-0.02589
-0.0263
-0.03675
-0.05659
-0.025910000000000002
-0.01756
-0.02182
0.021
0.01718
0.0010299999999999999
-0.0051
0.02589
0.05339000000000001
0.0373
0.044509999999999994
-0.00113
5e-05
0.00017999999999999998
-0.015700000000000002
-0.046490000000000004
-0.012629999999999999
-0.00264
-0.00402
-0.03911
0.01073
0.01917
0.0337
0.022029999999999998
0.00598
0.01788
0.021869999999999997
-0.00867
-0.01026
-0.00489
-0.016040000000000002
-0.06035
-0.01318
0.00734
0.00764
0.03508
0.04244
0.02116
0.016739999999999998
-0.014690000000000002
0.015449999999999998
0.02001
0.04444
0.0007099999999999999
-0.04689
-0.01505
-0.043550000000000005
-0.01994
0.03979
0.0364
0.045860000000000005
0.042199999999999994
0.04053
0.030449999999999998
0.04392
0.01837
-0.02024
-0.009340000000000001
0.00068
0.006860000000000001
-0.03741
-0.04258
-0.05406
-0.06386
-0.05724
-0.04774
-0.04683
-0.05152
-0.06149
-0.056369999999999996
-0.07347000000000001
-0.09820000000000001
-0.06280999999999999
-0.04238
-0.042539999999999994
-0.052300000000000006
-0.02245
-0.00498
-0.00197
-0.00582
-0.00596
0.01291
-0.0047799999999999995
0.00618
0.03929
0.0246
0.02259
0.00838
0.01295
0.01541
0.01914
0.04441
0.03093
0.0168
0.00199
-0.00953
0.01353
0.0095
0.01702
0.03382
-0.0016200000000000001
-0.01091
-0.02275
-0.040220000000000006
-0.021320000000000002
-0.0143
-0.01203
-0.00885
0.00092
0.00297
0.00553
-0.00656
-0.00555
0.0022
-0.00078
0.00534
0.01202
0.00987
0.01087
0.0342
0.02505
0.01601
0.01921
0.033370000000000004
0.026000000000000002
0.01737
0.01455
0.0149
0.02053
0.01717
0.012509999999999999
0.00718
0.021339999999999998
0.01917
0.022000000000000002
0.015300000000000001
0.01435
0.01641
0.02054
0.01435
0.008159999999999999
0.01076
0.010409999999999999
0.005540000000000001
0.00213
0.00337
0.00244
0.0027500000000000003
0.0064600000000000005
0.00649
0.00509
0.00701
0.00875
0.0058
0.005889999999999999
0.0046
0.00313
0.00337
0.0014199999999999998
-0.00014000000000000001
0.00125
0.0010299999999999999
0.0012900000000000001
0.0014399999999999999
0.00077
0.00054
0.0005899999999999999
0.00094
0.00042
-6e-05
4e-05
0.00018999999999999998
0.00077
0.00061
0.00043
0.00024
0.00043
0.00041
0.00037999999999999997
0.00027
0.00016
0.0
0.0
0.0
0.0
0.0
0.0
0.0
0.0
0.0
0.0
0.0
0.0
0.0
0.0
0.0
0.0
0.0
0.0
0.0
0.0
0.0
0.0
0.0
0.0
0.0
0.0
0.0
0.0
0.0
0.0
0.0
0.0
0.0
0.0
0.0
0.0
0.0
0.0
0.0
0.0
0.0
0.0
0.0
0.0
0.0
0.0
0.0
0.0
0.0
0.0
0.0
0.0
0.0
0.0
0.0
0.0
0.0
0.0
0.0
0.0
0.0
0.0
0.0
0.0
0.0
0.0
0.0
0.0
0.0
0.0
0.0
0.0
0.0
0.0
0.0
0.0
0.0
0.0
0.0
0.0
0.0
0.0
0.0
0.0
0.0
0.0
0.0
0.0
0.0
0.0
0.0
0.0
0.0
0.0
0.0
0.0
0.0
0.0
0.0
0.0
0.0
0.0
0.0
0.0
0.0
0.0
0.0
0.0
0.0
0.0
0.0
0.0
0.0
0.0
0.0
0.0
0.0
0.0
0.0
0.0
0.0
0.0
0.0
0.0
0.0
0.0
0.0
0.0
0.0
0.0
0.0
0.0
0.0
0.0
0.0
0.0
0.0
0.0
0.0
0.0
0.0
0.0
0.0
0.0
0.0
0.0
0.0
0.0
0.0
0.0
0.0
0.0
0.0
0.0
0.0
0.0
0.0
0.0
0.0
0.0
0.0
0.0
0.0
0.0
0.0
0.0
0.0
0.0
0.0
0.0
0.0
0.0
0.0
0.0
0.0
0.0
0.0
0.0
0.0
0.0
0.0
0.0
0.0
0.0
0.0
0.0
0.0
0.0
0.0
0.0
0.0
0.0
0.0
0.0
0.0
0.0
0.0
0.0
0.0
0.0
0.0
0.0
0.0
0.0
0.0
0.0
0.0
0.0
0.0
0.0
0.0
0.0
0.0
0.0
0.0
0.0
0.0
0.0
0.0
0.0
0.0
0.0
0.0
0.0
0.0
0.0
0.0
0.0
0.0
0.0
0.0
0.0
0.0
0.0
0.0
0.0
0.0
0.0
0.0
0.0
0.0
0.0
0.0
0.0
0.0
0.0
0.0
0.0
0.0
0.0
0.0
0.0
0.0
0.0
0.0
0.0
0.0
0.0
0.0
0.0
0.0
0.0
0.0
0.0
0.0
0.0
0.0
0.0
0.0
0.0
0.0
0.0
0.0
0.0
0.0
0.0
0.0
0.0
0.0
0.0
0.0
0.0
0.0
0.0
0.0
0.0
0.0
0.0
0.0
0.0
0.0
0.0
0.0
0.0
0.0
0.0
0.0
0.0
0.0
0.0
0.0
0.0
0.0
0.0
0.0
0.0
0.0
0.0
0.0
0.0
0.0
0.0
0.0
0.0
0.0
0.0
0.0
0.0
0.0
0.0
0.0
0.0
0.0
0.0
0.0
0.0
0.0
0.0
0.0
0.0
0.0
0.0
0.0
0.0
0.0
0.0
0.0
0.0
0.0
0.0
0.0
0.0
0.0
0.0
0.0
0.0
0.0
0.0
0.0
0.0
0.0
0.0
0.0
0.0
0.0
0.0
0.0
0.0
0.0
0.0
0.0
0.0
0.0
0.0
0.0
0.0
0.0
0.0
0.0
0.0
0.0
0.0
0.0
0.0
0.0
0.0
0.0
0.0
0.0
0.0
0.0
0.0
0.0
0.0
0.0
0.0
0.0
0.0
0.0
0.0
0.0
0.0
0.0
0.0
0.0
0.0
0.0
0.0
0.0
0.0
0.0
0.0
0.0
0.0
0.0
0.0
0.0
0.0
0.0
0.0
0.0
0.0
0.0
0.0
0.0
0.0
0.0
0.0
0.0
0.0
0.0
0.0
0.0
0.0
0.0
0.0
0.0
0.0
0.0
0.0
0.0
0.0
0.0
0.0
0.0
0.0
0.0
0.0
0.0
0.0
0.0
0.0
0.0
0.0
0.0
0.0
0.0
0.0
0.0
0.0
0.0
0.0
0.0
0.0
0.0
0.0
0.0
0.0
0.0
0.0
0.0
0.0
0.0
0.0
0.0
0.0
0.0
0.0
0.0
0.0
0.0
0.0
0.0
0.0
0.0
0.0
0.0
0.0
0.0
0.0
0.0
0.0
0.0
0.0
0.0
0.0
0.0
0.0
0.0
0.0
0.0
0.0
0.0
0.0
0.0
0.0
0.0
0.0
0.0
0.0
0.0
0.0
0.0
0.0
0.0
0.0
0.0
0.0
0.0
0.0
0.0
0.0
0.0
0.0
0.0
0.0
0.0
0.0
0.0
0.0
0.0
0.0
0.0
0.0
0.0
0.0
0.0
0.0
0.0
0.0
0.0
0.0
0.0
0.0
0.0
0.0
0.0
0.0
0.0
0.0
0.0
0.0
0.0
0.0
0.0
0.0
0.0
0.0
0.0
0.0
0.0
0.0
0.0
0.0
0.0
0.0
0.0
0.0
0.0
0.0
0.0
0.0
0.0
0.0
0.0
0.0
0.0
0.0
0.0
0.0
0.0
0.0
0.0
0.0
0.0
0.0
0.0
0.0
0.0
0.0
0.0
0.0
0.0
0.0
0.0
0.0
0.0
0.0
0.0
0.0
0.0
0.0
0.0
0.0
0.0
0.0
0.0
0.0
0.0
0.0
0.0
0.0
0.0
0.0
0.0
0.0
0.0
0.0
0.0
0.0
0.0
0.0
0.0
0.0
0.0
0.0
0.0
0.0
0.0
0.0
0.0
0.0
0.0
0.0
0.0
0.0
0.0
0.0
0.0
0.0
0.0
0.0
0.0
0.0
0.0
0.0
0.0
0.0
0.0
0.0
0.0
0.0
0.0
0.0
0.0
0.0
0.0
0.0
0.0
0.0
0.0
0.0
0.0
0.0
0.0
0.0
0.0
0.0
0.0
0.0
0.0
0.0
0.0
0.0
0.0
0.0
0.0
0.0
0.0
0.0
0.0
0.0
0.0
0.0
0.0
0.0
0.0
0.0
0.0
0.0
0.0
0.0
0.0
0.0
0.0
0.0
0.0
0.0
0.0
0.0
0.0
0.0
0.0
0.0
0.0
0.0
0.0
0.0
0.0
0.0
0.0
0.0
0.0
0.0
0.0
0.0
0.0
0.0
0.0
0.0
0.0
0.0
0.0
0.0
0.0
0.0
0.0
0.0
0.0
0.0
0.0
0.0
0.0
0.0
0.0
0.0
0.0
0.0
0.0
0.0
0.0
0.0
0.0
0.0
0.0
0.0
0.0
0.0
0.0
0.0
0.0
0.0
0.0
0.0
0.0
0.0
0.0
0.0
0.0
0.0
0.0
0.0
0.0
0.0
0.0
0.0
0.0
0.0
0.0
0.0
0.0
0.0
0.0
0.0
0.0
0.0
0.0
0.0
0.0
0.0
0.0
0.0
0.0
0.0
0.0
0.0
0.0
0.0
0.0
0.0
0.0
0.0
0.0
0.0
0.0
0.0
0.0
0.0
0.0
0.0
0.0
0.0
0.0
0.0
0.0
0.0
0.0
0.0
0.0
0.0
0.0
0.0
0.0
0.0
0.0
0.0
0.0
0.0
0.0
0.0
0.0
0.0
0.0
0.0
0.0
0.0
0.0
0.0
0.0
0.0
0.0
0.0
0.0
0.0
0.0
0.0
0.0
0.0
0.0
0.0
0.0
0.0
0.0
0.0
0.0
0.0
0.0
0.0
0.0
0.0
0.0
0.0
0.0
0.0
0.0
0.0
0.0
0.0
0.0
0.0
0.0
0.0
0.0
0.0
0.0
0.0
0.0
0.0
0.0
0.0
0.0
0.0
0.0
0.0
0.0
0.0
0.0
0.0
0.0
0.0
0.0
0.0
0.0
0.0
0.0
0.0
0.0
0.0
0.0
0.0
0.0
0.0
0.0
0.0
0.0
0.0
0.0
0.0
0.0
0.0
0.0
0.0
0.0
0.0
0.0
0.0
0.0
0.0
0.0
0.0
0.0
0.0
0.0
0.0
0.0
0.0
0.0
0.0
0.0
0.0
0.0
0.0
0.0
0.0
0.0
0.0
0.0
0.0
0.0
0.0
0.0
0.0
0.0
0.0
0.0
0.0
0.0
0.0
0.0
0.0
0.0
0.0
0.0
0.0
0.0
0.0
0.0
0.0
0.0
0.0
0.0
0.0
0.0
0.0
0.0
0.0
0.0
0.0
0.0
0.0
0.0
0.0
0.0
0.0
0.0
0.0
0.0
0.0
0.0
0.0
0.0
0.0
0.0
0.0
0.0
0.0
0.0
0.0
0.0
0.0
0.0
0.0
0.0
0.0
0.0
0.0
0.0
0.0
0.0
0.0
0.0
0.0
0.0
0.0
0.0
0.0
0.0
0.0
0.0
0.0
0.0
0.0
0.0
0.0
0.0
0.0
0.0
0.0
0.0
0.0
0.0
0.0
0.0
0.0
0.0
0.0
0.0
0.0
0.0
0.0
0.0
0.0
0.0
0.0
0.0
0.0
0.0
0.0
0.0
0.0
0.0
0.0
0.0
0.0
0.0
0.0
0.0
0.0
0.0
0.0
0.0
0.0
0.0
0.0
0.0
0.0
0.0
0.0
0.0
0.0
0.0
0.0
0.0
0.0
0.0
0.0
0.0
0.0
0.0
0.0
0.0
0.0
0.0
0.0
0.0
0.0
0.0
0.0
0.0
0.0
0.0
0.0
0.0
0.0
0.0
0.0
0.0
0.0
0.0
0.0
0.0
0.0
0.0
0.0
0.0
0.0
0.0
0.0
0.0
0.0
0.0
0.0
0.0
0.0
0.0
0.0
0.0
0.0
0.0
0.0
0.0
0.0
0.0
0.0
0.0
0.0
0.0
0.0
0.0
0.0
0.0
0.0
0.0
0.0
0.0
0.0
0.0
0.0
0.0
0.0
0.0
0.0
0.0
0.0
0.0
0.0
0.0
0.0
0.0
0.0
0.0
0.0
0.0
0.0
0.0
0.0
0.0
0.0
0.0
0.0
0.0
0.0
0.0
0.0
0.0
0.0
0.0
0.0
0.0
0.0
0.0
0.0
0.0
0.0
0.0
0.0
0.0
0.0
0.0
0.0
0.0
0.0
0.0
0.0
0.0
0.0
0.0
0.0
0.0
0.0
0.0
0.0
0.0
0.0
0.0
0.0
0.0
0.0
0.0
0.0
0.0
0.0
0.0
0.0
0.0
0.0
0.0
0.0
0.0
0.0
0.0
0.0
0.0
0.0
0.0
0.0
0.0
0.0
0.0
0.0
0.0
0.0
0.0
0.0
0.0
0.0
0.0
0.0
0.0
0.0
0.0
0.0
0.0
0.0
0.0
0.0
0.0
0.0
0.0
0.0
0.0
0.0
0.0
0.0
0.0
0.0
0.0
0.0
0.0
0.0
0.0
0.0
0.0
0.0
0.0
0.0
0.0
0.0
0.0
0.0
0.0
0.0
0.0
0.0
0.0
0.0
0.0
0.0
0.0
0.0
0.0
0.0
0.0
0.0
0.0
0.0
0.0
0.0
0.0
0.0
0.0
0.0
0.0
0.0
0.0
0.0
0.0
0.0
0.0
0.0
0.0
0.0
0.0
0.0
0.0
0.0
0.0
0.0
0.0
0.0
0.0
0.0
0.0
0.0
0.0
0.0
0.0
0.0
0.0
0.0
0.0
0.0
0.0
0.0
0.0
0.0
0.0
0.0
0.0
0.0
0.0
0.0
0.0
0.0
0.0
0.0
0.0
0.0
0.0
0.0
0.0
0.0
0.0
0.0
0.0
0.0
0.0
0.0
0.0
0.0
0.0
0.0
0.0
0.0
0.0
0.0
0.0
0.0
0.0
0.0
0.0
0.0
0.0
0.0
0.0
0.0
0.0
0.0
0.0
0.0
0.0
0.0
0.0
0.0
0.0
0.0
0.0
0.0
0.0
0.0
0.0
0.0
0.0
0.0
0.0
0.0
0.0
0.0
0.0
0.0
0.0
0.0
0.0
0.0
0.0
0.0
0.0
0.0
0.0
0.0
0.0
0.0
0.0
0.0
0.0
0.0
0.0
0.0
0.0
0.0
0.0
0.0
0.0
0.0
0.0
0.0
0.0
0.0
0.0
0.0
0.0
0.0
0.0
0.0
0.0
0.0
0.0
0.0
0.0
0.0
0.0
0.0
0.0
0.0
0.0
0.0
0.0
0.0
0.0
0.0
0.0
0.0
0.0
0.0
0.0
0.0
0.0
0.0
0.0
0.0
0.0
0.0
0.0
0.0
0.0
0.0
0.0
0.0
0.0
0.0
0.0
0.0
0.0
0.0
0.0
0.0
0.0
0.0
0.0
0.0
0.0
0.0
0.0
0.0
0.0
0.0
0.0
0.0
0.0
0.0
0.0
0.0
0.0
0.0
0.0
0.0
0.0
0.0
0.0
0.0
0.0
0.0
0.0
0.0
0.0
0.0
0.0
0.0
0.0
0.0
0.0
0.0
0.0
0.0
0.0
0.0
0.0
0.0
0.0
0.0
0.0
0.0
0.0
0.0
0.0
0.0
0.0
0.0
0.0
0.0
0.0
0.0
0.0
0.0
0.0
0.0
0.0
0.0
0.0
0.0
0.0
0.0
0.0
0.0
0.0
0.0
0.0
0.0
0.0
0.0
0.0
0.0
0.0
0.0
0.0
0.0
0.0
0.0
0.0
0.0
0.0
0.0
0.0
0.0
0.0
0.0
0.0
0.0
0.0
0.0
0.0
0.0
0.0
0.0
0.0
0.0
0.0
0.0
0.0
0.0
0.0
0.0
0.0
0.0
0.0
0.0
0.0
0.0
0.0
0.0
0.0
0.0
0.0
0.0
0.0
0.0
0.0
0.0
0.0
0.0
0.0
0.0
0.0
0.0
0.0
0.0
0.0
0.0
0.0
0.0
0.0
0.0
0.0
0.0
0.0
0.0
0.0
0.0
0.0
0.0
0.0
0.0
0.0
0.0
0.0
0.0
0.0
0.0
0.0
0.0
0.0
0.0
0.0
0.0
0.0
0.0
0.0
0.0
0.0
0.0
0.0
0.0
0.0
0.0
0.0
0.0
0.0
0.0
0.0
0.0
0.0
0.0
0.0
0.0
0.0
0.0
0.0
0.0
0.0
0.0
0.0
0.0
0.0
0.0
0.0
0.0
0.0
0.0
0.0
0.0
0.0
0.0
0.0
0.0
0.0
0.0
0.0
0.0
0.0
0.0
0.0
0.0
0.0
0.0
0.0
0.0
0.0
0.0
0.0
0.0
0.0
0.0
0.0
0.0
0.0
0.0
0.0
0.0
0.0
0.0
0.0
0.0
0.0
0.0
0.0
0.0
0.0
0.0
0.0
0.0
0.0
0.0
0.0
0.0
0.0
0.0
0.0
0.0
0.0
0.0
0.0
0.0
0.0
0.0
0.0
0.0
0.0
0.0
0.0
0.0
0.0
0.0
0.0
0.0
0.0
0.0
0.0
0.0
0.0
0.0
0.0
0.0
0.0
0.0
0.0
0.0
0.0
0.0
0.0
0.0
0.0
0.0
0.0
0.0
0.0
0.0
0.0
0.0
0.0
0.0
0.0
0.0
0.0
0.0
0.0
0.0
0.0
0.0
0.0
0.0
0.0
0.0
0.0
0.0
0.0
0.0
0.0
0.0
0.0
0.0
0.0
0.0
0.0
0.0
0.0
0.0
0.0
0.0
0.0
0.0
0.0
0.0
0.0
0.0
0.0
0.0
0.0
0.0
0.0
0.0
0.0
0.0
0.0
0.0
0.0
0.0
0.0
0.0
0.0
0.0
0.0
0.0
0.0
0.0
0.0
0.0
0.0
0.0
0.0
0.0
0.0
0.0
0.0
0.0
0.0
0.0
0.0
0.0
0.0
0.0
0.0
0.0
0.0
0.0
0.0
0.0
0.0
0.0
0.0
0.0
0.0
0.0
0.0
0.0
0.0
0.0
0.0
0.0
0.0
0.0
0.0
0.0
0.0
0.0
0.0
0.0
0.0
0.0
0.0
0.0
0.0
0.0
0.0
