-0.0
-0.00010999999999999999
-0.00010999999999999999
-0.00014000000000000001
-0.00010999999999999999
-0.00010999999999999999
-8e-05
-0.0001
-0.00010999999999999999
-4e-05
-2e-05
-4e-05
0.00017
-0.0001
-0.00018999999999999998
-0.00045
-0.00013
-0.00018999999999999998
-0.0008500000000000001
-0.00015
-0.00021
-0.0015199999999999999
-0.00021999999999999998
-0.00021
-0.0020399999999999997
-0.00025
-0.00023
-0.00255
-0.00045
-0.00031
-0.0024
-0.00122
-0.0005099999999999999
-0.00201
-0.00159
-0.00063
-0.0018599999999999999
-0.0017100000000000001
-0.00105
-0.00193
-0.00244
-0.00154
-0.0029
-0.00374
-0.00208
-0.0040100000000000005
-0.007189999999999999
-0.00547
-0.00695
-0.00454
-0.00414
-0.0054
-0.00344
-0.00496
-0.005679999999999999
-0.00418
-0.00588
-0.00888
-0.0046700000000000005
-0.00442
-0.00741
-0.00424
-0.005430000000000001
-0.0078000000000000005
-0.005540000000000001
-0.00793
-0.01288
-0.00637
-0.00668
-0.01571
-0.01042
-0.006710000000000001
-0.01746
-0.00609
-0.00411
-0.00781
-0.01095
-0.00835
-0.01711
-0.021
-0.00842
-0.00877
-0.02262
-0.01536
-0.01172
-0.0137
-0.02206
-0.017079999999999998
-0.02322
-0.0241
-0.01949
-0.02783
-0.02537
0.00063
-0.00271
-0.01061
-0.0207
-0.0316
-0.00984
-0.01106
-0.02988
-0.02475
-0.0066300000000000005
-0.017669999999999998
-0.025699999999999997
-0.03701
-0.02229
-0.01867
-0.01525
-0.03041
0.00068
0.01224
0.03512
0.02176
0.00134
0.00331
0.02698
0.016
-0.01976
-0.01602
-0.02767
0.01539
0.01529
0.00506
-0.01603
-0.03466
-0.024929999999999997
-0.02541
-0.040350000000000004
-0.055810000000000005
-0.04926
-0.03949
-0.05405
-0.03175
0.00685
-0.00248
0.00557
0.02842
0.06363
0.04034
0.04859
0.03583
-0.0059
-0.00866
-0.01276
-0.05027
-0.039060000000000004
-0.0091
-0.01932
-0.03945
0.011359999999999999
0.0028699999999999997
0.0059099999999999995
0.02092
0.026840000000000003
0.01024
0.00097
0.05395
0.04697
0.02
0.00178
0.00887
0.06319
0.03622
0.0791
0.01564
-0.024860000000000004
-0.023700000000000002
0.00122
-0.04104
-0.06923
-0.017509999999999998
0.010029999999999999
0.07628
0.00386
0.02896
0.01452
0.06972
0.048179999999999994
0.04325999999999999
0.03804
0.10035999999999999
0.06304
0.025939999999999998
-0.017689999999999997
-0.00209
0.06138
0.02589
0.03392
0.052969999999999996
0.00762
-0.00971
-0.03914
0.02321
0.06387
0.011240000000000002
0.06095
0.00528
0.010169999999999998
0.01649
0.07256
-0.00374
-0.02141
0.01458
0.05411
0.0374
-0.0070599999999999994
0.0077
0.00968
-0.04238
-0.09738
-0.06629
-0.10076
-0.14859999999999998
-0.12588
-0.09055999999999999
-0.11743
-0.12611
-0.06991
-0.054580000000000004
-0.04887
0.08642
0.00418
-0.03993
-0.06803
-0.10067999999999999
0.01543
0.02658
0.050730000000000004
0.1288
0.06787
0.05066
0.03871
0.01264
0.041769999999999995
0.04032
-0.0002
-0.021480000000000003
0.15611
0.13568
0.19267
0.19404
0.10552
0.10183999999999999
0.1054
0.20079
0.12992
0.06096
0.12132
-0.0017699999999999999
-0.08953
-0.04978
-0.0726
-0.05669
0.03097
0.02897
0.058390000000000004
0.06266
0.04492
0.055099999999999996
0.09949999999999999
0.19381
0.06361
0.050469999999999994
0.02698
-0.10169
-0.00269
0.01068
0.031059999999999997
-0.09916
-0.07989
-0.00752
-0.01735
0.16013000000000002
0.044180000000000004
-0.02474
-0.051719999999999995
-0.14936
-0.07055
-0.04928
-0.058070000000000004
-0.00947
0.03592
-0.00316
0.08769
0.01781
-0.11602
-0.06003
-0.03935
0.046239999999999996
-0.10814
-0.0932
-0.16765
-0.11243
-0.033319999999999995
-0.02994
-0.07692
-0.06404
0.08121
0.040119999999999996
0.05558
-0.16123
-0.033620000000000004
0.025259999999999998
0.07676999999999999
0.20382
0.09973000000000001
0.06536
0.06158
0.14785
0.10152
0.03869
0.08654999999999999
-0.17546
-0.25826
-0.16216
-0.20829
-0.30613
-0.27909
-0.15394
-0.23457999999999998
0.10339999999999999
0.17079999999999998
0.06552
0.06868
0.28992999999999997
0.25831
0.14083
0.19292
0.04166
-0.09559
-0.05799000000000001
-0.11439
-0.0467
0.06049
0.031920000000000004
0.10544
0.25128
0.07975
0.00701
-0.09914999999999999
-0.24309999999999998
0.02839
0.01913
0.03258
0.12683999999999998
0.21667999999999998
0.10833999999999999
0.14079
-0.15058
0.09751
0.10092000000000001
0.2028
0.13961
-0.03028
-0.030670000000000003
-0.08057
-0.1007
0.15793
0.08216
0.22235
0.19818000000000002
0.13757999999999998
0.11404
0.18471
0.07872
0.06468
0.09413
0.17562999999999998
-0.057679999999999995
0.04418999999999999
0.09058
0.23116
0.11849
-0.08685000000000001
0.02912
0.16042
0.24375
-0.19728
-0.0886
-0.18303999999999998
-0.23
-0.16422
-0.09311
-0.03543
0.1505
-0.20285
-0.12756
-0.24800999999999998
0.14787
0.12215
0.01982
-0.12936
-0.21555
0.19296
0.09058
0.22324000000000002
-0.013500000000000002
-0.22725
-0.08990000000000001
-0.16768999999999998
-0.10375
-0.09343
-0.05585
-0.0673
0.10302
0.12608
0.0407
0.09544000000000001
-0.12875999999999999
-0.18154
-0.09129
-0.06593
0.21747
-0.03359
-0.02933
-0.02492
0.33412
0.09718
-0.02239
-0.15786
-0.12474
0.16659
0.02352
0.01126
-0.18398
0.04747
-0.01646
0.07063
-0.36555
-0.27059
-0.16286
-0.20725000000000002
-0.25163
-0.04352
-0.10966
-0.12603
-0.36051
-0.098
-0.10703
-0.13308
-0.65103
-0.14468
-0.09751
0.02366
-0.27516999999999997
-0.13678
-0.04415
0.10487
0.06829
-0.14969
-0.07244
0.05608
0.10744
-0.25887
-0.19125
-0.20308
-0.03252
-0.05987
-0.051050000000000005
-0.09586
0.09271000000000001
0.32439999999999997
0.16818999999999998
0.21691
-0.25294
-0.19012
-0.02638
0.042960000000000005
-0.38115000000000004
-0.24509
-0.0204
-0.08256000000000001
0.053520000000000005
0.14422000000000001
0.06573999999999999
-0.00553
-0.2066
0.24100000000000002
0.16580999999999999
0.35287
0.0013700000000000001
-0.23146999999999998
-0.09480000000000001
-0.14731
0.16312000000000001
0.18922999999999998
0.06373999999999999
0.14513
-0.24037
-0.00544
0.09094
0.14969
-0.34069000000000005
0.01794
0.19701000000000002
0.45581000000000005
0.2225
-0.11446999999999999
0.19211999999999999
0.25346
0.58053
0.20088999999999999
0.15356999999999998
0.020950000000000003
-0.57294
-0.36621000000000004
-0.17684999999999998
-0.2402
-0.17576
-0.05024
0.041929999999999995
-0.02811
0.27744
0.50579
0.37338
0.66291
0.46398000000000006
-0.01401
0.17451
0.07185
-0.27638999999999997
-0.21653
-0.06636
-0.17113
-0.33112
0.04678
0.05234
0.17674
-0.13295
-0.37033
-0.11821
-0.37079
0.29946
0.45555999999999996
0.19472
0.19987
-0.12773
0.010740000000000001
0.02487
0.11462
-0.5135799999999999
-0.37005000000000005
-0.052969999999999996
0.19629000000000002
-0.06934
-0.68048
-0.33564
-0.44372
-0.26367999999999997
-0.8004000000000001
-0.5694899999999999
-1.01994
-0.47117
-0.13107
-0.25725000000000003
-0.64763
-0.17452
0.41226
0.12899
0.00067
-0.38551
0.09106
0.03689
-0.07978
-0.26484
0.3378
0.32297
0.6076
0.5037400000000001
0.056369999999999996
0.17453
0.029660000000000002
0.28010999999999997
0.2789
0.15899
0.16451000000000002
0.65532
0.26295
-0.014419999999999999
-0.30111
-0.29529
0.08739000000000001
-0.12891
-0.14859
-0.19821999999999998
0.09073
-0.096
0.11002
-0.24288
-0.55253
-0.34982
-0.31919000000000003
-0.01702
-0.10063000000000001
-0.25768
-0.35207
-1.0314
-0.46391
-0.2458
-0.15567999999999999
0.11137999999999999
0.18736
0.09696999999999999
0.20626
-0.04563
-0.66365
-0.51257
-0.9146599999999999
-0.17895
0.36733
-0.08045
-0.10362
-0.46335
0.01261
-0.0864
0.07465
0.61116
0.7514700000000001
0.4086
0.73086
0.75646
0.40372
0.09672
0.21533000000000002
-0.36523000000000005
0.19487
0.17184000000000002
0.55838
-0.25578
-0.16466999999999998
0.03117
0.31973
-0.61525
-0.43874
-0.09048
0.12132
-0.31389
-0.37931
-0.048799999999999996
0.22244
0.5844
0.22085000000000002
0.29809
0.57569
0.7193600000000001
-0.028159999999999998
0.010360000000000001
-0.13095
-0.12568
0.33645
0.22675
0.5093099999999999
-0.011810000000000001
-0.50326
-0.16643
-0.23440000000000003
-0.7812600000000001
-0.47378
-0.14212
0.10857
-0.01027
-0.54964
-0.10989
-0.11555
0.7119199999999999
0.62891
0.49522
0.90631
0.3782
-0.48202
0.05973
-0.0271
1.43262
0.8580599999999999
0.5942000000000001
0.52737
0.61732
0.12859
-0.09948
-0.62408
-1.3867599999999998
-0.26466
-0.20143
-0.28526
-1.0404900000000001
0.04759
0.11846
0.59888
-0.006939999999999999
-0.46554
-0.03249
0.23271
0.45094
-0.16004000000000002
-0.044349999999999994
0.34082
0.38689
-0.77362
-0.3486
-0.71333
0.1518
0.08152
-0.15930999999999998
-0.37478
-0.684
-0.15612
0.02461
-0.29126
0.38104999999999994
1.05368
0.57759
0.82013
0.29196
0.38374
0.29688
0.71608
-0.13141999999999998
-0.44577
-0.13095
0.16333999999999999
0.03225
-0.7138899999999999
-0.41544
-0.29018
-0.08281000000000001
-1.08457
-0.7936799999999999
-0.99367
-1.1304
-0.67435
-0.41356000000000004
-0.25795999999999997
-0.38353000000000004
-1.2865700000000002
-0.80155
-1.4230500000000001
-0.35951
-0.05408
-0.22164999999999999
-0.36807
0.17039
0.26976
0.13687
0.058499999999999996
0.9836400000000001
0.7548
0.28466
0.4677
-0.06904
-0.37847000000000003
-0.22627
-0.05122
-0.41877000000000003
-0.57785
-0.18971
0.04593
0.71718
-0.69771
-0.52471
-1.03609
-0.15478
0.26486
-0.11721
-0.31457999999999997
-0.58445
0.2314
0.07178
0.01935
-0.25525
0.27645
0.09132
0.03968
-0.68684
-0.025859999999999998
-0.06631000000000001
0.37826
-0.22966999999999999
-0.62798
-0.35212000000000004
-0.33877
-0.87446
-0.7738200000000001
-0.47033
-0.43706
-0.19071000000000002
0.14202
0.12701
0.43209000000000003
0.46987
-0.16638000000000003
-0.00612
-0.15523
0.4462
0.39131
0.15378
0.04632
-0.64236
-0.2165
-0.21117999999999998
0.0892
-0.49652
-0.7855200000000001
-0.3064
-0.44749
-0.17167000000000002
-0.10099
-0.0235
-0.07400000000000001
0.7351000000000001
0.88503
0.61744
0.9987699999999999
1.20407
0.40558999999999995
0.31829999999999997
0.31661
0.10475
0.2371
0.25849
0.41578000000000004
0.07039
-0.10948000000000001
0.21100000000000002
0.29539000000000004
0.98128
0.6128399999999999
0.38805999999999996
0.5988
0.06343
-0.49517000000000005
-0.20742000000000002
-0.3105
-0.43963
-0.11071
-0.03793
0.1487
-0.71866
-0.8856
-0.38412999999999997
-0.33468000000000003
-0.04414
-0.62453
-0.30085
-0.58587
-0.22638000000000003
0.11704
0.14882
0.37134999999999996
1.03099
0.44219
0.37084000000000006
0.59073
-0.30892
-0.94364
-0.34393999999999997
-0.66239
0.06645
-0.04026
0.05799000000000001
-0.19874
0.39084
0.4493
0.16253
0.2754
-0.6268
-1.18578
-0.71367
-1.31898
-1.3355000000000001
-0.76766
-0.7551300000000001
-0.97509
-1.50718
-0.8575
-0.47531999999999996
-0.6753
0.7192799999999999
0.37218
0.09631
-0.08804000000000001
0.46415999999999996
1.0095399999999999
0.50033
0.50146
-0.46184
-0.03357
0.08224000000000001
-0.20176
-0.4324
0.72746
0.53394
0.95782
0.61249
-0.03161
0.17196
-0.03476
0.3814
0.6071
0.20376999999999998
0.46043
-0.29399000000000003
-0.737
-0.40314999999999995
-0.60831
-0.94144
-0.06817999999999999
-0.00083
0.28678000000000003
-0.16965
-0.99721
-0.59303
-1.1510500000000001
-0.37881
0.35706000000000004
0.22009
0.12746000000000002
-0.11101000000000001
0.61149
0.38669
0.5668
-0.17073
-0.40784
-0.17007999999999998
-0.07888
-0.22300999999999999
-0.7696299999999999
-0.54616
-0.57182
-0.054909999999999994
-0.91711
-0.73374
-1.23221
-1.0531
-0.65863
-0.61662
-1.1223
-0.9768600000000001
0.05043
-0.05769
0.014690000000000002
0.87912
0.59231
0.32787
0.26521
0.7574299999999999
0.58873
0.34434
0.0794
0.49759
1.14829
0.59543
1.06355
0.6602
0.32987
0.32492
0.6766500000000001
0.29483
-0.16817000000000001
0.0637
-0.051399999999999994
0.29712
0.22323
0.06306
0.00295
-1.0094400000000001
-0.67463
-0.52213
-0.90334
-1.26162
-0.42164
-0.29089
-0.27724
-0.07517
0.43593000000000004
0.15441000000000002
0.56116
0.0911
-0.55472
-0.22081
-0.20084
1.28889
0.41944000000000004
0.08161
0.033159999999999995
-0.15599
0.33049
0.33493
0.52862
0.72301
0.52844
0.37765
0.45378
-0.56584
-0.604
-0.17873
-0.61151
-0.11613
0.60258
0.32671999999999995
0.18908000000000003
-0.3452
0.58338
0.41957
0.92682
1.3563
0.34973999999999994
0.29267
0.2195
0.28701
0.8567400000000001
0.54503
1.18973
0.81494
0.272
0.5067900000000001
0.91838
1.1355899999999999
0.04654
0.14557
0.12930999999999998
-0.63946
-0.48277000000000003
-0.21914
-0.5261399999999999
-0.86375
-0.03505
0.07005
0.03335
-0.32249
0.54338
0.51349
1.00199
0.99666
0.16896999999999998
0.15705
0.2861
-0.70392
-0.36298
-0.10933
0.29986999999999997
-0.40149
-1.04165
-0.45706
-0.58257
-0.75457
-0.53308
-0.30898
-0.4424
-0.85139
-0.6242300000000001
-0.37433
-0.9401900000000001
-1.25036
0.22957
0.20440999999999998
0.63231
-0.2914
-0.53283
-0.00653
0.08057
0.30122
-0.13108
0.17873999999999998
0.24208
1.13877
0.60409
0.51192
0.8295699999999999
0.52678
-0.60828
-0.09114000000000001
-0.2506
0.011559999999999999
-0.9007599999999999
-0.49450000000000005
-1.2907400000000002
-0.09019
0.15057
-0.14019
-0.7012
-0.35491999999999996
0.33039
-0.06387999999999999
-0.45051
-0.6642199999999999
-0.057370000000000004
-0.10060000000000001
-0.19084
0.33415
1.0173699999999999
0.6646500000000001
0.92529
1.19746
0.8398399999999999
0.55101
0.7119599999999999
0.013349999999999999
0.10680999999999999
0.26282
0.59586
0.47448999999999997
-0.31129
0.0475
-0.1442
1.12144
0.99614
0.39409
0.55214
0.18239999999999998
-0.32436
-0.28125
-0.6679600000000001
-0.26849
0.29874
-0.09881999999999999
0.15261
-0.50379
-0.46972
-0.24056999999999998
-0.13139
0.11193
0.1582
0.06573000000000001
0.01941
-0.62815
0.07214999999999999
0.13124
0.51058
0.46446
-0.23149
-0.0313
-0.32819000000000004
-0.09278
0.59674
0.35987
0.57467
0.8394199999999999
0.6302
0.26721
0.48180999999999996
-0.8522799999999999
-1.0774
-0.61217
-0.32171999999999995
0.45380000000000004
-0.21614
-0.16791
0.0076
0.61269
-0.022690000000000002
-0.07913
-0.18819
-0.10384
0.22679
0.15807000000000002
0.11257
-0.28731
0.20914000000000002
0.26319
0.51042
-0.13928000000000001
0.04076
0.29977
0.44882
0.52726
0.02139
0.050170000000000006
0.18492999999999998
0.07336000000000001
-0.40362000000000003
-0.17218
-0.2743
0.66128
0.40619999999999995
0.13022999999999998
0.12595
0.31329999999999997
0.43722
0.17975000000000002
0.34763
-0.57867
-0.27483
0.07242
0.39698999999999995
0.18747
-0.41924999999999996
-0.06156
0.043449999999999996
0.42942
-0.13495
0.10207000000000001
0.24324
0.8354600000000001
0.50359
0.36668999999999996
0.61854
0.7862699999999999
-0.34751
-0.16754999999999998
-0.52715
-0.6255
0.013779999999999999
0.011819999999999999
0.16079000000000002
-0.42835999999999996
-0.79719
-0.24869
-0.56018
0.7161700000000001
0.65641
0.22261
0.0069
-0.73434
0.07307999999999999
0.09387000000000001
0.40058
0.30438
-0.39445
-0.16408
-0.08353
0.48211
-0.31343
-0.26707000000000003
-0.61226
0.34329
0.41195
-0.051230000000000005
0.09932
-0.34029000000000004
-0.18896000000000002
-0.048010000000000004
0.34501
0.66834
-0.45122999999999996
-0.32864
-0.51014
0.00373
-0.20992
-0.37728
-0.51242
-0.56838
-0.26651
-0.30678
-0.34783000000000003
-1.0778
-0.5986899999999999
-0.33719
-0.12955
0.5234599999999999
-0.057210000000000004
-0.0962
-0.28008
-0.14416
0.61971
0.32041
0.8549899999999999
0.11416
-0.80646
-0.31707
-0.57207
0.25689
0.68305
0.45853
0.76189
1.2225700000000002
1.08164
0.81801
1.14958
1.06026
0.34947
0.39470999999999995
0.621
-0.12057000000000001
-0.27306
0.13738
0.29539000000000004
0.25981000000000004
-0.28369
-0.08288999999999999
-0.05081
-0.64497
-1.01606
-0.46331000000000006
-0.75569
-0.3053
-0.10946
-0.00233
-0.03158
0.13981
-0.23494
-0.20033
-0.53108
-1.22735
-0.7825
-0.33944
-0.60227
-0.32189
0.2328
0.27747
0.36933
0.91049
0.33064
0.29332
0.010620000000000001
0.3834
0.5958100000000001
0.39686
0.25567
0.22074000000000002
0.30832
0.20556999999999997
-0.09307
-0.71545
0.16607
0.09845000000000001
0.05849
-0.54796
-0.16152999999999998
-0.06434999999999999
0.11656000000000001
-0.06280000000000001
-0.56863
-0.43752
-0.72847
-1.06098
-0.70686
-0.55135
-0.94321
-0.38097000000000003
0.38616
0.03398
0.08527
-0.37049
-0.50402
-0.49741
-0.82415
-1.26718
-0.7375799999999999
-0.51906
-0.61469
-0.19554
0.13711
0.034
0.11102000000000001
0.57002
0.05986
-0.11042
-0.4915
0.05043
0.49057
0.10183
0.20964
0.71245
0.5029
0.23855
0.27393999999999996
0.45398000000000005
0.29821000000000003
0.22919
0.38750999999999997
0.8753
0.37274999999999997
0.1425
0.18873
0.81845
0.40128
0.12265000000000001
0.31199
0.75713
0.59521
0.35048999999999997
0.67649
0.7326999999999999
-0.18477
-0.28446
-0.6942
-1.36179
-0.22658
-0.32803
-0.00264
-0.52435
-0.67438
-0.26621
-0.24644
0.8223
0.7349800000000001
0.23221
0.51334
-0.47840000000000005
-0.6623
-0.45698
-0.34125999999999995
-0.23006000000000001
-0.604
-0.52382
-0.76535
-0.93879
0.13526
-0.04629
0.60073
0.21686
-0.39449
-0.04583
0.08413
0.57624
0.05443
-0.0993
-0.26899
-0.77683
-0.07922
0.08703
0.095
0.15787
0.95256
0.75295
1.28487
0.8318099999999999
0.29606
0.27687
0.72016
0.02322
-0.9816800000000001
-0.45397
-0.8379800000000001
-0.29262
0.5114
0.16729
0.46153
-0.41727
-0.47740000000000005
-0.29336
-0.28669
-1.00195
-0.78932
-0.55375
-0.49127000000000004
-1.24692
-0.52469
-0.14548
0.28606000000000004
-0.20803000000000002
-0.76152
-0.14862
-0.22440000000000002
-0.45130000000000003
-0.15271
0.20243
0.46928
1.42956
0.20775
0.20199
0.03261
-0.12592
-0.36756999999999995
-0.14301
-0.32706
-0.72089
-0.80704
-0.36672
-0.67506
0.32491
0.11006
-0.18406
-0.48458
-0.86029
-0.17831
-0.10026
-0.13657
0.11893000000000001
-0.04381
-0.0565
-0.15164
-1.20397
-0.64271
-0.15134
-0.3986
0.08997999999999999
0.31409
0.21542999999999998
0.20225
-0.29734
-0.13305999999999998
0.15722
-0.06448999999999999
0.5724
0.97858
0.59151
0.75559
0.44633
-0.34463
-0.30231
-0.92285
-0.97599
-0.07084
-0.21187999999999999
-0.465
-0.8525
0.30534
0.14305
0.63784
0.70943
-0.41253
-0.29353999999999997
-0.6898399999999999
-0.54974
0.12005
-0.08349999999999999
-0.12011
-0.51052
-0.02335
0.03743
0.04508
0.8156
0.87253
0.50299
0.478
-0.21001999999999998
0.6201599999999999
0.5118
0.78807
0.92426
0.3871
0.26349
0.3326
-0.07368999999999999
-0.10244999999999999
-0.08005000000000001
-0.40209000000000006
-0.55713
0.48784999999999995
0.29341
0.82759
0.49365000000000003
0.17107
0.29127
0.52819
0.9165000000000001
0.42286
0.30765
0.84162
0.98649
0.10646000000000001
0.3569
0.48941
1.14377
0.42539
0.25862999999999997
0.21014
-0.66584
-0.05197
0.11436
0.66692
-0.06033
-0.7422799999999999
-0.11769
0.02659
0.2186
-0.76488
-0.5220400000000001
-0.7687900000000001
-1.23963
-1.21659
-0.72775
-1.10462
-0.2812
-0.16826
-0.42888
-0.83233
-1.64011
-0.29656
-0.17178000000000002
0.04457
0.40072
0.05351
-0.0572
-0.11585000000000001
-1.27324
-0.73815
-0.33329000000000003
-0.47641
-0.21071
0.19657
0.13587
0.39029
-0.08115
0.07661
0.3667
0.55133
1.40907
1.14883
0.84635
1.1584
1.0081
0.17268999999999998
0.26809
0.12954000000000002
-0.22155000000000002
0.1369
0.21562
0.0806
-0.29969
0.07713
0.14048
0.3259
-0.81089
-0.55836
-0.05225
-0.02136
-0.55715
-0.6887000000000001
-0.24703
-0.1281
-0.61209
-1.25524
-0.54487
-1.12679
0.08507999999999999
0.024990000000000002
-0.17093
-0.68144
-0.23512
0.54246
0.21719000000000002
0.14241
0.84206
0.6361399999999999
0.38201
0.13019
0.47478000000000004
1.38906
0.8967400000000001
1.30559
1.03669
0.55914
0.48552
0.57686
0.01994
0.25997
0.20475000000000002
0.30219
-1.22001
-0.6550100000000001
-0.18147
0.20472
0.02773
-0.54677
-0.20503
-0.41446
-0.78051
-0.88154
-0.63476
-0.91598
-0.43179
-0.19429
-0.21844000000000002
-0.21684
-0.20210999999999998
-0.35601
-0.26177
-0.5033
0.59366
0.81273
0.38073
0.67712
-0.05781
-0.43455
-0.053630000000000004
-0.28276
0.53489
0.95661
0.69819
1.14095
0.7883199999999999
0.09787000000000001
0.19942000000000001
0.25781
0.29164
-0.34564999999999996
-0.22432
-0.30669
-0.45921
-0.74713
-0.56707
-0.72555
-0.94652
-0.58725
-0.26271
-0.31992
0.42016
0.34234000000000003
0.18361
-0.11703
-0.31966
0.38923
0.22763000000000003
0.475
-0.6726399999999999
-0.62811
-0.09753
-0.057069999999999996
0.39947000000000005
0.07509
0.09146000000000001
0.14618
0.06397
-0.55755
-0.45366
-0.7695000000000001
-0.44822
0.07527
0.02231
0.26651
0.73803
0.03899
-0.04134
-0.2832
-1.17409
-0.40918999999999994
-0.17003000000000001
-0.24696
-0.9276800000000001
-0.59906
-0.40215
-0.37613
-1.03314
-0.9009999999999999
-0.36787
-0.6195
0.12933999999999998
0.24844999999999998
-0.09058999999999999
-0.48355
-1.35542
-0.27468
-0.03915
-0.18122
0.24561
0.81868
0.45348
0.68161
-0.12906
0.02117
0.31526
0.7267100000000001
0.8033899999999999
-0.07658999999999999
0.13519
-0.024620000000000003
-0.0652
-0.54509
-0.34563000000000005
-0.69312
-0.52278
-0.08715999999999999
-0.01988
-0.19263000000000002
0.47558999999999996
0.61857
0.29955
0.55507
0.6940500000000001
-0.26624
-0.28335
-0.59198
-0.452
-0.26081
-0.3223
-0.59953
-1.01935
0.30675
0.20767
0.48927
-0.23103
-0.29908
-0.032400000000000005
0.049640000000000004
-0.3528
-0.37259
-0.24769
-0.4497
-1.34637
-0.8991899999999999
-0.41159999999999997
-0.63056
0.43504
0.6244299999999999
0.3091
0.43847
1.25698
0.69501
0.34768
0.73374
0.98604
0.38104999999999994
0.31399
0.64339
0.14242000000000002
-0.62847
-0.21687
-0.22068000000000002
0.36509
-0.1515
-0.12029999999999999
-0.2594
-1.01072
-1.22146
-0.7802800000000001
-1.37643
-1.18537
-0.14252
-0.20518
-0.08248
-0.69836
-0.47064
-0.07471
-0.02472
0.79494
0.25798
0.17708
0.09203
0.93547
0.45779000000000003
0.16097999999999998
0.1035
-0.12139
0.15034
0.058390000000000004
-0.01394
-0.8519
-0.6637000000000001
-0.34429000000000004
-0.40494
-1.0858400000000001
-0.52501
-0.05194
0.1497
0.77259
-0.07902
-0.05197
-0.01265
0.24027
-0.56459
-0.48197
-0.82464
-1.54699
-1.20434
-0.7575700000000001
-0.96737
-0.6930299999999999
-0.9875
-0.65892
-1.15765
-0.43926000000000004
-0.22612
-0.09263
-0.55909
0.16724
0.9133100000000001
0.61535
0.65402
1.41392
0.28997
0.10064000000000001
-0.5605100000000001
0.00623
0.7926099999999999
0.34945
0.14393
0.28237
0.38536000000000004
0.18755
0.05283
0.35368
0.5922
0.37009000000000003
0.40918999999999994
0.01077
0.03089
0.15409
0.13077
1.01067
0.80367
0.36829999999999996
0.32993
-0.58838
-0.52874
-0.30985
-0.84125
-0.11036
0.50768
0.14641
0.32213
-0.11968
-0.19690000000000002
-0.02488
0.11384999999999999
0.11326
-0.49040999999999996
-0.21087
-0.35327
0.96359
0.22817
-0.12551
-0.4238
-0.19239
-0.071
-0.19644999999999999
-0.7134699999999999
-0.56841
0.23283
-0.012809999999999998
-0.31067
0.44841000000000003
0.81242
0.27836
-0.21013
-0.91247
0.92384
0.55382
1.14327
0.5715100000000001
0.13906000000000002
0.34906
0.79754
1.3096
0.33137
0.30879
0.55254
0.9305100000000001
0.14637
0.04446
0.11493
0.055220000000000005
-0.6636299999999999
-0.45152000000000003
-1.1541
-0.84543
0.29051
0.039830000000000004
-0.00125
0.58598
0.7099500000000001
0.29299
0.28244
-0.3889
-0.10593
-0.061239999999999996
-0.18114
0.50865
0.6816800000000001
0.07824
0.29986
-0.5030100000000001
-0.41164
-0.38826
-0.28831
-1.12207
-0.93686
-0.6998000000000001
-0.66242
-1.2277500000000001
-1.33368
-0.8214100000000001
-1.03643
0.3207
0.3741
-0.08266
-0.28018
-0.056139999999999995
0.59045
0.29984
0.6670999999999999
1.5211000000000001
0.96039
0.5249199999999999
0.82498
1.06078
0.14462999999999998
-0.0245
-0.22408999999999998
-0.20638
0.75322
0.57445
1.3278299999999998
0.7832399999999999
0.09579
0.38688
0.78149
1.26418
0.042199999999999994
0.09197
0.27091
0.19449000000000002
-0.79322
-0.53371
-0.78217
-0.5539000000000001
-0.28565
-0.28508
0.02836
0.61671
-0.25898
-0.33103
-0.26169
-0.07623
-0.52759
-0.43447
-0.7998099999999999
-0.69985
-0.06644
-0.29609
-0.10244
-1.34714
-0.97932
-0.42234
-0.40174
0.23931000000000002
0.07589
-0.15787
-0.17507
-0.99324
-0.54882
-0.3447
0.03789
-0.26344
-0.90701
-0.52059
-0.51325
0.57499
-0.30260000000000004
-0.44957
-0.69426
-1.28405
-0.78263
-0.59468
-0.57863
-0.97784
-0.84297
-0.47433
-0.29742999999999997
0.00951
-0.69074
-0.34391
-0.78956
-0.00931
0.32641
0.10769999999999999
-0.06221
0.37171
0.28638
-0.10611000000000001
-0.21566
-1.02077
-0.83794
-0.53481
-0.67931
-0.22928
0.00153
-0.08333
0.07867
-0.07231
-0.14315
0.07405
0.41408
0.80694
-0.31344
0.00997
-0.51513
0.48460000000000003
0.76056
0.33238999999999996
0.27525
-0.41113999999999995
0.21039000000000002
0.23892
0.29591
-0.10933
-1.03661
-0.69292
-1.23004
-0.63448
-0.19907
-0.27867000000000003
-0.5323599999999999
-0.15627000000000002
0.17800999999999997
-0.042350000000000006
-0.25797000000000003
0.40470999999999996
0.9170999999999999
0.42009
0.7461199999999999
0.16396
-0.34015999999999996
-0.02775
-0.0621
0.47063000000000005
0.20504
0.11178
0.30976
0.9735299999999999
-0.16459
-0.08405
-0.61626
0.6353300000000001
1.01825
0.36941
0.5386299999999999
0.65047
0.39814
0.11695
0.49082000000000003
0.21157
-0.77842
-0.49332
-0.86992
-0.39713
-0.07185
-0.21111000000000002
-0.15158
0.0018599999999999999
-0.06472
-0.22713
-0.27225
-0.85926
-0.7381399999999999
-0.5061599999999999
-0.63044
0.32641
0.32444
0.006840000000000001
0.0088
-0.5465
-0.2687
-0.035
0.0332
0.8028700000000001
0.55602
0.35348999999999997
0.54967
1.63989
0.6557299999999999
0.27033999999999997
0.40374000000000004
-0.07564
-0.29919
-0.20262
-0.16814
-0.35247
-1.0908
-0.7603
-1.26533
-0.263
-0.04417
-0.47031
-0.75165
-1.3915899999999999
-0.39232
-0.36090000000000005
-0.24089
0.41015
0.0285
-0.09745
-0.36124
-0.03678
0.6689700000000001
0.27191
0.38563000000000003
0.6692100000000001
0.6396200000000001
0.25065000000000004
0.36881
-0.043410000000000004
0.48808999999999997
0.51501
1.04788
1.63989
0.63225
0.34267000000000003
0.35881
-0.18471
-0.10301
-0.05815000000000001
0.12409
0.10189
0.16455999999999998
0.20704
0.5172399999999999
0.32889
-0.17079
0.05253
0.49506999999999995
0.93096
-0.049980000000000004
0.10128
0.31303000000000003
0.09969
-0.87902
-0.44889
-0.57388
0.18014
-0.49187
-0.35334000000000004
-0.60965
0.21921
-0.06307
-0.2762
-0.5708
-0.87889
-0.39338999999999996
-0.29895
-0.6009899999999999
-0.36314
0.21045000000000003
-0.0025
-0.13863
-0.5951299999999999
0.32638
0.1885
0.4938
0.48634
0.00262
-0.06752
-0.028239999999999998
-0.93174
-0.66057
-0.36227
-0.24147
-0.63032
-0.51987
-0.18284
0.005889999999999999
0.6660699999999999
0.19239
0.18661000000000003
0.24629
0.23347
-0.11124
-0.050460000000000005
-0.11408
0.00766
0.010780000000000001
0.06285
0.02215
0.59801
0.05334
-0.05476
-0.54307
-0.9033599999999999
0.33389
0.2303
0.45116999999999996
-0.060430000000000005
-0.09917999999999999
0.16483
0.41885
0.76006
0.2888
0.40391
0.58143
1.02033
-0.02274
-0.039169999999999996
-0.3669
-0.32078
0.36917
0.39228
0.74053
1.06858
0.07690999999999999
0.16428
0.10276
-0.46881999999999996
-0.78172
-0.39593000000000006
-0.39781
-0.8387699999999999
-1.21272
-0.51883
-0.81119
0.57555
0.05239
-0.00728
-0.37060000000000004
0.14566
0.26219000000000003
0.14345
-0.21794
-0.05627
0.26539999999999997
0.14313
-0.24632
-0.53988
0.08857
-0.010709999999999999
0.00122
-0.97396
-1.0012999999999999
-0.44583
-0.68605
-0.00796
-0.3357
-0.42549
-0.94272
0.16268999999999997
0.33499
-0.16146000000000002
-0.70659
-0.9582999999999999
0.36345999999999995
0.03388
-0.025920000000000002
-0.29278
0.19446000000000002
0.0438
-0.09244
-0.5442199999999999
-0.060919999999999995
-0.08903
-0.34048
-0.58922
0.68219
0.62488
1.13967
1.4503700000000002
0.90241
0.8301099999999999
1.05325
1.2060899999999999
0.54164
0.32192
0.30394
-0.07392
-0.50512
-0.26466999999999996
-0.65553
-0.43646
0.20524
0.11691000000000001
0.22297999999999998
0.14601
-0.32441000000000003
-0.16426
-0.38622999999999996
0.6505299999999999
0.54245
0.12808999999999998
0.07471
-0.57919
-0.42887000000000003
-0.36685
-0.64126
-0.87152
-0.34726
-0.30932
-0.53869
-0.76152
0.05914
-0.00451
-0.12710000000000002
-0.71333
-0.01348
0.04031
-0.15755
-0.36243000000000003
0.36615000000000003
0.15572
0.24195
-0.8980400000000001
-0.51902
-0.30144
-0.41296999999999995
-0.78387
-0.56622
-0.40088999999999997
-0.39372
-0.55489
-0.65142
-0.3839
-0.92589
-0.05256
0.8251999999999999
0.46192
0.50204
0.8044899999999999
1.0544
0.69108
0.87371
0.31928999999999996
-0.10486000000000001
0.07809
-0.07644000000000001
0.86936
0.50902
0.17354
-0.06770999999999999
-0.39822
0.19233
0.13423
0.15339
0.6794199999999999
0.8939400000000001
0.53722
0.76319
0.69259
0.21252
0.07474
-0.08693
-0.6883499999999999
-0.03055
0.08679
0.23775
-0.36362
-0.05128
0.19982
0.5894400000000001
0.93112
0.11496
0.23620000000000002
0.2157
0.92791
0.49942
0.21867999999999999
0.35351
-0.23412
-0.57743
-0.28136
-0.48668
-0.56453
-0.41088
-0.23992000000000002
-0.43265
0.25026
0.11717000000000001
-0.15246
-0.36918
-1.20602
-0.38134
-0.11813000000000001
0.03831
0.4982
0.35552
0.15907
0.21746
0.09281
-0.39043
-0.35225
-0.78021
-0.9810599999999999
0.20923999999999998
0.02718
0.11618
-0.98673
-0.54476
-0.15708
-0.07105
-0.26493
0.22042
0.31687
0.5465
0.39716
-0.39396000000000003
-0.26948
-0.55459
-0.7491
-0.25784
-0.20321999999999998
-0.16323000000000001
-0.056369999999999996
-0.38864
-0.20797999999999997
-0.63638
-0.02445
0.69745
0.28564
0.29366
-0.54192
-0.08803000000000001
0.10657
0.30194
0.40033
-0.11898999999999998
0.005679999999999999
0.27143
0.1294
-0.9599
-0.54733
-1.09756
-0.7254
-0.39074
-0.46852
-0.9643999999999999
-1.24733
-0.36712000000000006
-0.25384
-0.34991999999999995
0.15102000000000002
-0.01357
-0.06913
-0.46945
-0.94755
-0.32146
-0.20135000000000003
-0.42613999999999996
0.23185
0.1778
0.1112
-0.33124000000000003
0.36906
1.069
0.63409
0.89788
1.28336
0.59506
0.44594
0.3128
0.92628
0.35485999999999995
0.11574
-0.22252
-0.01986
0.31832
0.06862
-0.11466
-0.21957000000000002
0.46917000000000003
0.35779000000000005
0.40649
0.6718999999999999
0.66684
0.39521
0.30424
0.07033
0.25908000000000003
0.11741
-0.03188
-0.73485
-0.09279
-0.10989
-0.16892
-0.6637000000000001
-0.28681
-0.18771000000000002
-0.1285
0.28206
-0.12505
-0.25819
-0.5845
-0.64009
0.04765
-0.09491
-0.27818000000000004
-0.19301
0.38906999999999997
0.07065
-0.15719
-0.46399
0.39974
0.08143
0.156
-0.6522199999999999
0.026549999999999997
0.07962
0.06308
0.46189
0.90756
0.5859300000000001
0.72481
0.34633
0.8091700000000001
0.44362999999999997
0.77042
-0.30887
-0.24698
0.01357
0.33942999999999995
0.50088
0.00202
-0.05949
-0.02004
-0.50837
-0.6939700000000001
-0.5028900000000001
-0.7283799999999999
-1.09937
-0.4893
-0.36527
-0.41247999999999996
-0.76396
-0.54592
-0.38342
-0.5268200000000001
-0.015109999999999998
0.04447
-0.10914
-0.29624
-0.20977
0.5845
0.37927
0.7563500000000001
1.18095
0.46072
0.42705
0.32432
1.01189
1.17312
0.63741
0.96505
0.32616999999999996
0.12324
0.23956
0.37305
0.26813
-0.23648
-0.18325
-0.08617000000000001
-0.44403
-0.7202500000000001
-0.38847000000000004
-0.4265
0.6071500000000001
0.32065
0.15721
0.18928999999999999
0.35021
0.41438
0.26769
0.46967
0.21044000000000002
-0.30589
-0.02234
-0.14099
0.48875
0.5256000000000001
0.26219000000000003
0.408
0.25715
-0.24591000000000002
-0.07918
-0.39173
0.33621
0.7977599999999999
0.42649000000000004
0.5722200000000001
0.80908
0.73347
0.38064
0.44073999999999997
0.7271599999999999
0.84822
0.45206
0.82136
-0.05612
-0.23085
-0.05383
0.04583
-0.72004
-0.14855000000000002
0.14905
0.5812700000000001
0.47115
0.18637
0.32232
0.6435599999999999
0.46441000000000004
-0.04645
0.19641999999999998
0.35694000000000004
0.44723
-0.25367
-0.13848000000000002
-0.05386
-0.60627
-1.12024
-0.55782
-0.83288
0.43197
0.01298
-0.21126
-0.49068
-0.51805
0.10497
0.00169
0.25514
-0.20102
-0.70906
-0.39627
-0.66109
-0.38158000000000003
-0.37632
-0.39011
-0.82182
-1.18536
0.09147
0.06837
0.027360000000000002
0.12664
0.5756
0.39134
0.7175499999999999
0.36971
0.04501
0.25415
0.37914000000000003
0.7898499999999999
0.18838999999999997
0.22229
0.0747
0.23077000000000003
0.47584000000000004
0.45884
0.6844499999999999
0.82867
0.28967
0.36707
0.47234000000000004
0.27149
-0.49241
-0.1991
-0.61954
-0.62108
-0.36423
-0.2007
-0.6616200000000001
-0.5080899999999999
0.01253
-0.08123
-0.33212
0.2728
0.23495000000000002
-0.11352999999999999
-0.36179
-0.23984000000000003
0.20129000000000002
-0.01735
-0.08164999999999999
0.13747
0.18031
-0.0929
-0.34578000000000003
-0.45368
0.38732999999999995
0.07617
0.20599
-0.58315
-0.11849
0.02794
0.01853
0.7911499999999999
1.10984
0.70382
1.07463
0.58002
0.58644
0.53593
0.63934
0.5413600000000001
0.34073
0.20661000000000002
0.45503
0.30099
-0.08196999999999999
-0.0321
0.18686
0.10210000000000001
-0.25173
-0.07793
0.11494
0.55019
-0.20479
-0.19134
-0.36671
-0.15828
-0.15039
-0.20196000000000003
-0.41619
-0.17057
0.46458
0.14437
0.35683
0.02848
-0.01133
0.03367
-0.055439999999999996
-0.36203
0.14891
0.053579999999999996
0.30231
-0.2108
-0.07641
0.10192
0.44447000000000003
0.2349
0.09747
0.26812
0.62335
0.0259
-0.42430999999999996
-0.09359999999999999
0.09387000000000001
0.26602
-0.71694
-0.38034
-0.72426
-0.30564
0.23768999999999998
0.22111
0.2612
0.48473
0.20729
0.15189
0.13286
-0.27251000000000003
-0.35395000000000004
-0.15218
-0.11903000000000001
-0.45014000000000004
-0.62048
-0.30902999999999997
-0.35878
0.3825
-0.20690999999999998
-0.27027
-0.56199
-0.61068
-0.28707
-0.30779
-0.53142
-0.56041
-0.18777000000000002
-0.19225
-0.38808
-0.6384599999999999
-0.01719
-0.05189
-0.0823
0.006860000000000001
0.29183
0.15455
0.30489
0.33397
-0.17125
-0.21766
-0.50091
-0.9124599999999999
0.08224000000000001
0.15617
0.2902
0.8565600000000001
0.9325600000000001
0.6727
1.08032
0.77129
0.28042
0.41009999999999996
0.63259
0.20867999999999998
-0.47665
-0.09597
-0.12297000000000001
0.58077
0.01514
-0.02242
-0.1257
0.47534999999999994
0.02096
-0.13371
-0.50634
-0.27716999999999997
0.4705
0.23736999999999997
0.53092
0.62815
0.03987
0.05825
0.14382999999999999
-0.20265
-0.35388
-0.12398999999999999
-0.045759999999999995
-0.25393
-0.6815000000000001
-0.35312
-0.57835
-0.22902
-0.0911
-0.15097
-0.09411
-0.28852
-0.82203
-0.55736
-1.0440099999999999
-0.49351999999999996
-0.08785
-0.18749
-0.5679099999999999
-0.2585
0.42512
0.13625
0.25149
0.64404
0.20459
0.08468999999999999
0.20535
0.63707
0.01843
-0.00737
-0.17483
0.24884
0.31271
0.15422
0.29434
0.50148
0.15376
0.20525
0.30576000000000003
0.90108
0.09512000000000001
0.04229
-0.31341
-0.02403
0.25428999999999996
0.057980000000000004
-0.053399999999999996
0.19757999999999998
0.22588
-0.01664
-0.21747
-0.67527
-0.25193
-0.20832
-0.28328
0.14328
0.25801999999999997
0.0412
0.17607
0.36310000000000003
0.41764
0.27937
0.50608
0.37815
-0.03743
-0.01818
-0.16343
-0.47491999999999995
-0.18199
-0.11116
-0.20152
0.01572
0.10314
-0.00404
-0.13375
0.20648
0.67309
0.40630000000000005
0.60608
0.33433
0.08467000000000001
0.01724
-0.05984
-0.29613
-0.018000000000000002
-0.03344
0.16193000000000002
0.28309
-0.14105
-0.15448
-0.47412
-0.9364
-0.035539999999999995
-0.0368
0.08106999999999999
-0.49823999999999996
-0.48619999999999997
-0.20385999999999999
-0.36074
0.16735
0.46413
0.34667000000000003
0.50704
0.8570300000000001
0.5687599999999999
0.33612000000000003
0.37555999999999995
0.65542
0.12004
0.03724
-0.04429
0.5954999999999999
0.39594
0.07278
-0.01525
-0.22606
0.34354
0.31728
0.51729
0.20869
0.21331
0.21409
0.33431
-0.1367
-0.48257
-0.24963999999999997
-0.21044000000000002
-0.03743
-0.46295000000000003
-0.39649
-0.65931
-0.8214100000000001
-0.45439999999999997
-0.39586
-0.48564
-0.05724
-0.32801
-0.38658000000000003
-0.6678499999999999
-0.48299
0.06432
-0.022320000000000003
-0.01661
0.34027
0.59102
0.42026
0.55808
0.9202800000000001
0.31532
0.07968
-0.10366
-0.42975
-0.16032
-0.1331
-0.27632
0.1308
0.58939
0.37119
0.59454
1.18078
0.9262999999999999
0.56024
0.8292
0.9296899999999999
0.26592
0.09698000000000001
0.29713
-0.17652
-0.44015
-0.17643
-0.16373000000000001
0.40398
0.21594999999999998
0.05112
0.061059999999999996
0.24821000000000001
0.29116
0.02541
0.12289
-0.64835
-0.6479699999999999
-0.3796
-0.62082
-0.36032
0.36263
0.10977
0.42263
0.16997
0.0012
-0.03495
0.02194
-0.20296
0.06337
0.0108
0.37933999999999996
0.07897
-0.30806
-0.11022
0.13369
0.22107
-0.21157
-0.08888
-0.06948
-0.58572
-0.5007699999999999
-0.2659
-0.32892000000000005
-0.71852
-0.39759999999999995
-0.015260000000000001
0.16244
0.7705299999999999
0.25699
0.23797000000000001
0.22357
0.56875
0.038919999999999996
0.00017
-0.33195
-0.56097
-0.12336
-0.14303000000000002
-0.35094000000000003
-0.47676
0.11231
0.13269
0.29879
0.57812
0.36294
0.27103
0.19039999999999999
-0.27797
0.09687
0.13305999999999998
0.29086
-0.22313
-0.38517
-0.0764
-0.034300000000000004
-0.11288999999999999
-0.39415999999999995
-0.1293
-0.33636000000000005
0.13041
0.19655999999999998
0.01675
-0.02399
-0.11166000000000001
-0.29951
-0.15573
-0.27304
0.11638
-0.0661
-0.14961
-0.43615000000000004
-0.5366299999999999
-0.16824999999999998
-0.27216
-0.48074
-0.93537
-0.47961
-0.38587000000000005
-0.66976
-0.69459
-0.12304999999999999
-0.13346
-0.23664000000000002
-0.18651
0.40592
0.24126
0.34635
0.09725
-0.17128
-0.18561
-0.43524
-0.22917
-0.09133
-0.30011
-0.43532
-0.52579
0.0168
-0.07098
0.06466
0.44248
0.19014
-0.0146
-0.11526
-0.43298000000000003
-0.05777
-0.07933
-0.08781
-0.21284
0.24566
0.17004999999999998
0.28077
0.29584
0.19638999999999998
0.04947
0.05212
-0.29206
-0.11964999999999999
-0.12016
-0.28942
-0.20216
0.31009
0.11474000000000001
0.14775
0.24921
0.77708
0.5345
0.88617
0.87389
0.5448299999999999
0.36823999999999996
0.65262
0.35668999999999995
0.03421
0.09026999999999999
0.29492
0.04763
-0.08800000000000001
0.0768
0.24019
-0.11198999999999999
-0.11416
0.04484
0.16771999999999998
0.57644
0.15628
0.13053
0.02068
-0.27654
0.34625999999999996
0.31609000000000004
0.62827
0.06487
-0.16898
0.18925999999999998
0.30177
0.66214
0.21297999999999997
0.20961
0.20387
-0.024009999999999997
0.06306
0.20564
0.35514
0.53418
0.14361000000000002
0.19039
0.10739000000000001
-0.38334
-0.32828
-0.059660000000000005
-0.2883
0.08576
0.3469
0.23498999999999998
0.16649
-0.07674
0.40466
0.37520000000000003
0.69817
0.51668
-0.02444
0.18056999999999998
0.17504999999999998
0.19563
-0.21295999999999998
-0.1186
-0.27431
-0.61875
-0.41506
-0.16940999999999998
-0.32756
0.15675
0.1012
0.0608
0.03137
0.44833
0.11808
-0.016579999999999998
-0.28468
-0.36319
0.08166000000000001
0.06713
0.025310000000000003
0.75142
0.47859
0.12653999999999999
-0.08639
-0.17626999999999998
0.42540999999999995
0.23974
0.44191
0.27934000000000003
0.29443
0.22419
0.5105299999999999
0.2556
-0.2391
-0.04059
-0.005430000000000001
0.43106
0.18939
0.017070000000000002
0.05971
-0.44986
-0.65046
-0.43199
-0.5939
-0.09817999999999999
0.03909
-0.09803
-0.19507000000000002
-0.29638000000000003
-0.04605000000000001
-0.11151
-0.12668
-0.11654999999999999
0.20021999999999998
0.10879
0.30609000000000003
0.05142
-0.2401
-0.16224
-0.13268000000000002
-0.31331
-0.27613
-0.15974
-0.19306
-0.04868
-0.054009999999999996
-0.10952999999999999
-0.30870000000000003
-0.65074
0.012969999999999999
0.00043
-0.00649
0.28355
0.36166
0.16952
0.18004
0.05854
0.34823
0.16748000000000002
0.35971
-0.11473000000000001
-0.13635
-0.03405
0.11551
0.39291
0.17800000000000002
0.07979
0.19268999999999997
-0.33559
-0.13246
-0.00473
0.16277999999999998
-0.27064
-0.3865
-0.12716
-0.19689
-0.29285
-0.19756
-0.11041000000000001
-0.19677
-0.10105
0.10928
0.10944000000000001
0.19715
0.040839999999999994
-0.13787000000000002
-0.0616
-0.03526
0.051719999999999995
-0.24739
-0.1204
-0.20440999999999998
0.23263
0.2591
0.09786
0.23756
0.01586
-0.21411999999999998
-0.03455
-0.09580999999999999
0.13043
-0.15099
-0.16121
-0.38327
-0.54489
-0.22396000000000002
-0.21198
-0.37004
-0.62785
-0.18202000000000002
-0.16751000000000002
-0.23617999999999997
-0.44383
-0.35811
-0.32838
-0.34564
0.21437
0.06573000000000001
-0.12407
-0.21775
-0.19735
0.36460000000000004
0.24719999999999998
0.47028
0.67116
0.2662
0.18899999999999997
0.1316
0.26576
0.42375
0.21078
0.47365
0.00544
-0.22344999999999998
-0.04639
-0.01262
0.26379
-0.13387000000000002
-0.16375
-0.34448
0.05825
0.15045
-0.14242000000000002
-0.22529
-0.15925
0.25959
0.01822
0.18114999999999998
-0.25153
0.04671
0.11074999999999999
0.35823
0.36816000000000004
0.13503
0.17771
0.4506
0.44387
0.19715
0.20696
0.38959000000000005
0.31249
0.03283
0.14227
0.24614
0.5692499999999999
0.30067
0.20485
0.32872
0.34774
-0.05144
-0.055330000000000004
-0.13971999999999998
-0.42747999999999997
-0.20843
-0.07049
0.061989999999999996
0.38143
0.15836
0.1555
0.37048000000000003
0.6315500000000001
0.10888
0.054610000000000006
0.1103
-0.2336
-0.25168
-0.044059999999999995
-0.06584
0.23403
0.18442
0.09788000000000001
0.24839
0.04949
-0.20579
-0.05101
0.04816
0.10534
-0.28210999999999997
-0.15925
-0.20004999999999998
-0.30652
-0.20591
-0.10798
0.08279
0.23288
-0.40106
-0.26634
-0.40252000000000004
-0.56442
-0.45908
-0.30061
-0.44776000000000005
-0.33569000000000004
-0.14917999999999998
-0.12890000000000001
-0.31885
-0.24328
0.10651999999999999
0.025459999999999997
-0.04282
-0.15387
0.25085
0.20363
0.28809
0.44094
0.41091
0.31842
0.44006999999999996
0.73749
0.56676
0.36429
0.52104
0.16144999999999998
0.13727999999999999
0.19843
0.37213
-0.17268999999999998
-0.11385999999999999
0.15242
0.31140999999999996
0.50899
0.01691
0.09269999999999999
0.013009999999999999
-0.19887
-0.07333
0.054770000000000006
-0.00772
0.09133
0.24059
0.22544
0.22116
0.54159
0.42613999999999996
0.21558
0.32773
0.0087
-0.19432
-0.12461
-0.10512
-0.50335
-0.5655899999999999
-0.31364000000000003
-0.36881
-0.35002
-0.26308
-0.11271
-0.12739
0.04755
0.2224
0.27271
0.32314
0.64101
0.51629
0.39996000000000004
0.38414000000000004
0.52728
0.42932000000000003
0.34442999999999996
0.34184
0.63841
0.6667000000000001
0.43588
0.60482
0.37046
0.05671
0.09098
0.23602
-0.06706000000000001
-0.27513000000000004
-0.08526
0.07526
0.11694
-0.25658000000000003
-0.07762
0.01883
-0.09501
-0.57068
-0.34924999999999995
-0.59821
-0.7065
-0.55352
-0.36210000000000003
-0.49774
-0.14812
-0.11402
-0.07034
-0.24881
0.27514
0.43381000000000003
0.29100000000000004
0.26183
0.66495
0.6516200000000001
0.36765000000000003
0.57675
0.5052
0.03651
0.12165
0.16155999999999998
0.36097
0.13397
0.08542999999999999
0.03033
-0.35023000000000004
-0.09849999999999999
0.05045
0.13054
0.20077
-0.14431
-0.11497
-0.24895
-0.60436
-0.418
-0.21596
-0.23245000000000002
0.08424
-0.08935
-0.11631999999999999
-0.2737
-0.34053
-0.23353000000000002
-0.18034
-0.34429000000000004
-0.03023
0.34778
0.20021
0.2725
0.42545
0.5197999999999999
0.36133000000000004
0.45720999999999995
0.34319000000000005
0.12342
0.0424
-0.04683
-0.52372
-0.3182
-0.24609999999999999
-0.34867
-0.5631499999999999
-0.12071
-0.08434
-0.11302
0.08251
0.48506
0.28748
0.57213
0.26911
0.0699
0.13805
0.20812
-0.05049000000000001
-0.00624
0.09438
0.20120000000000002
0.01135
-0.04449
0.07056
0.11715
-0.14642
-0.18684
-0.01913
0.05988
0.07136999999999999
-0.30548
-0.14483000000000001
-0.29398
0.00877
-0.060250000000000005
-0.08715999999999999
-0.2396
-0.22915
0.06091
-0.0101
0.0416
0.0034599999999999995
-0.28222
-0.17416
-0.31955
-0.23654
0.01684
0.00042
0.08186
-0.01867
-0.09512999999999999
0.01421
0.08526
0.26816
-0.2559
-0.16047999999999998
-0.35796999999999995
-0.113
-0.06506
-0.10943
-0.21303
0.20404
0.20303000000000002
0.08493
0.045250000000000005
0.41442
0.43093000000000004
0.25394
0.25694
0.20913
0.29495
0.22522999999999999
0.36141
0.30544
0.03976
0.11574
0.26796
0.38028
0.02196
0.04555
0.11118
0.20018999999999998
-0.22457999999999997
-0.15313000000000002
-0.33835
-0.05617
0.10427
-0.01728
-0.07734
0.17547000000000001
0.21792999999999998
0.00377
0.05518
-0.16133
-0.15792
-0.16423
-0.20603000000000002
-0.43918
-0.16239
-0.11344
-0.031709999999999995
-0.25144
-0.06458
0.041449999999999994
0.25695
0.15506
0.018340000000000002
0.16716
0.25708
0.5173
0.17952
0.16624
0.17527
0.16248
0.05042
0.07927
0.17350000000000002
0.10092000000000001
-0.24925999999999998
-0.07440000000000001
-0.2562
0.07952
0.19161999999999998
0.11135999999999999
0.13909000000000002
0.40818
0.11868000000000001
-0.01095
-0.08311
-0.53834
-0.52809
-0.37060000000000004
-0.44189
-0.6504099999999999
-0.46897
-0.28762
-0.41802
-0.38065
-0.19105
-0.12436
-0.17635
0.09176000000000001
0.18076
0.13503
0.14793
0.38491
0.09783
0.016739999999999998
-0.18868
-0.2898
0.00712
-0.0524
-0.05029
-0.15132
-0.29334
-0.18914999999999998
-0.41268
-0.15913
0.20339
0.10303000000000001
0.16588999999999998
0.42582000000000003
0.26958
0.17149
0.19710999999999998
0.34597
0.16619
0.07901
0.04672
-0.17265
-0.27114
-0.15068
-0.31643
0.03793
0.055709999999999996
-0.04453
-0.11147
0.13394999999999999
0.0962
-0.00982
-0.00898
0.40124000000000004
0.14101
0.02733
-0.14337999999999998
0.15577
0.3068
0.08793
0.0553
0.22084
0.42546999999999996
0.20638
0.36713
0.31418
0.04352
0.032959999999999996
0.0010199999999999999
0.10622
0.29609
0.17068000000000003
0.32302
0.06937
-0.02398
0.033479999999999996
0.08346999999999999
0.25678999999999996
0.08968999999999999
0.050730000000000004
0.009300000000000001
0.27277
0.31617
0.11374000000000001
0.25215
0.19292
-0.06507
-0.05902
0.00971
0.13006
-0.15506999999999999
-0.17373999999999998
-0.24992999999999999
-0.04621
0.12724
-0.01046
0.09013
0.07288
0.18966000000000002
0.1291
0.29051
0.38043
0.15148999999999999
0.09064
0.13358
-0.26268
-0.09126
-0.048369999999999996
0.00095
-0.39299999999999996
-0.19274999999999998
-0.05221
0.044379999999999996
0.17845
0.026539999999999998
0.01782
0.19849
0.11087999999999999
-0.22344999999999998
-0.08145
-0.03408
0.27642
0.02236
-0.01853
0.03225
-0.21093
-0.38866999999999996
-0.16025999999999999
-0.22296
0.08279
-0.051609999999999996
-0.01765
-0.12821
-0.04462
0.060599999999999994
0.11093
0.11380000000000001
0.40688
0.25303000000000003
0.23210999999999998
0.18509
0.42262
0.24434999999999998
0.16024999999999998
0.17036
0.26942
0.0757
0.02083
0.012
-0.19258
-0.40985999999999995
-0.27619
-0.41984
-0.22854
-0.1752
-0.15838
-0.32537999999999995
-0.33426
-0.03627
-0.06209
-0.17051
-0.12988
0.20007000000000003
0.12035
0.13080999999999998
0.35423000000000004
0.26234999999999997
0.12827
0.08036
0.22562000000000001
0.29654
0.08631
0.02197
-0.15429
0.26768000000000003
0.18079
0.38758000000000004
0.45785
0.33841
0.27171
0.41147
0.37685
0.19665
0.1445
0.191
-0.14753
-0.05501
-0.01476
0.05253
-0.23068000000000002
-0.33957
-0.18542999999999998
-0.26623
0.03225
0.13324
-0.02388
-0.02451
-0.32243
-0.17495999999999998
-0.1065
-0.10318
0.10160999999999999
0.15488
0.09127
0.17992999999999998
-0.04993
0.01675
0.08992000000000001
0.26599
0.21481999999999998
-0.0137
0.10727
0.14066
0.45725
0.1002
0.06558
-0.00269
0.20021
0.28049
0.20312000000000002
0.22256
0.45817
0.30355
0.15448
0.09984
-0.13198000000000001
0.12009
0.08384
0.24544
-0.033620000000000004
-0.179
-0.041280000000000004
0.08978
-0.07078000000000001
-0.28679
-0.14462999999999998
-0.11785
-0.33143999999999996
-0.47229999999999994
-0.29571000000000003
-0.33814999999999995
-0.38691000000000003
-0.52158
-0.3392
-0.5662400000000001
-0.34412
-0.0174
-0.02725
-0.09167
0.09611
0.20588
0.1382
0.20564
0.31199
0.01114
0.01913
-0.07571
0.13379
0.16952
0.08787
0.04008
-0.026099999999999998
0.11407
0.08478
0.0642
0.14664
0.11747
0.03153
-0.07402
-0.3086
-0.05371000000000001
-0.07423
-0.11985
-0.37037
-0.15531
-0.12808
-0.15814999999999999
-0.31795
-0.24159
-0.17742999999999998
-0.21183
-0.06859
0.04267000000000001
0.00776
0.00335
0.31101
0.27373000000000003
0.15134999999999998
0.12607
0.12178000000000001
0.29308
0.17822
0.28974
-0.03277
-0.22136
-0.11814999999999999
-0.23353000000000002
-0.13183
-0.02243
-0.08487
-0.15204
-0.06645
-0.00745
-0.10111
-0.16094999999999998
-0.15363
0.09271000000000001
0.010320000000000001
0.045259999999999995
0.18633
0.25783
0.11445999999999999
0.14598
-0.08471999999999999
0.08983000000000001
0.059359999999999996
0.1597
-0.0337
0.022109999999999998
0.08994999999999999
0.18515
0.29656
0.13705
0.09071
0.07912
-0.041710000000000004
0.10626
0.10827
0.21041
0.30671
0.16437000000000002
0.1213
0.16662
0.01696
-0.04942
-0.00622
0.01122
0.11115
-0.045410000000000006
-0.08929999999999999
-0.047240000000000004
-0.36040999999999995
-0.44262999999999997
-0.25112
-0.30940999999999996
-0.051340000000000004
-0.05144
-0.05671
-0.11588
-0.09372
0.11021
0.06805
0.11311
0.3442
0.16462
0.11466
0.10189999999999999
0.32026000000000004
0.25505
0.10612
0.0676
-0.24344000000000002
0.0021
0.05081
0.10905
0.27525
0.24527000000000002
0.16292
0.23743999999999998
0.17321999999999999
0.059519999999999997
0.05432000000000001
0.06361
0.092
0.23873
0.18803999999999998
0.36276
0.26234
-0.03402
-0.00497
-0.012159999999999999
-0.17382999999999998
-0.11442000000000001
-0.09378
-0.06613000000000001
-0.31766
-0.21562
-0.10081
-0.055220000000000005
0.08119
-0.03136
-0.02229
0.02614
0.05886
-0.17687999999999998
-0.17171
-0.3542
-0.3297
-0.0037
-0.09545999999999999
-0.16446000000000002
-0.32947000000000004
0.10106
0.08953
0.25959
0.32530000000000003
0.17933
0.126
0.22529
0.0554
-0.03433
0.01621
-0.01932
0.16308
0.33728
0.19408999999999998
0.37569
0.13868
-0.00715
0.051719999999999995
0.15879
0.01795
-0.11243
-0.04699
-0.01839
-0.27661
-0.38266
-0.23321000000000003
-0.28355
-0.29883
-0.23787
-0.12417
-0.14543
0.03527
0.01867
-0.03725
-0.01998
-0.08987
-0.19504000000000002
-0.11151
-0.13406
0.15045
-0.04825
-0.05956
-0.09481999999999999
0.06378
-0.02278
-0.05152999999999999
-0.14332
-0.01319
0.18155000000000002
0.08338
0.16469999999999999
0.26125
0.00373
-0.024940000000000004
-0.09826
-0.030619999999999998
0.09196
0.04031
0.03597
-0.04763
0.17793
0.08987
0.22821000000000002
0.007189999999999999
-0.19526
-0.15533
-0.13601000000000002
-0.29359
-0.39663
-0.32051999999999997
-0.40655
-0.48656
-0.21041
-0.19577999999999998
-0.20193999999999998
-0.09752000000000001
-0.04188
-0.08269
-0.06863000000000001
0.04746
0.09164
-0.012159999999999999
0.10583999999999999
0.10937
-0.05939
-0.10074
-0.02054
-0.07128
-0.2351
-0.18797
-0.17251999999999998
-0.05863
-0.149
-0.16417
-0.23596
-0.23663
0.06595
-0.0085
0.0729
-0.05792
0.016819999999999998
0.03671
0.11262
0.19417
0.08759
0.02552
0.08947
-0.08881
-0.11084
-0.11922
-0.09987
-0.20462
-0.14365
-0.1047
-0.047259999999999996
0.09171
0.20477
0.14550000000000002
0.32960999999999996
0.30444
0.17131
0.17135999999999998
0.31838
0.11320000000000001
-0.02443
0.08327999999999999
0.21969000000000002
0.29623
-0.05257
0.01429
0.0848
0.04582
-0.1284
-0.043129999999999995
-0.0273
0.08724
-0.05402
-0.05147
-0.05683
-0.10798
-0.15448
-0.15557
-0.15295
-0.37182000000000004
-0.34725
-0.20235
-0.22366
-0.13974999999999999
-0.021259999999999998
-0.03928
0.04522
-0.23356000000000002
-0.28887
-0.10958
-0.14254
0.10451
0.09455999999999999
0.06713
0.08518
-0.02528
0.01317
0.0683
0.11531000000000001
0.23829999999999998
0.03115
0.05696
0.11470000000000001
0.22956
-0.0621
-0.05244
-0.045899999999999996
0.0999
-0.08802
-0.03574
-0.02965
0.1496
-0.06240999999999999
-0.08327999999999999
-0.06539
-0.08351000000000001
-0.36977
-0.2501
-0.41942
-0.26537
-0.06788999999999999
-0.11964000000000001
-0.18322
-0.37290999999999996
-0.15425
-0.08734
-0.04828
0.14727
-0.08303
-0.10292
-0.21407
-0.21142
-0.03904
-0.07516
-0.13695000000000002
-0.05022
0.14920999999999998
0.06246
0.10847
-0.07238
0.05713
0.06172
0.18899000000000002
0.23370999999999997
0.039529999999999996
0.0344
0.04999
0.12264
0.07905999999999999
0.00607
0.00557
-0.2919
-0.15182
-0.11157
-0.10514
-0.22204999999999997
-0.14789
-0.08714000000000001
-0.09751
-0.18026
-0.00707
-0.00443
0.06318
-0.16189
-0.17459
-0.06857
-0.021339999999999998
-0.0366
-0.19444
-0.13149
-0.23085999999999998
-0.29315
-0.12138
-0.08521000000000001
-0.15686999999999998
0.02068
0.26
0.17102
0.2477
0.24342
0.14188
0.10901
0.08523
-0.06639
0.07084
0.09352
0.20928000000000002
-0.00148
-0.11834
-0.010549999999999999
0.06225
0.13968
-0.17887
-0.09203
-0.1532
0.00479
-0.07881
-0.04684
-0.11313000000000001
-0.16505
-0.050519999999999995
0.04341999999999999
0.045149999999999996
0.12315
-0.0076
0.04992
-0.020640000000000002
0.1329
0.032850000000000004
0.018340000000000002
-0.09210000000000002
0.04238
0.07713
0.04573000000000001
-0.01882
0.11513
0.10640000000000001
0.03314
-0.042
-0.03681
0.08057
0.023700000000000002
-0.04076
-0.07200999999999999
0.13296
0.055510000000000004
0.13505
-0.04753
-0.18733
-0.10549
-0.18085
-0.1119
-0.02019
-0.057960000000000005
-0.1235
-0.14316
0.05476
-0.00748
-0.04287
-0.06853
0.07255
0.02521
-0.01424
0.0223
0.22075
0.08824
0.17729
-0.041260000000000005
0.01848
0.07758
0.09944000000000001
0.20736000000000002
0.20126000000000002
0.09318
0.13269999999999998
-0.11442999999999999
-0.14453
-0.09614
-0.12444000000000001
-0.16854
-0.01224
-0.03306
0.01365
-0.15814999999999999
-0.16106
-0.09379
-0.14775
-0.02971
0.1253
0.09007
0.14748
0.31757
0.25972
0.15979
0.24944
0.20589
0.11718999999999999
0.11209
0.18594999999999998
-0.00597
-0.11205999999999999
-0.0316
-0.058289999999999995
-0.20748999999999998
-0.13201000000000002
-0.02803
-0.043390000000000005
0.10822
0.08752
0.09711
0.0602
0.22511
0.27519
0.18419
0.21879
0.2506
0.16497
0.11035
0.15553
-0.09525
-0.23483
-0.09544000000000001
-0.17545000000000002
0.027450000000000002
0.07888
0.06309000000000001
0.10661
0.27979
0.22094000000000003
0.16655
0.21045999999999998
0.08132
0.03587
0.09788999999999999
0.10029
0.26308
0.09484
0.06309000000000001
-0.03915
-0.1079
0.09243
0.06838
0.061950000000000005
0.14699
0.13685
0.08696
0.06779
-0.04496000000000001
-0.00447
0.008100000000000001
-0.00492
0.03358
0.12122
0.09705
0.16417
0.20451
0.10912000000000001
0.10747
0.15212
0.11672
-0.07424
-0.029009999999999998
-0.13257
0.01195
0.10665
0.07200999999999999
0.07256
0.12398999999999999
0.20192
0.15777
0.17215
0.04774
0.05163
0.09977
0.11932000000000001
0.27542
0.07107000000000001
0.02783
-0.01694
0.02098
0.04807
0.03578
0.00378
0.00331
0.11087
0.08679
0.048029999999999996
0.15645
0.17302
0.10951000000000001
0.08338
0.08555
0.2097
0.14455
0.14462999999999998
-0.024310000000000002
0.11599999999999999
0.13882
0.15416
0.23698
0.30036
0.19838999999999998
0.28071
0.19035
0.0999
0.10737000000000001
0.11951
0.13185
0.14093999999999998
0.12215
0.07801
-0.01744
0.17190000000000003
0.14363
0.20864000000000002
0.02863
-0.00418
0.04076
0.052430000000000004
-0.07786
-0.12854
-0.03977
-0.09000999999999999
0.10086
0.05994
0.0030299999999999997
-0.029060000000000002
-0.07873000000000001
-0.01611
0.01733
0.011200000000000002
0.18397
0.14972
0.11173
0.06662
0.21733
0.21454
0.13147999999999999
0.11379
0.24364999999999998
0.28454
0.18733
0.18718
0.02665
0.05901
0.05912
-0.01969
-0.13488
0.10981
0.06673
0.12918
0.08592000000000001
-0.00636
-0.00481
-0.00244
-0.09051999999999999
-0.10271000000000001
-0.046029999999999995
-0.09465
-0.025830000000000002
0.05588
0.013009999999999999
0.03096
0.10244
-0.01513
-0.04127
-0.12269000000000001
0.00064
0.13007
0.043230000000000005
0.01714
0.06273
0.22179
0.13015000000000002
0.15805
0.2095
0.21203
0.13113
0.10752
0.08279
0.30009
0.18877
0.22191
0.0818
0.29023
0.18766
0.34906
0.25782
0.06346
0.02912
0.06699
-0.11644
-0.09111000000000001
-0.06858
-0.05564
-0.15395
0.04227
0.045309999999999996
0.1261
0.06727
0.12843
0.11825
0.2659
0.11380000000000001
0.043289999999999995
0.11810000000000001
0.21248
0.16143000000000002
0.02214
0.05412
0.06046
0.08306
-0.02314
-0.04194
-0.09151
-0.14942
0.01381
-0.01203
0.05122
-0.09188
-0.06584
-0.00848
0.06358
0.1201
-0.02365
-0.010049999999999998
0.04498
0.05724
-0.05024
-0.04019999999999999
-0.01373
-0.09634999999999999
-0.13293
-0.05407
-0.07732
0.04101
0.13406
0.08266
0.1567
0.01927
-0.04668
-0.00485
-0.03867
-0.15932000000000002
0.01306
0.03537
0.10061999999999999
0.06892000000000001
-0.050910000000000004
-0.01705
0.01728
0.12365
0.00867
-0.0196
0.03141
0.00907
-0.12002
-0.0817
-0.12183999999999999
-0.04529
0.08094
0.04261
0.10297
0.00035999999999999997
-0.02674
-0.01237
0.04011
-0.08865
-0.13712
-0.06744
-0.05846
-0.12719
-0.14585
-0.0897
-0.08393
-0.14259
-0.11699999999999999
-0.04217
-0.00055
0.06325
-0.09147
-0.05842
-0.07263
-0.00251
-0.09035
-0.07927
-0.15313000000000002
-0.13863
-0.08026
-0.07414
-0.13388999999999998
-0.14189
0.00903
0.01242
0.023119999999999998
-0.028140000000000002
-0.08186
-0.05114
-0.09263
0.04884
0.05345
0.01764
0.01058
0.09537000000000001
0.10803000000000001
0.04027
0.05781
0.10864000000000001
0.005699999999999999
-0.03598
-0.08152
-0.04386999999999999
0.03172
-0.056319999999999995
-0.08470000000000001
-0.22384
0.014750000000000001
0.00887
0.058179999999999996
-0.01433
-0.02141
-0.0038900000000000002
-0.01309
0.00838
0.14898
0.0851
0.18651
0.17268
0.06557
0.052000000000000005
0.08704
0.20733000000000001
0.14874
0.07116
0.12710000000000002
-0.02339
-0.05146
-0.04334
-0.00158
-0.10981
-0.16536
-0.10541
-0.12249
-0.01989
0.023530000000000002
-0.00949
0.00947
-0.06515
0.07602
0.04839
0.14962999999999999
0.08526
0.00774
0.02116
0.05926
0.09724000000000001
0.03695
0.01102
0.08343
-0.01093
-0.07488
-0.03656
0.024849999999999997
-0.01981
-0.11205999999999999
-0.06366
-0.05131
-0.16485
-0.1093
-0.047720000000000005
0.03258
0.02008
-0.17112
-0.10525999999999999
-0.15103999999999998
-0.17364000000000002
-0.14795
-0.11735
-0.16414
-0.1349
-0.04436
-0.062430000000000006
-0.07248
-0.1705
-0.055119999999999995
-0.04734
0.03166
0.01532
-0.06712
-0.027149999999999997
0.043550000000000005
0.07194
-0.08832000000000001
-0.05965
-0.06002
-0.13982
-0.18442
-0.13424
-0.17349
-0.1778
-0.16335
-0.13753
-0.18125
-0.20788
-0.11660999999999999
-0.1107
-0.17165
-0.20459
-0.02373
-0.04698
-0.0489
-0.16612
-0.058739999999999994
-0.03581
0.0154
0.06332
-0.01126
-0.01969
-0.0076500000000000005
0.05039
0.06785999999999999
0.049550000000000004
0.12787
0.15274
0.07573
0.07411
0.09462
0.0151
0.01155
0.02927
0.07016
0.0039900000000000005
-0.11988
-0.04878999999999999
-0.08811999999999999
0.07311
0.04763
-0.00241
-0.01808
-0.04965
-0.04103
-0.06647
-0.08199
-0.19566
-0.14435
-0.08951
-0.08765
0.046529999999999995
0.11875
0.08337
0.1572
0.12836
0.08842
0.09325
0.14284
0.07822
-0.010629999999999999
0.033479999999999996
0.031110000000000002
0.02799
-0.05438
-0.01345
-0.03113
0.07091
0.04011
0.0195
-0.00453
0.01048
-0.0011799999999999998
-0.031030000000000002
-0.04994
-0.10657
-0.040970000000000006
-0.03081
0.01736
0.0687
-0.00032
0.01467
0.00368
0.13807
0.19803
0.10758
0.17361000000000001
0.0039700000000000004
-0.0321
0.025009999999999998
0.032400000000000005
0.005410000000000001
0.06085
0.07275999999999999
0.1195
0.09481999999999999
0.06677
0.07978
0.11587
0.14127
0.03453
0.029529999999999997
0.04292
-0.05652
-0.10640000000000001
-0.07864
-0.08923
-0.17237
-0.14564
-0.08061
-0.09756999999999999
-0.00201
0.01837
0.01089
0.0322
0.02062
0.015780000000000002
0.02407
0.04737
-0.029900000000000003
-0.0874
-0.046
-0.06442
-0.09044
-0.02648
-0.008110000000000001
0.019950000000000002
0.05167
-0.018349999999999998
-0.02576
-0.01076
-0.08474
-0.13958
-0.09896
-0.14711
-0.16335999999999998
-0.11818
-0.09345
-0.14067
-0.1795
-0.01898
-0.03185
-0.0064
-0.19436
-0.18413000000000002
-0.12328
-0.15979
-0.09273999999999999
-0.05777
-0.06602000000000001
-0.06637
-0.10635
-0.07912
-0.059370000000000006
-0.09798
0.00477
0.09981
0.03528
0.044989999999999995
-0.0824
0.01352
0.01687
0.07721
0.02416
-0.04625
-0.0028199999999999996
0.00414
-0.05069
-0.04948
-0.022240000000000003
-0.014039999999999999
-0.07345
-0.09266
-0.04226
-0.07913
0.014490000000000001
-0.01536
-0.03259
-0.07719999999999999
-0.00882
0.03019
-0.00901
-0.03024
-0.06823
-0.033530000000000004
-0.027530000000000002
-0.01482
0.06796
0.02223
0.0077800000000000005
0.04739
0.0827
-0.03485
-0.01889
-0.044160000000000005
0.08879
0.10577
0.061829999999999996
0.07859
0.1566
0.08358
0.05912
0.026549999999999997
0.06123
0.15776
0.11314
0.16387000000000002
0.21009
0.11488
0.08054
0.09888
0.10493999999999999
0.05847
0.03484
0.11303
0.07586999999999999
-0.06675
-0.04417
-0.02928
0.00453
-0.07373
-0.0712
-0.09215
-0.11535999999999999
-0.07229000000000001
-0.07293999999999999
-0.0365
-0.14307
-0.13982
-0.06272
-0.05365
0.03596
-0.00466
-0.02384
-0.046639999999999994
-0.02866
-0.01885
-0.028650000000000002
-0.04731
-0.050570000000000004
0.00432
-0.02029
-0.013560000000000001
-0.09681
-0.04069
-0.03321
-0.00579
-0.022860000000000002
-0.04064
-0.04682
-0.03908
-0.17339
-0.11728999999999999
-0.055229999999999994
-0.037610000000000005
0.01405
-0.05006
-0.03524
-0.050839999999999996
-0.06019
-0.00666
0.00649
0.02343
0.13268000000000002
0.10801
0.07797
0.10908
0.18924
0.06718
0.050780000000000006
0.01891
0.029980000000000003
0.11696999999999999
0.08467000000000001
0.13943
0.07934999999999999
-0.023479999999999997
0.011479999999999999
0.01217
-0.03574
-0.02996
0.00395
-0.01103
0.010920000000000001
0.05132
0.025779999999999997
0.07694
0.060860000000000004
-0.048760000000000005
-0.01517
-0.05325
-0.05699
0.04765
0.03618
0.06666
0.016819999999999998
0.026629999999999997
0.059379999999999995
0.08086
0.10826000000000001
0.0199
0.042960000000000005
0.03084
0.07114
0.10683
0.07611
0.10418
0.0042
-0.032080000000000004
-0.00594
-0.03314
-0.0693
0.00975
0.01642
0.04421
0.06982000000000001
-0.02919
-0.03947
-0.05548
-0.13462
-0.08712
-0.05771
-0.06509000000000001
-0.11595000000000001
-0.11188000000000001
-0.08091
-0.10003000000000001
-0.20283
-0.13479
-0.09183999999999999
-0.09297000000000001
-0.17492000000000002
-0.11135999999999999
-0.08163999999999999
-0.12387000000000001
-0.05756
0.00882
-0.01996
-0.023450000000000002
-0.08497
-0.02841
-0.03455
-0.06229
-0.14234
-0.061180000000000005
-0.06735000000000001
-0.07027
-0.12413
-0.04449
-0.0353
-0.01201
-0.0318
-0.01734
0.01126
0.03258
0.13917
0.08613
0.04774
0.07801
0.01925
-0.03955
-0.010549999999999999
-0.019119999999999998
-0.06466999999999999
-0.03233
0.010669999999999999
0.035840000000000004
0.10074
0.06401
0.06511
0.08953
0.04437
-0.07602
-0.03381
-0.09228
-0.02659
0.010329999999999999
0.01369
-0.011899999999999999
0.10980000000000001
0.13771
0.0611
0.05505
-0.08664
-0.00521
0.0037199999999999998
0.01478
-0.059000000000000004
-0.05271
-0.0066
-0.017689999999999997
-0.01587
0.058789999999999995
0.07144
0.10744999999999999
0.2028
0.14558
0.09689
0.1075
0.00762
0.04573000000000001
0.06155
0.08909
0.08033
0.04503
0.06096
0.06927
0.08547
0.031059999999999997
0.03349
0.031190000000000002
-0.02375
-0.04713
-0.024380000000000002
-0.030750000000000003
-0.08092
-0.13086
-0.08644
-0.12525
-0.10766
-0.01395
0.00449
0.0087
0.05781
0.06613000000000001
0.057980000000000004
0.03743
0.04855
0.06272
0.03597
0.033620000000000004
-0.06573999999999999
-0.00509
0.011240000000000002
0.04591
-0.03475
-0.12084
-0.06839
-0.11938
-0.01592
-0.03093
-0.05393
-0.09222
-0.06770999999999999
0.0139
-0.02528
0.010129999999999998
0.0032
-0.05234
-0.04444
-0.03198
-0.07001
-0.09477000000000001
-0.07525
-0.10336000000000001
-0.19027000000000002
-0.13446999999999998
-0.0809
-0.11219
-0.08289999999999999
-0.012430000000000002
0.00529
-0.00428
0.06709
0.0635
0.026459999999999997
-0.00964
0.008289999999999999
0.08391
0.03328
0.04305
-0.03228
0.0183
0.01566
0.04596
-0.014610000000000001
-0.05257
-0.00909
-0.0072699999999999996
0.0483
0.04494
0.0359
0.07208
0.029660000000000002
-0.0394
0.01993
0.022799999999999997
0.15566000000000002
0.06422
0.06075
0.0245
0.12842
0.1016
0.0582
0.00886
-0.00146
0.07566
0.052919999999999995
0.043710000000000006
-0.03962
0.017
0.028980000000000002
0.05317
-0.00061
-0.0775
-0.03562
-0.08301
-0.01621
0.04026
0.01196
-0.00211
-0.0785
-0.01087
0.0235
0.02242
0.09788000000000001
0.10721
0.10242000000000001
0.10872
0.18849
0.13198000000000001
0.08489000000000001
0.05163
0.00021
0.08134000000000001
0.09133
0.050199999999999995
0.11068
0.19594
0.12584
0.13576
0.025990000000000003
0.09941000000000001
0.08808999999999999
0.13032
0.03166
0.0006900000000000001
0.03406
0.03753
-0.00728
-0.01125
0.02749
0.03358
0.13466
0.08167999999999999
0.06748
0.07551999999999999
0.14957
0.045970000000000004
0.021920000000000002
-0.041299999999999996
0.026459999999999997
0.10085000000000001
0.048339999999999994
0.03321
-0.02625
0.07051
0.047729999999999995
0.07513
-0.06443
-0.07536
-0.020579999999999998
-0.07049
-0.027450000000000002
0.05526
0.01609
0.03622
-0.08497
-0.02412
0.00534
0.023119999999999998
0.09417
0.07558
0.03941
0.06491
-0.022559999999999997
-0.043609999999999996
-0.01734
-0.01599
0.07281
0.01613
0.01765
0.02916
0.10888
0.05144
0.02918
0.01163
-0.07722000000000001
-0.02368
-0.002
0.00466
-0.0006900000000000001
-0.019610000000000002
-0.01428
-0.01791
-0.05668
-0.09724000000000001
-0.06672
-0.12276
-0.10238
-0.04115
-0.05832
-0.09582
-0.14511
-0.07261000000000001
-0.07289
-0.09227
-0.03657
0.00108
-0.011739999999999999
0.00888
0.09961
0.06626
0.02212
0.04115
0.05009
-0.0146
-0.018009999999999998
-0.030699999999999998
-0.02698
0.0020599999999999998
-0.00713
-0.02657
0.023639999999999998
0.11983
0.0666
0.09566000000000001
0.05165
0.04992
0.04536
0.07378
0.0377
-0.0072299999999999994
-0.0028199999999999996
0.04088
0.01344
-0.09332000000000001
-0.06338
-0.0668
0.0028199999999999996
-0.06803
-0.09139
-0.11129
-0.09595000000000001
-0.08503
-0.07839
-0.0924
-0.08895
-0.02872
-0.03973
-0.04308
-0.06892999999999999
-0.06509000000000001
-0.05322
-0.08304
-0.08333
-0.011430000000000001
-0.028769999999999997
-0.00106
-0.09752000000000001
-0.09384
-0.04765
-0.040670000000000005
0.03727
-0.00057
-0.00766
-0.02214
0.03847
0.02935
0.006979999999999999
0.03504
0.07703
-0.01303
0.00024
-0.016040000000000002
0.08285999999999999
0.05499
0.00972
0.04823
0.01651
-0.12237
-0.09734999999999999
-0.14894
-0.11576
-0.10131
-0.09211
-0.12444000000000001
-0.04655
-0.00971
-0.0364
-0.07295
-0.00733
0.03138
-0.02468
-0.05508
-0.10686
-0.01253
-0.049640000000000004
-0.05253
-0.12204000000000001
-0.041870000000000004
-0.04963
-0.01184
-0.01949
-0.07439
-0.07894999999999999
-0.045570000000000006
-0.050170000000000006
-0.10654999999999999
-0.09562
-0.0764
0.0166
-0.06219
-0.08306
-0.11234999999999999
-0.06562
0.013600000000000001
-0.04031
-0.03072
-0.10888
-0.060599999999999994
-0.06083
-0.04167
-0.14495
-0.12388
-0.09476000000000001
-0.11019
-0.15906
-0.05619
-0.054900000000000004
-0.014950000000000001
-0.0964
-0.10202
-0.060919999999999995
-0.0338
0.003
-0.07406
-0.07862
-0.07516
-0.05634
-0.14306
-0.13793
-0.18556
-0.14322
-0.059800000000000006
-0.08364
-0.08307
-0.03097
-0.03935
-0.06068
-0.06631000000000001
-0.15163000000000001
-0.09585
-0.08109999999999999
-0.07832
-0.16619
-0.14256
-0.10139
-0.11548
-0.12535
-0.0527
-0.03888
-0.01192
-0.00362
-0.06695000000000001
-0.06372
-0.08458
-0.004030000000000001
-0.03475
-0.05409
-0.062220000000000004
0.0069099999999999995
-0.00124
-0.02173
-0.02458
-0.00984
-0.02503
-0.022240000000000003
-0.03904
0.03541
0.00569
-0.019370000000000002
-0.01954
0.028380000000000002
0.008579999999999999
-0.00489
-0.018000000000000002
-0.00058
0.04816
0.029449999999999997
0.048369999999999996
0.08406000000000001
0.022559999999999997
0.007940000000000001
-0.00345
0.06476
0.046799999999999994
0.00311
-0.00733
0.00077
0.04871
0.00183
0.022719999999999997
-0.09672
-0.06837
-0.03868
-0.0177
0.01608
-0.01877
-0.02955
-0.0079
-0.0533
-0.05981
-0.04162
-0.057980000000000004
-0.02994
0.025390000000000003
0.00827
0.029249999999999998
-0.0095
-0.02888
-0.01505
-0.00964
-0.04441
-0.05015
-0.02907
-0.05101
0.0113
0.036629999999999996
-0.00607
-0.00027
-0.03455
-0.02965
-0.02902
-0.03574
-0.004
0.01562
-0.0016200000000000001
-0.00644
-0.04206000000000001
-0.00457
-0.01176
-0.00542
-0.048499999999999995
0.0028199999999999996
0.02338
0.06245
0.06564
0.00905
0.02933
0.03544
0.07730000000000001
0.0351
0.04826
0.05325
0.1309
0.03707
0.022949999999999998
-0.027839999999999997
-0.02779
0.0548
0.05753
0.08158
0.12657
0.0359
0.02724
-0.01332
0.00105
-0.00344
-0.01018
-0.01447
0.09545
0.0475
0.01964
-0.00745
0.03985
0.06326999999999999
0.03021
0.00846
0.01942
0.11784
0.0779
0.11086
0.034820000000000004
0.040330000000000005
0.05009
0.03965
0.011040000000000001
0.06788999999999999
0.048639999999999996
0.03927
-0.03833
-0.02249
-0.021110000000000004
-0.03866
-0.08744999999999999
-0.051210000000000006
-0.033479999999999996
-0.0584
-0.04167
0.043579999999999994
0.02614
0.04062
0.06443
0.05434
0.03315
0.04085
0.11441000000000001
0.07293
0.047889999999999995
0.04141
0.07522999999999999
0.12271000000000001
0.07217
0.06672
-0.01509
0.0745
0.06298
0.06901
0.03031
0.12279999999999999
0.09146000000000001
0.12846
0.02331
0.03405
0.05655
0.05299
0.08366
0.13801
0.08779999999999999
0.1201
0.00055
0.00754
0.02427
0.054029999999999995
0.00565
0.0202
0.04452
0.07113
0.06284
0.07136999999999999
0.0816
0.10883
0.10754
0.07886
0.09180999999999999
0.12093
0.08916
0.02278
0.05208
0.03298
0.03157
0.05316
0.04566
0.03543
-0.03143
0.01865
0.044770000000000004
0.051879999999999996
0.05711
0.02241
0.038849999999999996
0.00748
0.032080000000000004
0.05801
0.03454
0.01504
0.01678
0.06558
0.044969999999999996
0.03686
-0.01665
0.08615
0.08121
0.12849
0.08273
0.04066
0.05942
0.0781
0.09032
0.00748
0.023250000000000003
-0.01291
0.06559
0.13581
0.10586000000000001
0.12549
0.09957
0.0934
0.06881
0.06458
-0.008159999999999999
0.00128
0.01803
0.01347
0.08552
0.057190000000000005
0.027530000000000002
0.03501
0.01956
0.054740000000000004
0.039169999999999996
0.07414
0.051100000000000007
0.018779999999999998
0.0086
0.01832
-0.02833
-0.03633
-0.013640000000000001
-0.01087
-0.00776
0.03766
0.040510000000000004
0.060759999999999995
0.02379
-0.00010999999999999999
-0.00491
-0.00864
-0.09666000000000001
-0.07243000000000001
-0.03752
-0.05027
-0.04085
0.02414
0.0229
0.046
0.09893
0.04656
0.031869999999999996
0.04003
0.02061
0.00101
0.00091
0.01609
-0.028319999999999998
-0.05179
-0.02384
0.00164
0.02487
-0.05195
-0.02321
-0.03984
0.0642
0.00936
-0.00791
-0.048490000000000005
-0.00997
0.061509999999999995
0.03242
0.03755
-0.01924
0.03087
0.01825
0.01019
-0.07142
-0.03804
-0.02212
-0.031560000000000005
-0.02299
0.03144
0.0108
0.03753
-0.04559
-0.050039999999999994
-0.01985
-0.0038900000000000002
0.030670000000000003
0.00148
-0.0024
0.021589999999999998
0.04708999999999999
-0.00632
-0.00066
-0.01756
0.0661
0.07966000000000001
0.03063
0.04965
-0.02443
-0.03229
-0.01046
-0.025169999999999998
-0.06917
0.00978
0.02088
0.034140000000000004
-0.016479999999999998
0.04147
0.044059999999999995
0.08319000000000001
0.04042
-0.0035299999999999997
0.021949999999999997
0.03011
0.01992
-0.03461
-0.0209
-0.02241
-0.03665
-0.07567
-0.0458
-0.08112
-0.02979
0.01933
0.006790000000000001
-0.0035199999999999997
0.02758
0.08965
0.06568
0.08960000000000001
0.06386
0.01332
0.025310000000000003
0.00822
-0.02122
0.03669
0.02931
0.04418999999999999
-0.01004
-0.045309999999999996
-0.029380000000000003
-0.05486
-0.03313
0.00213
-0.010280000000000001
-0.00534
-0.0032700000000000003
0.01035
0.0028899999999999998
0.014159999999999999
0.04658
0.027309999999999997
0.02299
0.01806
-0.01154
0.0281
0.02331
0.04458
-0.00846
-0.03411
-0.0053300000000000005
-0.00602
-0.00631
-0.0042899999999999995
0.009689999999999999
-0.00362
0.05099
0.07698
0.06067
0.06905
0.10436999999999999
0.06663000000000001
0.05071
0.032080000000000004
0.04621
0.07676
0.053399999999999996
0.05605
0.07299
0.05848
0.04745
0.06726
0.046020000000000005
0.013560000000000001
0.03427
0.03129
0.08055999999999999
0.06326999999999999
0.04521
0.0409
0.04376
0.0855
0.06704
0.08976
0.03134
0.037200000000000004
0.05748
0.055970000000000006
0.03633
0.02751
0.04056
0.022719999999999997
0.03349
0.0608
0.05285
0.038919999999999996
0.04992
0.07647
0.06441
0.06246
0.11134000000000001
0.12552
0.08321999999999999
0.10517
0.06742
0.0011200000000000001
0.00336
-0.014570000000000001
0.01397
0.02773
0.01717
0.02535
0.049729999999999996
0.04463
0.0341
0.01607
0.00084
0.10672000000000001
0.07469
0.12141
0.0904
0.06319
0.059269999999999996
0.07916000000000001
0.01087
0.00753
0.026709999999999998
0.03442
0.0017299999999999998
-0.00086
0.01462
0.02621
-0.00263
-0.04716
-0.030289999999999997
-0.04672
-0.07589
-0.05035
-0.032690000000000004
-0.045259999999999995
0.0184
0.00773
0.00127
-0.00553
0.025099999999999997
0.05168999999999999
0.04322
0.06734
0.09244
0.04904
0.03588
0.02088
-0.01656
0.02275
0.02928
0.023940000000000003
0.06087
0.08811
0.08351000000000001
0.10053000000000001
0.13954
0.11428
0.08669
0.09506
0.05396
0.07668
0.061239999999999996
0.08083
0.0111
-0.0048
0.01079
0.022799999999999997
-0.018260000000000002
-0.04488
-0.020560000000000002
-0.044930000000000005
-0.064
-0.01138
-0.00919
-0.02075
-0.02073
0.02035
0.032959999999999996
0.03866
0.06929
0.12345
0.11648
0.14626
0.1604
0.13161
0.11721
0.11564999999999999
0.12765
0.12326000000000001
0.09426
0.10754
0.0736
0.04336
0.04501
0.04087
0.052320000000000005
0.07501000000000001
0.05239
0.07664
0.04496000000000001
0.01458
0.025619999999999997
0.02635
0.019119999999999998
0.02035
0.02787
0.02789
-0.01353
0.04755
0.06668
0.09151
0.09748
0.08292
0.08906
0.11129
0.06332
0.04363
0.07329
0.09696999999999999
0.11152
0.01796
0.035379999999999995
-0.00197
0.0602
0.05847
0.028380000000000002
0.00924
0.02706
0.03915
0.01887
0.00685
0.00557
0.06416000000000001
0.04409
0.06776
0.0408
0.02062
0.02828
0.03894
0.00825
0.01664
0.034
0.05357
0.004739999999999999
-0.01836
0.00922
-0.01195
-0.02215
0.01874
0.02315
0.02176
0.02366
0.03468
0.03841
0.03594
0.07174
0.09242
0.07287
0.08837999999999999
0.06197
0.028610000000000003
0.02019
0.00197
-0.0458
-0.040780000000000004
-0.02475
-0.04136
-0.062119999999999995
-0.00601
-0.0025800000000000003
0.007850000000000001
-0.05193
-0.03213
-0.00297
-0.00688
0.02672
0.01208
-0.0022500000000000003
-0.01614
-0.030990000000000004
0.022709999999999998
0.014379999999999999
0.006999999999999999
-0.024860000000000004
0.00611
0.0013900000000000002
-0.01756
-0.018799999999999997
0.03847
0.022010000000000002
0.04415
0.01365
-0.030459999999999997
-0.02005
-0.03839
-0.07868
-0.01555
-0.00893
-0.00345
-0.02376
-0.04111
-0.0291
-0.05045
-0.02061
0.03926
0.01607
0.036000000000000004
0.036680000000000004
0.01184
0.005180000000000001
-0.010960000000000001
-0.022000000000000002
0.01722
0.018000000000000002
0.02535
0.04433
0.03214
0.02165
0.02811
0.049089999999999995
0.02566
0.0123
0.01366
0.025779999999999997
0.030950000000000002
0.01684
0.0302
0.02046
0.00021
0.01049
0.020659999999999998
0.03496
0.01244
0.01129
0.013879999999999998
0.022719999999999997
0.00793
0.00651
-5e-05
-0.0022400000000000002
0.01057
0.00442
0.00517
-0.0072
0.00031
0.00329
0.00915
0.01167
-0.00037
-0.004050000000000001
-0.00268
-0.00214
-0.013269999999999999
-0.00993
-0.012450000000000001
-0.00407
-0.00099
-0.00479
-0.0007199999999999999
-3e-05
-0.0044800000000000005
-0.00477
-0.00328
-0.00577
-0.01103
-0.00935
-0.01195
-0.01391
-0.00996
-0.006959999999999999
-0.00357
-0.00052
-0.00124
-0.00135
7.000000000000001e-05
-0.00131
-0.0023
-0.00172
-0.00256
-0.0013
-0.0010199999999999999
-0.00084
-0.0020399999999999997
-0.00202
-0.0015199999999999999
-0.00194
-0.00228
-0.00249
-0.00218
-0.0019500000000000001
-0.00161
-0.00117
-0.00063
0.0
0.0
0.0
0.0
0.0
0.0
0.0
0.0
0.0
0.0
0.0
0.0
0.0
0.0
0.0
0.0
0.0
0.0
0.0
0.0
0.0
0.0
0.0
0.0
0.0
0.0
0.0
0.0
0.0
0.0
0.0
0.0
0.0
0.0
0.0
0.0
0.0
0.0
0.0
0.0
0.0
0.0
0.0
0.0
0.0
0.0
0.0
0.0
0.0
0.0
0.0
0.0
0.0
0.0
0.0
0.0
0.0
0.0
0.0
0.0
0.0
0.0
0.0
0.0
0.0
0.0
0.0
0.0
0.0
0.0
0.0
0.0
0.0
0.0
0.0
0.0
0.0
0.0
0.0
0.0
0.0
0.0
0.0
0.0
0.0
0.0
0.0
0.0
0.0
0.0
0.0
0.0
0.0
0.0
0.0
0.0
0.0
0.0
0.0
0.0
0.0
0.0
0.0
0.0
0.0
0.0
0.0
0.0
0.0
0.0
0.0
0.0
0.0
0.0
0.0
0.0
0.0
0.0
0.0
0.0
0.0
0.0
0.0
0.0
0.0
0.0
0.0
0.0
0.0
0.0
0.0
0.0
0.0
0.0
0.0
0.0
0.0
0.0
0.0
0.0
0.0
0.0
0.0
0.0
0.0
0.0
0.0
0.0
0.0
0.0
0.0
0.0
0.0
0.0
0.0
0.0
0.0
0.0
0.0
0.0
0.0
0.0
0.0
0.0
0.0
0.0
0.0
0.0
0.0
0.0
0.0
0.0
0.0
0.0
0.0
0.0
0.0
0.0
0.0
0.0
0.0
0.0
0.0
0.0
0.0
0.0
0.0
0.0
0.0
0.0
0.0
0.0
0.0
0.0
0.0
0.0
0.0
0.0
0.0
0.0
0.0
0.0
0.0
0.0
0.0
0.0
0.0
0.0
0.0
0.0
0.0
0.0
0.0
0.0
0.0
0.0
0.0
0.0
0.0
0.0
0.0
0.0
0.0
0.0
0.0
0.0
0.0
0.0
0.0
0.0
0.0
0.0
0.0
0.0
0.0
0.0
0.0
0.0
0.0
0.0
0.0
0.0
0.0
0.0
0.0
0.0
0.0
0.0
0.0
0.0
0.0
0.0
0.0
0.0
0.0
0.0
0.0
0.0
0.0
0.0
0.0
0.0
0.0
0.0
0.0
0.0
0.0
0.0
0.0
0.0
0.0
0.0
0.0
0.0
0.0
0.0
0.0
0.0
0.0
0.0
0.0
0.0
0.0
0.0
0.0
0.0
0.0
0.0
0.0
0.0
0.0
0.0
0.0
0.0
0.0
0.0
0.0
0.0
0.0
0.0
0.0
0.0
0.0
0.0
0.0
0.0
0.0
0.0
0.0
0.0
0.0
0.0
0.0
0.0
0.0
0.0
0.0
0.0
0.0
0.0
0.0
0.0
0.0
0.0
0.0
0.0
0.0
0.0
0.0
0.0
0.0
0.0
0.0
0.0
0.0
0.0
0.0
0.0
0.0
0.0
0.0
0.0
0.0
0.0
0.0
0.0
0.0
0.0
0.0
0.0
0.0
0.0
0.0
0.0
0.0
0.0
0.0
0.0
0.0
0.0
0.0
0.0
0.0
0.0
0.0
0.0
0.0
0.0
0.0
0.0
0.0
0.0
0.0
0.0
0.0
0.0
0.0
0.0
0.0
0.0
0.0
0.0
0.0
0.0
0.0
0.0
0.0
0.0
0.0
0.0
0.0
0.0
0.0
0.0
0.0
0.0
0.0
0.0
0.0
0.0
0.0
0.0
0.0
0.0
0.0
0.0
0.0
0.0
0.0
0.0
0.0
0.0
0.0
0.0
0.0
0.0
0.0
0.0
0.0
0.0
0.0
0.0
0.0
0.0
0.0
0.0
0.0
0.0
0.0
0.0
0.0
0.0
0.0
0.0
0.0
0.0
0.0
0.0
0.0
0.0
0.0
0.0
0.0
0.0
0.0
0.0
0.0
0.0
0.0
0.0
0.0
0.0
0.0
0.0
0.0
0.0
0.0
0.0
0.0
0.0
0.0
0.0
0.0
0.0
0.0
0.0
0.0
0.0
0.0
0.0
0.0
0.0
0.0
0.0
0.0
0.0
0.0
0.0
0.0
0.0
0.0
0.0
0.0
0.0
0.0
0.0
0.0
0.0
0.0
0.0
0.0
0.0
0.0
0.0
0.0
0.0
0.0
0.0
0.0
0.0
0.0
0.0
0.0
0.0
0.0
0.0
0.0
0.0
0.0
0.0
0.0
0.0
0.0
0.0
0.0
0.0
0.0
0.0
0.0
0.0
0.0
0.0
0.0
0.0
0.0
0.0
0.0
0.0
0.0
0.0
0.0
0.0
0.0
0.0
0.0
0.0
0.0
0.0
0.0
0.0
0.0
0.0
0.0
0.0
0.0
0.0
0.0
0.0
0.0
0.0
0.0
0.0
0.0
0.0
0.0
0.0
0.0
0.0
0.0
0.0
0.0
0.0
0.0
0.0
0.0
0.0
0.0
0.0
0.0
0.0
0.0
0.0
0.0
0.0
0.0
0.0
0.0
0.0
0.0
0.0
0.0
0.0
0.0
0.0
0.0
0.0
0.0
0.0
0.0
0.0
0.0
0.0
0.0
0.0
0.0
0.0
0.0
0.0
0.0
0.0
0.0
0.0
0.0
0.0
0.0
0.0
0.0
0.0
0.0
0.0
0.0
0.0
0.0
0.0
0.0
0.0
0.0
0.0
0.0
0.0
0.0
0.0
0.0
0.0
0.0
0.0
0.0
0.0
0.0
0.0
0.0
0.0
0.0
0.0
0.0
0.0
0.0
0.0
0.0
0.0
0.0
0.0
0.0
0.0
0.0
0.0
0.0
0.0
0.0
0.0
0.0
0.0
0.0
0.0
0.0
0.0
0.0
0.0
0.0
0.0
0.0
0.0
0.0
0.0
0.0
0.0
0.0
0.0
0.0
0.0
0.0
0.0
0.0
0.0
0.0
0.0
0.0
0.0
0.0
0.0
0.0
0.0
0.0
0.0
0.0
0.0
0.0
0.0
0.0
0.0
0.0
0.0
0.0
0.0
0.0
0.0
0.0
0.0
0.0
0.0
0.0
0.0
0.0
0.0
0.0
0.0
0.0
0.0
0.0
0.0
0.0
0.0
0.0
0.0
0.0
0.0
0.0
0.0
0.0
0.0
0.0
0.0
0.0
0.0
0.0
0.0
0.0
0.0
0.0
0.0
0.0
0.0
0.0
0.0
0.0
0.0
0.0
0.0
0.0
0.0
0.0
0.0
0.0
0.0
0.0
0.0
0.0
0.0
0.0
0.0
0.0
0.0
0.0
0.0
0.0
0.0
0.0
0.0
0.0
0.0
0.0
0.0
0.0
0.0
0.0
0.0
0.0
0.0
0.0
0.0
0.0
0.0
0.0
0.0
0.0
0.0
0.0
0.0
0.0
0.0
0.0
0.0
0.0
0.0
0.0
0.0
0.0
0.0
0.0
0.0
0.0
0.0
0.0
0.0
0.0
0.0
0.0
0.0
0.0
0.0
0.0
0.0
0.0
0.0
0.0
0.0
0.0
0.0
0.0
0.0
0.0
0.0
0.0
0.0
0.0
0.0
0.0
0.0
0.0
0.0
0.0
0.0
0.0
0.0
0.0
0.0
0.0
0.0
0.0
0.0
0.0
0.0
0.0
0.0
0.0
0.0
0.0
0.0
0.0
0.0
0.0
0.0
0.0
0.0
0.0
0.0
0.0
0.0
0.0
0.0
0.0
0.0
0.0
0.0
0.0
0.0
0.0
0.0
0.0
0.0
0.0
0.0
0.0
0.0
0.0
0.0
0.0
0.0
0.0
0.0
0.0
0.0
0.0
0.0
0.0
0.0
0.0
0.0
0.0
0.0
0.0
0.0
0.0
0.0
0.0
0.0
0.0
0.0
0.0
0.0
0.0
0.0
0.0
0.0
0.0
0.0
0.0
0.0
0.0
0.0
0.0
0.0
0.0
0.0
0.0
0.0
0.0
0.0
0.0
0.0
0.0
0.0
0.0
0.0
0.0
0.0
0.0
0.0
0.0
0.0
0.0
0.0
0.0
0.0
0.0
0.0
0.0
0.0
0.0
0.0
0.0
0.0
0.0
0.0
0.0
0.0
0.0
0.0
0.0
0.0
0.0
0.0
0.0
0.0
0.0
0.0
0.0
0.0
0.0
0.0
0.0
0.0
0.0
0.0
0.0
0.0
0.0
0.0
0.0
0.0
0.0
0.0
0.0
0.0
0.0
0.0
0.0
0.0
0.0
0.0
0.0
0.0
0.0
0.0
0.0
0.0
0.0
0.0
0.0
0.0
0.0
0.0
0.0
0.0
0.0
0.0
0.0
0.0
0.0
0.0
0.0
0.0
0.0
0.0
0.0
0.0
0.0
0.0
0.0
0.0
0.0
0.0
0.0
0.0
0.0
0.0
0.0
0.0
0.0
0.0
0.0
0.0
0.0
0.0
0.0
0.0
0.0
0.0
0.0
0.0
0.0
0.0
0.0
0.0
0.0
0.0
0.0
0.0
0.0
0.0
0.0
0.0
0.0
0.0
0.0
0.0
0.0
0.0
0.0
0.0
0.0
0.0
0.0
0.0
0.0
0.0
0.0
0.0
0.0
0.0
0.0
0.0
0.0
0.0
0.0
0.0
0.0
0.0
0.0
0.0
0.0
0.0
0.0
0.0
0.0
0.0
0.0
0.0
0.0
0.0
0.0
0.0
0.0
0.0
0.0
0.0
0.0
0.0
0.0
0.0
0.0
0.0
0.0
0.0
0.0
0.0
0.0
0.0
0.0
0.0
0.0
0.0
0.0
0.0
0.0
0.0
0.0
0.0
0.0
0.0
0.0
0.0
0.0
0.0
0.0
0.0
0.0
0.0
0.0
0.0
0.0
0.0
0.0
0.0
0.0
0.0
0.0
0.0
0.0
0.0
0.0
0.0
0.0
0.0
0.0
0.0
0.0
0.0
0.0
0.0
0.0
0.0
0.0
0.0
0.0
0.0
0.0
0.0
0.0
0.0
0.0
0.0
0.0
0.0
0.0
0.0
0.0
0.0
0.0
0.0
0.0
0.0
0.0
0.0
0.0
0.0
0.0
0.0
0.0
0.0
0.0
0.0
0.0
0.0
0.0
0.0
0.0
0.0
0.0
0.0
0.0
0.0
0.0
0.0
0.0
0.0
0.0
0.0
0.0
0.0
0.0
0.0
0.0
0.0
0.0
0.0
0.0
0.0
0.0
0.0
0.0
0.0
0.0
0.0
0.0
0.0
0.0
0.0
0.0
0.0
0.0
0.0
0.0
0.0
0.0
0.0
0.0
0.0
0.0
0.0
0.0
0.0
0.0
0.0
0.0
0.0
0.0
0.0
0.0
0.0
0.0
0.0
0.0
0.0
0.0
0.0
0.0
0.0
0.0
0.0
0.0
0.0
0.0
0.0
0.0
0.0
0.0
0.0
0.0
0.0
0.0
0.0
0.0
0.0
0.0
0.0
0.0
0.0
0.0
0.0
0.0
0.0
0.0
0.0
0.0
0.0
0.0
0.0
0.0
0.0
0.0
0.0
0.0
0.0
0.0
0.0
0.0
0.0
0.0
0.0
0.0
0.0
0.0
0.0
0.0
0.0
0.0
0.0
0.0
0.0
0.0
0.0
0.0
0.0
0.0
0.0
0.0
0.0
0.0
0.0
0.0
0.0
0.0
0.0
0.0
0.0
0.0
0.0
0.0
0.0
0.0
0.0
0.0
0.0
0.0
0.0
0.0
0.0
0.0
0.0
0.0
0.0
0.0
0.0
0.0
0.0
0.0
0.0
0.0
0.0
0.0
0.0
0.0
0.0
0.0
0.0
0.0
0.0
0.0
0.0
0.0
0.0
0.0
0.0
0.0
0.0
0.0
0.0
0.0
0.0
0.0
0.0
0.0
0.0
0.0
0.0
0.0
0.0
0.0
0.0
0.0
0.0
0.0
0.0
0.0
0.0
0.0
0.0
0.0
0.0
0.0
0.0
0.0
0.0
0.0
0.0
0.0
0.0
0.0
0.0
0.0
0.0
0.0
0.0
0.0
0.0
0.0
0.0
0.0
0.0
0.0
0.0
0.0
0.0
0.0
0.0
0.0
0.0
0.0
0.0
0.0
0.0
0.0
0.0
0.0
0.0
0.0
0.0
0.0
0.0
0.0
0.0
0.0
0.0
0.0
0.0
0.0
0.0
0.0
0.0
0.0
0.0
0.0
0.0
0.0
0.0
0.0
0.0
0.0
0.0
0.0
0.0
0.0
0.0
0.0
0.0
0.0
0.0
0.0
0.0
0.0
0.0
0.0
0.0
0.0
0.0
0.0
0.0
0.0
0.0
0.0
0.0
0.0
0.0
0.0
0.0
0.0
0.0
0.0
0.0
0.0
0.0
0.0
0.0
0.0
0.0
0.0
0.0
0.0
0.0
0.0
0.0
0.0
0.0
0.0
0.0
0.0
0.0
0.0
0.0
0.0
0.0
0.0
0.0
0.0
0.0
0.0
0.0
0.0
0.0
0.0
0.0
0.0
0.0
0.0
0.0
0.0
0.0
0.0
0.0
0.0
0.0
0.0
0.0
0.0
0.0
0.0
0.0
0.0
0.0
0.0
0.0
0.0
0.0
0.0
0.0
0.0
0.0
0.0
0.0
0.0
0.0
0.0
0.0
0.0
0.0
0.0
0.0
0.0
0.0
0.0
0.0
0.0
0.0
0.0
0.0
0.0
0.0
0.0
0.0
0.0
0.0
0.0
0.0
0.0
0.0
0.0
0.0
0.0
0.0
0.0
0.0
0.0
0.0
0.0
0.0
0.0
0.0
0.0
0.0
0.0
0.0
0.0
0.0
0.0
0.0
0.0
0.0
0.0
0.0
0.0
0.0
0.0
0.0
0.0
0.0
0.0
0.0
0.0
0.0
0.0
0.0
0.0
0.0
0.0
0.0
0.0
0.0
0.0
0.0
0.0
0.0
0.0
0.0
0.0
0.0
0.0
0.0
0.0
0.0
0.0
0.0
0.0
0.0
0.0
0.0
0.0
0.0
0.0
0.0
0.0
0.0
0.0
0.0
0.0
0.0
0.0
0.0
0.0
0.0
0.0
0.0
0.0
0.0
0.0
0.0
0.0
0.0
0.0
0.0
0.0
0.0
0.0
0.0
0.0
0.0
0.0
0.0
0.0
0.0
0.0
0.0
0.0
0.0
0.0
0.0
0.0
0.0
0.0
0.0
0.0
0.0
0.0
0.0
0.0
0.0
0.0
0.0
0.0
0.0
0.0
0.0
0.0
0.0
0.0
0.0
0.0
0.0
0.0
0.0
0.0
0.0
0.0
0.0
0.0
0.0
0.0
0.0
0.0
0.0
0.0
0.0
0.0
0.0
0.0
0.0
0.0
0.0
0.0
0.0
0.0
0.0
0.0
0.0
0.0
0.0
0.0
0.0
0.0
0.0
0.0
0.0
0.0
0.0
0.0
0.0
0.0
0.0
0.0
0.0
0.0
0.0
0.0
0.0
0.0
0.0
0.0
0.0
0.0
0.0
0.0
0.0
0.0
0.0
0.0
0.0
0.0
0.0
0.0
0.0
0.0
0.0
0.0
0.0
0.0
0.0
0.0
0.0
0.0
0.0
0.0
0.0
0.0
0.0
0.0
0.0
0.0
0.0
0.0
0.0
0.0
0.0
0.0
0.0
0.0
0.0
0.0
0.0
0.0
0.0
0.0
0.0
0.0
0.0
0.0
0.0
0.0
0.0
0.0
0.0
0.0
0.0
0.0
0.0
0.0
0.0
0.0
0.0
0.0
0.0
0.0
0.0
0.0
0.0
0.0
0.0
0.0
0.0
0.0
0.0
0.0
0.0
0.0
0.0
0.0
0.0
0.0
0.0
0.0
0.0
0.0
0.0
0.0
0.0
0.0
0.0
0.0
0.0
0.0
0.0
0.0
0.0
0.0
0.0
0.0
0.0
0.0
0.0
0.0
0.0
0.0
0.0
0.0
