-0.0
-0.0002
-0.0002
-0.00023
-0.0002
-0.0002
-0.00032
-0.0002
-0.0002
-0.00047
-0.0002
-0.0002
-0.00068
-0.00021
-0.00021
-0.00095
-0.00021999999999999998
-0.00021999999999999998
-0.00128
-0.00024
-0.00024
-0.0016300000000000002
-0.00028000000000000003
-0.00027
-0.00212
-0.00034
-0.00034
-0.00264
-0.0005
-0.00043999999999999996
-0.00321
-0.00095
-0.00092
-0.00384
-0.00178
-0.0016
-0.00422
-0.00135
-0.0018
-0.00421
-0.0035199999999999997
-0.00178
-0.0042899999999999995
-0.0059299999999999995
-0.00668
-0.00513
-0.0041199999999999995
-0.0007000000000000001
0.0013700000000000001
0.00549
0.0032300000000000002
0.00316
0.00438
0.00312
0.00409
0.00473
0.0026
0.00411
0.00567
0.0032400000000000003
0.00454
0.0062900000000000005
0.0034799999999999996
0.00499
0.00898
0.00494
0.0066300000000000005
0.012230000000000001
0.00687
0.00882
0.016200000000000003
0.01157
0.011359999999999999
0.01764
0.01099
0.010669999999999999
0.01279
0.01836
0.02017
0.01747
0.01191
0.0108
0.00328
-0.0046500000000000005
-0.01655
-0.01127
-0.013580000000000002
-0.01802
-0.01069
-0.00955
-0.01583
-0.00885
-0.00844
-0.016890000000000002
-0.00946
-0.00809
-0.01598
-0.0105
-0.00866
-0.01691
-0.01244
-0.010169999999999998
-0.019459999999999998
-0.01735
-0.014459999999999999
-0.020419999999999997
-0.01889
-0.01684
-0.01975
-0.01916
-0.018600000000000002
-0.02665
-0.027770000000000003
-0.01921
-0.02771
-0.029089999999999998
-0.01504
-0.02437
-0.03592
-0.02122
-0.03168
-0.04198
-0.02773
-0.03505
-0.051660000000000005
-0.048029999999999996
-0.04717
-0.05418
-0.04522
-0.03417
-0.03956
-0.02828
-0.01982
-0.00077
-0.00365
-0.00043
-0.0011799999999999998
0.01113
0.00421
0.00458
-0.02318
-0.0139
0.04413
0.03795
0.04782
0.04275
0.01122
0.011399999999999999
0.005829999999999999
0.00975
0.0298
0.04032
0.04504
0.04095
0.01183
0.009340000000000001
-0.01244
-0.04468
-0.02527
-0.02168
-0.03724
-0.046150000000000004
-0.02933
-0.01814
0.00421
-0.012929999999999999
-0.06373000000000001
-0.03526
-0.0548
-0.09231
-0.04718
-0.02128
-0.040330000000000005
-0.04227
-0.00468
0.01528
0.008369999999999999
0.025070000000000002
0.05738000000000001
0.06187
0.08778000000000001
0.10945
0.05564
0.04868
0.0435
0.06363
0.06177
0.05878
0.0575
0.03434
0.014530000000000001
0.02939
0.011930000000000001
-0.00935
0.02427
0.03453
0.0334
0.0026
-0.025009999999999998
-0.00178
-0.02538
-0.04162
-0.01149
0.013229999999999999
0.01198
0.08753
0.11204
0.0904
0.12054999999999999
0.10614000000000001
0.00359
0.00873
-0.03072
-0.07263
-0.03834
-0.014190000000000001
-0.04845
0.00864
0.057370000000000004
0.03484
0.01094
-0.01244
0.02762
0.02943
0.02212
-0.08239
-0.09683
-0.05313
-0.07664
0.00674
0.025920000000000002
0.00296
0.01365
0.15852
0.10427
0.029300000000000003
0.042
-0.0336
-0.09746
-0.08058
-0.12825
-0.1743
-0.11484
-0.08999
-0.08659
-0.02831
-0.08662
-0.12066
-0.13201000000000002
-0.14484
-0.13882999999999998
-0.12118999999999999
-0.11964999999999999
-0.14284
-0.19513000000000003
-0.18233
-0.21954
-0.10783
-0.04699
-0.07461999999999999
-0.021840000000000002
0.05284
-0.04654
-0.05184999999999999
-0.07801
-0.11548
-0.04426
-0.010320000000000001
-0.024620000000000003
0.07328
0.07356
0.06731
0.00551
0.022629999999999997
0.12875
0.08869999999999999
0.08857
0.06686
0.06405999999999999
0.07514
0.12511
0.19529
-0.00107
-0.0216
-0.11788
-0.13285
-0.01876
-0.040999999999999995
-0.08059
0.02846
0.02319
-0.05418
-0.10734
-0.03959
-0.002
-0.049729999999999996
-0.07578
0.05819
0.059539999999999996
-0.02959
-0.04585
-0.012709999999999999
-0.026949999999999998
-0.07271
-0.11077
-0.14898999999999998
-0.06668
-0.05575
-0.06111
0.02008
-0.01014
-0.05021
-0.11185
-0.15162
-0.00099
0.00987
0.09379
0.22258
0.08528000000000001
0.02946
0.01208
-0.057670000000000006
-0.07507
-0.02638
-0.10131
0.13346
0.22225
0.09562
0.05351
-0.0889
0.02193
0.04638
0.07438
0.0913
-0.00713
0.013309999999999999
-0.03131
0.02875
0.08862
0.04926
-0.02473
-0.15655
-0.029609999999999997
0.015
0.021070000000000002
0.16896
0.15718
0.07856
0.1298
0.28673
0.10757
0.03849
0.0034000000000000002
0.051820000000000005
0.026469999999999997
-0.00734
-0.14887
-0.23925000000000002
0.09383
0.09317
0.0542
0.13263
0.22103
0.18972999999999998
0.12708
0.14828
0.30039
0.26134
0.31809
0.28265999999999997
0.22873000000000002
0.17518999999999998
0.24576
0.26996
0.10604
0.08632999999999999
0.14578
-0.12676
-0.33068
-0.23789000000000002
-0.33319000000000004
-0.10830000000000001
-0.08674
-0.19546
-0.2877
-0.14096999999999998
-0.06405999999999999
-0.20247
-0.19743
-0.044020000000000004
-0.10869
-0.18001
-0.25819
0.00037
0.07937
-0.04896
-0.09255000000000001
-0.12255
0.07474
0.04257
-0.02801
-0.2402
0.00198
0.07084
0.10973000000000001
0.46871
0.24404
0.0654
-0.0158
-0.25143
-0.05535999999999999
-0.00167
-0.013460000000000001
-0.02706
0.04514
0.06361
0.010549999999999999
-0.18566
-0.15882
-0.07101
-0.22941
-0.15663
0.1568
0.08335000000000001
-0.01577
-0.17855000000000001
-0.055869999999999996
-0.01053
-0.07588
0.11112999999999999
0.37283
0.24206
0.44433999999999996
0.25432
-0.22283
-0.15233
-0.26054
-0.58243
-0.46564999999999995
-0.34473
-0.44927999999999996
-0.27228
-0.09631
-0.15578
-0.11904999999999999
0.07513
0.02746
-0.01352
0.05516
0.07302
0.07368999999999999
0.08194000000000001
0.08672
0.16693999999999998
0.14571
0.13153
0.08263
0.28855000000000003
0.48113999999999996
0.40436999999999995
0.5124
0.31101
0.24159
0.29948
0.35386
0.55287
0.45868000000000003
0.38551
0.5567799999999999
0.48383000000000004
-0.025910000000000002
0.00852
-0.26314
-0.09443
0.33536
0.15594
0.17928999999999998
0.19304
-0.05438
-0.15461
-0.21303999999999998
-0.2582
-0.38526000000000005
-0.37483
-0.5231
-0.06415
0.06561
-0.18611999999999998
-0.32555
-0.56542
-0.31621
-0.26055
-0.32878
-0.15556
0.05502
-0.011890000000000001
-0.00358
0.34611
0.35162999999999994
0.14615
0.09659000000000001
0.5361699999999999
0.48081
0.13774
0.21264
0.03193
-0.06545
-0.09078
-0.025310000000000003
0.051340000000000004
-0.04479
-0.02461
-0.13779
-0.33328
-0.0017699999999999999
0.00754
0.21142
0.04208
-0.36738
-0.27175
-0.31288
-0.3776
-0.38579
-0.26045
-0.36841
-0.07531
0.12955
-0.01618
-0.07031
0.1426
0.12285
0.00021999999999999998
-0.17756
-0.30625
-0.02533
-0.10544
-0.15378999999999998
-0.2807
-0.20078
-0.10333
-0.14824
0.27721
0.32708
0.07807
0.029220000000000003
0.17684
0.42334000000000005
0.26603
0.49499000000000004
0.9333899999999999
0.45431
0.24029
0.16879999999999998
0.44043
0.47679000000000005
0.17681999999999998
0.16989
0.18509
0.31286
0.19599
0.36967
0.18315
-0.19326000000000002
-0.09422000000000001
-0.3521
-0.26712
0.20222
0.035019999999999996
0.06129
0.30635999999999997
0.17857
0.01279
-0.037290000000000004
-0.14244
-0.26341000000000003
-0.31274
-0.42955
0.14646
0.33307000000000003
0.03276
-0.0789
-0.25196
-0.15158
-0.23003
-0.47842
-0.68486
-0.23773
-0.23088
-0.7260899999999999
-0.63969
0.49001
0.42756
0.40354
0.18355
0.7631
0.74914
1.12233
0.35875999999999997
-0.22898
0.13494
0.00054
0.18372
0.35134
0.19049
-0.02442
-0.1458
0.22235
0.22351
0.2647
-0.23671
-0.09626
0.11111
-0.01694
-0.36682000000000003
0.31908000000000003
0.47304999999999997
0.74483
1.2390999999999999
0.54675
0.32171
0.44558
0.15014
0.13777
0.18984
0.42774
-0.11118
-0.33007
-0.06456
0.08324999999999999
-0.24628
-0.7197100000000001
-0.51617
-0.54123
-0.77846
-1.03455
-0.88843
-1.30386
-1.19836
-0.56706
-0.57141
-0.7955800000000001
-0.77885
-0.08327999999999999
-0.15298
-0.02626
1.05092
0.72017
0.28443999999999997
-0.020019999999999996
-0.17114000000000001
0.30919
0.09648
0.09782
-0.58453
-0.12016
0.13837
0.40536
0.60945
0.03096
0.05605
0.15967
0.1858
0.0138
-0.11561
-0.23382999999999998
0.39161999999999997
0.07042
-0.27765
-0.6190100000000001
-0.87714
-0.30261
-0.41581
-0.68268
-1.18714
-0.38437
-0.0886
0.02463
0.19362
-0.233
-0.34495
-0.69222
-0.8703799999999999
-0.020179999999999997
-0.09298000000000001
-0.25387
0.17143999999999998
0.45396000000000003
0.28245000000000003
0.33991
0.21953
0.64022
0.61164
0.96563
1.23112
0.8290099999999999
0.6863800000000001
0.92305
0.7935099999999999
0.19749
0.18533999999999998
0.27311
0.14244
-0.05593
-0.10404
-0.21935
-0.19662
-0.03084
-0.05221
-0.24992
-0.65345
-0.1206
-0.051980000000000005
0.24693
0.3125
-0.6010300000000001
-0.6308400000000001
-0.9461799999999999
-1.44708
-0.9210699999999999
-0.7317100000000001
-0.6905899999999999
0.15717
0.14983000000000002
-0.24753
-0.09541000000000001
0.71407
0.13144
-0.27998999999999996
-0.67377
-0.82711
-0.09937
-0.32215000000000005
-0.6504099999999999
-1.25315
-0.5159199999999999
-0.31108
-0.09512000000000001
-0.26119
-0.2484
-0.11925000000000001
-0.08771000000000001
0.02522
0.14904
0.11885
-0.019039999999999998
0.056029999999999996
0.23123000000000002
0.11968999999999999
-0.00888
-0.24559999999999998
0.29516
0.35759
0.46505
0.40373
0.53253
0.54919
0.8386199999999999
1.6398
0.9802299999999999
0.52069
0.38394
1.29493
1.19537
0.42489
0.48168999999999995
0.55886
0.8741599999999999
0.61954
0.79188
0.0115
-0.0729
0.15494
0.61388
-0.03989
-0.71789
-0.48735999999999996
-0.46956000000000003
-1.01682
-1.15758
-0.77554
-1.02468
-0.17401
0.34322
-0.1583
0.256
-0.32082
-0.7189700000000001
-0.34935000000000005
-0.11026
0.10061999999999999
-0.32043
-0.25684
-0.29853999999999997
0.27887
0.10250999999999999
-0.24248999999999998
-0.48581
-0.2003
0.19593
-0.07336999999999999
-0.16824000000000003
0.46602
0.87643
0.41859999999999997
0.60843
0.0736
-0.19042
-0.01343
0.12015
0.86395
0.94477
0.55292
1.15721
0.2802
-0.86042
-0.49814
-0.35956000000000005
0.26346
-0.015569999999999999
-0.19292
-0.23437999999999998
0.61604
0.56175
0.07586
0.01772
0.62017
0.58314
0.18324000000000001
0.04151
-0.90212
-0.02544
0.33049
0.49415
0.91083
0.85344
0.59439
0.92279
1.6398
1.00584
0.53145
1.02109
1.04064
0.31828
0.1637
0.3064
0.20574
-0.13316
-0.14512
-0.28192
-1.34706
-0.9057299999999999
-0.57837
-0.53001
0.40003
0.13128
-0.14958
-0.13312
0.2843
0.27547
-0.06649
-0.08465
0.10815
0.12714999999999999
-0.03487
-0.39997
-0.03229
0.79777
0.4461
0.48733
-0.54183
-0.25719000000000003
-0.00493
-0.16488
0.19289
0.70868
0.5035000000000001
1.27404
1.5034800000000001
0.32899999999999996
0.11892
0.33966
-0.59195
-0.80467
-0.28719
-0.27094
-0.07993
-0.07916000000000001
-0.12702
-0.24098
-0.55365
-0.31434999999999996
-0.21202000000000001
-0.49052
-0.64992
0.0604
0.14762
0.17350000000000002
0.17015999999999998
0.41773000000000005
0.36428
0.58849
0.62756
0.40399
0.35009
0.25422
-1.0277500000000002
-0.40488
0.18119
0.13154
-0.47692
-0.11186
0.13727999999999999
0.24332
0.22985
0.02573
0.10452
0.27631
-0.19440000000000002
-0.27111
-0.04977
-0.14875
-0.70069
-0.21733
0.08066000000000001
-0.053840000000000006
0.040780000000000004
0.26114
0.26815
0.26218
-0.6089600000000001
-0.06524
0.28947
0.57272
-0.97848
-1.25745
-0.47049
-0.62217
0.56707
0.78491
0.43743000000000004
0.67089
0.73014
0.20123999999999997
0.02757
-0.19567
-1.1541
-0.6089600000000001
-0.30139
-0.18276
-0.57622
-0.6126400000000001
-0.29211
-0.10628
0.5431199999999999
0.07483
-0.03343
-0.11226000000000001
-0.9632599999999999
-0.27787
0.08564
0.24935
-0.4818
-0.22271999999999997
0.26111
0.47781999999999997
0.31251
-0.40604
-0.16423
-0.07837
-0.50979
-0.37179
-0.06768
0.23245000000000002
0.42717
-0.51335
-0.37918999999999997
-0.6646500000000001
-0.66243
-0.21165
-0.08888
-0.39065
-0.31566
0.205
0.25999
-0.00251
-0.43119999999999997
0.25065000000000004
0.39447000000000004
0.68572
1.05438
0.49097
0.38203000000000004
0.54625
0.85762
0.22978
0.11278
-0.13381
-1.1939
-0.58707
-0.20373000000000002
-0.39338
-0.17528
0.10587999999999999
0.053689999999999995
0.047729999999999995
0.6496299999999999
0.54043
0.24531
0.60532
0.28234000000000004
-0.43207
-0.36071
-0.39191000000000004
0.039529999999999996
-0.02029
-0.16139
0.07186
0.12938
-0.29015
-0.23107
-0.66931
-1.32683
-0.37681
-0.06085
-0.027719999999999998
0.6058100000000001
0.6642199999999999
0.30915
0.68756
0.36085999999999996
-0.27312000000000003
0.01272
0.11148999999999999
0.71242
0.2066
0.00889
-0.51844
-0.33994
0.32944
0.01933
-0.45165
-0.18007
0.8549800000000001
0.55837
1.0326300000000002
0.7249500000000001
-0.20489999999999997
-0.08868999999999999
-0.12018000000000001
-1.06907
-1.00854
-0.55809
-0.87419
-0.17176
0.39569000000000004
0.11808
0.19853
0.044320000000000005
-0.10468
-0.13624
-0.36539
0.5168
0.8025199999999999
0.33852
0.46802
0.82211
0.46726
0.09539999999999998
0.15393
-0.81087
-0.7375700000000001
-0.36636
-0.7607299999999999
-1.03488
-0.37149
-0.32988999999999996
-0.56872
-1.02185
-0.37412999999999996
-0.22938
-0.13229
-0.24821000000000001
-0.1945
-0.05499
0.09948
0.70831
0.6657599999999999
0.41481999999999997
0.8464
0.2022
-0.41642
-0.12913
-0.4725
-0.39401
0.22506
0.17451
0.23602
-0.15161
-0.013009999999999999
0.017929999999999998
-0.11225
-0.70939
-0.69407
-0.40637
-0.42142
-0.62542
-0.5821500000000001
-0.51417
-0.27268000000000003
0.06116
-0.12774
-0.09233000000000001
-0.38335
-0.04273
0.056609999999999994
-0.13448000000000002
-0.35561
-0.50708
0.69941
0.62299
1.03586
0.54252
-0.20321
0.10364000000000001
0.20778
0.48729
0.37595999999999996
0.22973
0.5737599999999999
0.67735
-0.23323
-0.25458
-0.7275499999999999
-0.53157
0.20747
-0.014410000000000001
-0.09628
-0.62108
-0.06532
0.15485
0.52456
1.1752500000000001
0.32987
0.06806
-0.23228000000000001
0.07453
0.8014100000000001
0.59782
1.01324
0.88729
0.57201
0.53535
0.59585
1.17452
0.9511499999999999
0.61068
1.01331
0.9995999999999999
0.16664
0.05609
0.26789
-0.40846
-0.7309699999999999
-0.34829
-0.29986999999999997
-0.91636
-1.26193
-0.9755400000000001
-1.43424
-0.80417
-0.15715
-0.3682
-0.65232
-1.0933599999999999
-0.66688
-0.6028600000000001
-0.72695
-0.04292
0.3282
0.10331
0.04567
-0.53647
-0.34759999999999996
-0.13045
-0.18841000000000002
-1.11032
-0.6419
-0.18751
-0.48344000000000004
-0.66715
-0.08364
0.07450999999999999
-0.054169999999999996
0.8219799999999999
1.08442
0.6232800000000001
0.88926
0.48936
-0.10224
-0.021589999999999998
0.16666
0.11814
-0.25645
-0.19982
-0.36640999999999996
0.00724
-0.15047
-0.39286
-0.94572
-0.6696
0.24628
-0.054560000000000004
-0.54732
-0.61373
0.51701
0.36744
0.51199
-0.34049999999999997
-0.1427
0.22078
0.27312000000000003
0.45842
0.51481
0.54164
0.70537
1.00183
0.82098
0.42759
0.49494
0.048620000000000003
-0.19131
0.042519999999999995
-0.18064
-0.01705
0.39039999999999997
0.18392
0.03938
-1.6402
-0.98284
-0.31579
-0.45131
-1.1709699999999998
-0.95813
-0.50446
-0.8376
-0.64483
0.31494
0.29166000000000003
0.48989
-0.18875
-0.2426
0.20395
0.35327
-0.32545
-0.13293
0.19871
0.72663
0.74437
-0.48473999999999995
-0.25346
-0.27393999999999996
1.07592
0.97146
0.39124000000000003
0.5681499999999999
-0.011770000000000001
-0.1723
-0.05562
-0.17484000000000002
0.40963
0.7316400000000001
0.52423
0.83196
0.255
-0.16605
0.09673999999999999
0.20171
-0.5908599999999999
-0.6646
-0.15497
-0.43473
-0.54822
-0.17634
-0.13538
-0.10000999999999999
-0.31903
-0.42404000000000003
-0.35231999999999997
-0.36838
0.6518
0.0827
-0.27451000000000003
-0.78176
-1.4179499999999998
-0.28985
-0.25942
-0.07307999999999999
0.65795
0.39163
0.09256
0.25031
-0.77444
-1.2219799999999998
-0.72658
-0.89591
0.09954
0.43799
0.0217
-0.18542999999999998
0.46436
0.6309
0.37374
0.29996
0.38417999999999997
1.01991
0.8438
1.12059
0.83968
0.55159
0.63631
0.88138
1.17434
0.3635
0.22419
-0.14707
-0.43561999999999995
0.49997
0.46514000000000005
0.58262
0.8887900000000001
0.65872
0.40596
0.5128499999999999
0.5839
0.40747999999999995
0.27899
0.73261
0.54181
-0.29672
-0.23459
0.07925
0.5737599999999999
-0.16359
-0.21993
-0.18562
-0.25934
-0.16343
-0.22295
-0.00867
-0.17811
-0.65373
-0.41101999999999994
-1.0748
-1.14953
-0.33820999999999996
-0.39216999999999996
-0.77499
-0.3164
0.83325
0.39913
0.8450799999999999
0.69851
-0.28883
-0.09489
-0.27972
-0.56904
-0.27997
-0.28586
-0.7924899999999999
-0.30213
0.6183299999999999
0.31751
0.34618000000000004
0.16972
0.08274
0.08334
0.22971
0.87816
0.69325
0.28792
0.35582
0.69573
0.11628
-0.24883
-0.6709
-0.89967
0.02489
-0.10054
-0.15897
-1.14366
-0.7842
-0.42833
-0.5643699999999999
-0.6137400000000001
-0.09054999999999999
-0.01439
0.25806
0.11892
-0.21004
-0.16655
0.22106
1.07445
0.65782
0.34646
0.62933
0.93163
0.41692999999999997
0.29896
0.18763000000000002
0.6015
1.14041
0.7418300000000001
1.19345
1.1154300000000001
0.82024
0.7549800000000001
1.3642500000000002
1.0472700000000001
-0.24478999999999998
-0.10629
0.15374000000000002
-0.08373
-0.41592
-0.28795000000000004
-0.16268000000000002
-0.01875
-0.38372
-0.36857999999999996
-0.80621
-0.6488299999999999
0.23043
0.01884
0.51035
0.13297
-0.6937000000000001
-0.43767
-0.47281
-0.59668
-0.49258
-0.25443
-0.31001
-0.35361
0.36099
0.32289
0.66511
1.6398
0.50946
0.06257
-0.3515
0.60536
1.15913
0.43396999999999997
0.57602
-0.36991
-0.49713999999999997
-0.23210999999999998
-0.38817
-0.60561
-0.40952
-0.36339
-0.45275
-1.0252
-0.6677500000000001
-0.46523000000000003
-0.48578000000000005
-0.96515
-0.70208
-0.41319
-0.23865999999999998
0.00588
-0.01618
-0.06424
0.17952
1.14769
0.7524
0.40292
0.86363
0.33835
-0.10314
0.08617000000000001
0.42161000000000004
0.7993399999999999
0.07799
8.999999999999999e-05
-0.41975999999999997
0.5740999999999999
1.06341
0.43182000000000004
0.40185000000000004
-0.38333
0.08619
0.21989999999999998
0.33508000000000004
-0.6916599999999999
-0.67495
-0.15277
0.07844000000000001
-0.41947
-0.58402
-0.27128
0.24022
0.32884
-0.68906
-0.43361
-0.53181
0.05237
0.42234
0.15560000000000002
0.56554
0.70121
-0.02645
-0.05115
-0.46164
-0.16501000000000002
0.06803
-0.10189999999999999
-0.29517
-1.02668
-0.40454999999999997
-0.33039999999999997
-0.34935000000000005
-0.7592700000000001
-0.57707
-0.20963
-0.18808
0.3024
0.25772
0.1043
0.32572
-0.43992
-0.34598999999999996
-0.05179
0.19705999999999999
0.30151
-0.47544
-0.34308
-0.32608
-0.39496000000000003
-0.44713
-0.38775
-0.60738
-0.7781
-0.5243
-0.39974
-0.9196
-0.08252000000000001
0.76871
0.25625
0.23187000000000002
0.062380000000000005
0.45263
0.45029
0.37713
-0.97077
-0.65338
0.0435
0.08696
-0.25658000000000003
0.17120000000000002
0.2918
0.86332
0.88381
-0.19738
-0.058410000000000004
-0.06595
0.8545999999999999
0.30725
-0.08288999999999999
-0.08993000000000001
0.09022000000000001
0.1568
-0.061369999999999994
-0.23092
-0.7508
-0.39896
-0.19057
-0.21062
-0.65671
-0.7241200000000001
-0.5106
-0.7204
-0.26853
-0.08753999999999999
-0.25634
-0.5494100000000001
-0.60049
0.22190000000000001
0.06509999999999999
0.57353
-0.39683
-0.72158
-0.17376000000000003
0.53452
1.46027
-0.1819
-0.27699999999999997
-0.34354999999999997
-0.6306499999999999
-0.6356
-0.50973
-0.7089799999999999
-0.36805
0.32761
0.23507
0.20567
0.66652
0.7394799999999999
0.67105
0.61702
0.5502
1.03191
0.8939499999999999
1.03299
0.6704399999999999
0.31972
0.34979
0.7388800000000001
0.405
-0.52287
-0.37975000000000003
-0.08555
-0.34646
-1.14714
-0.85799
-1.37745
-1.04954
-0.78764
-0.97502
-1.5551
-1.12982
0.14523999999999998
-0.12992
-0.43914000000000003
-0.35253999999999996
0.29963999999999996
0.29495
0.37844
0.7679900000000001
1.12317
0.82894
1.4674
0.57126
-0.24971
0.19678
0.32719000000000004
0.62334
-0.23665
-0.2893
-0.71155
-0.7708400000000001
0.18159
0.051230000000000005
0.41093
0.95565
0.37581000000000003
0.16358
0.32469000000000003
0.61092
0.07627
-0.09364
-0.31767
-0.01615
0.28859
-0.03854
-0.27283999999999997
-0.7861100000000001
-0.027679999999999996
0.13436
0.47136
-1.18265
-1.6135400000000002
-0.89067
-1.04152
-0.2647
0.07518
-0.03528
0.16169
0.18600999999999998
-0.42235
-0.5046
-0.29539000000000004
-1.16628
-1.08248
-0.57762
-0.58678
0.44502
0.36727
0.07803
0.01764
0.13824
0.05474999999999999
-0.11893000000000001
-0.68262
-0.85087
0.31199
0.28579
0.28313
-0.17264
0.07486
0.14897
0.07937999999999999
-0.7707999999999999
-0.44736
0.09017
0.42713999999999996
0.8901
0.0134
-0.18194
-0.39039999999999997
-0.39274000000000003
0.10286
0.04183
0.12982
-0.26909
-0.41179000000000004
-0.21149
-0.28082
0.55576
0.7463599999999999
0.45378
0.5526599999999999
0.55568
0.53338
0.39209000000000005
0.35228000000000004
-0.29723
0.05019
0.36038
0.69918
0.8166500000000001
0.38687
0.45182
0.68085
1.01969
0.72565
0.71899
0.6677299999999999
-0.42658999999999997
-0.07475
0.29453
0.55743
0.9355800000000001
0.12982
-0.03611
-0.22376000000000001
-0.96503
-0.90132
-0.6151599999999999
-0.49634
-0.10493000000000001
-0.26944
-0.41485
-0.46433
-0.32027
-0.6059300000000001
-0.59041
-0.77074
-0.70458
-0.00164
0.05162
0.31154
-0.25729
-0.51617
-0.08506999999999999
0.12658
1.00474
0.736
0.40587
0.76153
0.34959
-0.33773000000000003
-0.09899
0.11662
-0.03232
-0.61449
-0.46799999999999997
-0.69318
-1.0414700000000001
-0.81171
-0.5471699999999999
-0.7493500000000001
-0.22563
-0.06939000000000001
-0.17207999999999998
-0.25049
-0.66838
-0.63059
-0.46237
-0.54886
0.51641
0.48700000000000004
-0.05902
0.1322
0.19333999999999998
-0.7667700000000001
-0.6797
-1.18938
-1.4670500000000002
-0.49366
-0.45682
-0.6716200000000001
-0.60345
0.09251
0.03667
0.37595999999999996
0.11810999999999999
-0.79561
-0.54078
-0.47763
0.09078
-0.04009
-0.22062
-0.40104
0.07578
0.28653
0.026789999999999998
-0.22066
-0.34097
-0.28232
-0.38270000000000004
-0.49779
0.10066000000000001
0.06994
-0.18248
-0.51563
-0.10231
0.45478999999999997
0.22857
0.06038
0.24602000000000002
1.00943
0.68691
1.03986
0.9239499999999999
0.28549
0.29087
0.04124
0.049589999999999995
0.35968000000000006
0.22499
0.57786
-0.31395
-0.7661
-0.38218
-0.24393
0.57006
-0.12781
-0.25122
-0.6157
-1.0240099999999999
-0.8007500000000001
-0.82672
-1.2878999999999998
-0.50066
0.47752
0.14667
-0.04472
0.40607
0.54525
0.17214
0.10278000000000001
-1.01733
-0.31537
0.02311
0.22143999999999997
0.26847
-0.21511
-0.13797
-0.13045
0.17861999999999997
0.10571
-0.19813
-0.13105
-0.03257
-0.19957
-0.1377
-0.37897
0.37882
0.46769
-0.04019999999999999
-0.37734
-1.2545600000000001
-0.22838999999999998
-0.04913
0.52491
0.44494
-0.7898999999999999
-0.5289200000000001
-0.86409
-0.39954
-0.02706
-0.28933
-0.60324
-0.80411
0.18413000000000002
0.1335
0.14137
0.23528
-0.11005000000000001
-0.0374
-0.2632
-0.05727
0.44761
0.15192
-0.16194
0.43046
1.24679
0.84817
1.28283
1.6398
0.6685800000000001
0.27137
0.32947000000000004
-0.35463
-0.09885
0.05601
-0.2466
-0.92648
-0.3469
-0.05149
0.45283999999999996
-0.49781
-0.98265
-0.46561
-0.15979
-0.77094
-1.25332
-0.7067
-0.86185
-0.19966
0.04698
-0.12301999999999999
0.06284
0.52172
0.03479
-0.09953
-0.46139
0.20678000000000002
0.9582999999999999
0.61546
0.70163
0.14792
0.15202
0.24086
0.74408
0.54156
-0.6756300000000001
-0.49113
-0.79927
-0.21947
0.19166
-0.041639999999999996
-0.24814
-0.7247499999999999
-0.26581
-0.12609
-0.43146999999999996
-0.19585
0.28803
0.14116
0.32834
0.64872
0.15728999999999999
0.01122
-0.53844
-0.25228
0.38588
0.08169
-0.16232
0.34174
0.85031
0.36562
0.24569
-0.51697
-0.19486
0.01176
-0.14612999999999998
-0.48048
-0.29876
-0.29768
0.006959999999999999
0.15275
-0.3628
-0.39679000000000003
-0.33369
-0.53793
-0.7384000000000001
-0.64846
-0.7130200000000001
-0.66538
-0.42261000000000004
-0.45549
-0.6223299999999999
-0.15121
0.01635
-0.19264
-0.64957
-1.10361
0.32933
0.46264000000000005
0.99327
0.28865999999999997
-0.25348
0.11249
0.22741
-0.45216999999999996
-0.63529
-0.35654
-0.13957
-0.45984
-1.05693
-0.78837
-0.74886
-0.52784
-0.67152
-0.5983700000000001
-0.86722
-0.2026
0.37457
0.029169999999999998
-0.0984
0.25598
0.40680999999999995
0.14132999999999998
0.30368
1.24361
0.9063899999999999
0.37518
0.49843000000000004
0.31003000000000003
0.06586
0.03391
-0.24361
-1.1338
-0.57602
-0.31921
-0.46667000000000003
-0.23204999999999998
-0.24167000000000002
-0.36707999999999996
-0.5321
-0.38112999999999997
-0.07732
-0.18956
-0.26572
0.13557
0.53689
0.35701
0.56955
1.6024500000000002
0.99048
0.38767
0.03788
-0.08893000000000001
0.99761
0.8219799999999999
1.00395
0.52124
0.35821
0.44012999999999997
0.7917000000000001
-0.12158
-0.34628
0.16324000000000002
0.5508700000000001
0.03341
-0.43668999999999997
-0.04842
0.09895
0.26751
-0.16959
-0.25178999999999996
0.08245
0.51861
-0.07094
-0.13487
-0.11832000000000001
0.31370000000000003
0.33596
0.24526
0.09481
0.32638
0.93648
0.64591
1.04146
1.25031
0.65128
0.55417
0.6093999999999999
-0.19524999999999998
-0.22719999999999999
0.08281000000000001
0.52128
0.6994
0.34143999999999997
0.38671999999999995
0.65943
1.46404
0.7245999999999999
0.38188
0.7417
0.2051
-0.55211
-0.5093099999999999
-0.6781699999999999
-0.72625
-0.53349
-0.43687
-0.42597
0.40094
0.58225
0.19210000000000002
0.65732
-0.06037
-0.78673
-0.33933
-0.5376299999999999
-0.18998
-0.11614000000000001
-0.12272999999999999
-0.41709
-0.41485999999999995
0.50349
0.48613
0.91014
1.33541
0.38259
0.33691000000000004
0.16038
1.4154200000000001
1.2170699999999999
0.47747
0.20367000000000002
-0.24156
0.14004
-0.04887
-0.47692999999999997
-0.82356
-0.26088
-0.18611999999999998
-0.32311
0.48302999999999996
0.66353
0.05325
0.09261
-0.83788
-0.67985
-0.30729
-0.59281
-1.1688800000000001
-0.6481699999999999
-0.46076
-0.25683
-0.21475000000000002
-0.24653
-0.23987999999999998
-0.09086
-0.46837
-0.7054900000000001
-0.38761
-0.35414
0.64118
0.85894
0.38484999999999997
0.58927
0.72367
0.40359
0.26963000000000004
0.1241
-0.24356000000000003
0.27262000000000003
0.3329
0.67092
-0.15874
-0.38075000000000003
0.04947
0.38762
0.48484
-0.32942
-0.24933
-0.65706
-1.14984
-0.48085
-0.26594999999999996
-0.26699
-0.8403
-0.51631
-0.21952000000000002
-0.14407999999999999
0.20119
0.14644000000000001
0.18175
0.39447000000000004
0.60497
0.09926
-0.11259999999999999
-0.26847
-0.77755
-0.54559
-0.43155
-0.49331
-0.7695099999999999
-0.7815000000000001
-0.57518
-0.6279
-0.74461
-0.37382
-0.06816
-0.3679
-0.62261
0.013009999999999999
0.07854
0.51008
1.3405799999999999
0.7363200000000001
0.46008000000000004
0.68093
0.6618
-0.01735
-0.02617
-0.31988
-0.04661
0.38165999999999994
0.07389
-0.10007999999999999
-0.5592900000000001
-0.16725
-0.025
0.29325
0.18585000000000002
-0.38539
-0.37671999999999994
-0.56345
-1.18378
-0.82839
-0.44305999999999995
-0.56085
0.20898
0.4104
0.1469
0.055869999999999996
-0.22414
0.5440400000000001
0.61986
1.10968
1.05031
0.31922999999999996
0.47499
0.7112999999999999
0.76491
0.31335
0.36328000000000005
0.62302
0.8621099999999999
0.5279200000000001
0.41007
0.34517000000000003
0.70372
0.74544
0.59829
0.77653
-0.06122
-0.48249000000000003
-0.24856
-0.30654
-0.28202
-0.43865000000000004
-0.2565
-0.64262
-0.34996000000000005
0.08965999999999999
-0.25593
0.05929
-0.31445
-0.96018
-0.79821
-1.02319
-0.76339
-0.61314
-0.5674600000000001
-0.6657500000000001
-1.04333
-0.5552
-0.49776000000000004
-0.6534399999999999
-1.17244
-0.97063
-0.5372
-0.78691
0.12963
0.62581
0.22111
0.28344
0.27774
0.43471
0.39837000000000006
0.4988
1.29681
0.66467
0.26968
-0.00521
-0.60494
-0.13104
-0.0147
-0.49186
-0.71667
0.33822
0.48743000000000003
0.52563
0.7721800000000001
1.07328
0.84682
1.31768
1.3075
0.43506
0.34996000000000005
0.39399
0.5899
0.21586
0.17029
-0.01676
-0.21061
0.39548
0.32988999999999996
0.45114
0.10122
-0.25205
-0.12438
-0.2413
-0.58361
-0.40686
-0.17142
0.09667999999999999
0.62432
0.24217
0.08278
-0.18158000000000002
0.045309999999999996
0.6050800000000001
0.46238
0.60199
0.15076
0.19452999999999998
0.34448999999999996
0.42841999999999997
0.03078
0.03722
0.30142
0.45518000000000003
0.12839
-0.5184799999999999
-0.36398
-0.70135
-0.70801
-0.00267
0.02773
-0.12433
0.14241
0.46167
0.32608
0.34895000000000004
0.7384900000000001
0.85324
0.6162299999999999
0.9473900000000001
0.48057
-0.27881
-0.17114000000000001
-0.17153
-0.55111
-0.6893600000000001
-0.34891
-0.55959
-0.33835
0.3274
0.16140999999999997
0.36382
1.03304
0.42062
0.11882
-0.24969999999999998
-0.95818
-0.45693
-0.26525
-0.28887
0.04088
0.41708
0.27945
0.50747
-0.13576
-0.65874
-0.27412
-0.25717
-0.60283
-0.5530700000000001
-0.46745
-0.47296
-0.14617000000000002
-0.49266
-0.52973
-0.8216
-0.07545
0.4694
0.10548
0.15441000000000002
-0.66232
-0.30338
0.041210000000000004
0.26338
0.99381
0.5520700000000001
0.34247
0.36932000000000004
0.74454
0.8383499999999999
0.55828
0.80514
1.0276
0.59579
0.46883
0.44975000000000004
0.44276000000000004
0.19536
0.08855
-0.10472
-0.46686999999999995
0.15143
0.11071999999999999
0.47491
0.48935
-0.6351
-0.54875
-0.69333
-0.013560000000000001
-0.040389999999999995
-0.38354999999999995
-0.79848
-0.4727
0.54523
0.33679000000000003
0.39065
-0.03627
0.05288
0.13041
0.19123
0.45396000000000003
0.01341
-0.11276
-0.36898000000000003
-0.60838
-0.28549
-0.23797000000000001
-0.40883
-0.61683
0.0365
0.09094
0.28052
0.83667
0.29044000000000003
-0.0048
-0.31145
-0.30435
0.14856
0.07175
-0.14434
-0.54916
0.04074
0.13098
0.05625
-0.040999999999999995
0.60793
0.62402
0.8967400000000001
0.41540999999999995
0.01444
0.1548
0.07305
0.44831000000000004
0.6100800000000001
0.35069
0.89864
1.13343
0.30643
0.18689
0.50149
-0.03959
-0.35661000000000004
-0.00312
0.11429
0.2631
-0.00413
-0.10644
0.25526
0.7773399999999999
0.02537
-0.27508
-0.33277999999999996
0.30231
0.1335
-0.12707000000000002
-0.20103000000000001
-0.12622
0.32132
0.12965
0.3599
-0.84481
-0.9909699999999999
-0.44530000000000003
-0.40682
-0.58166
-0.62604
-0.39729
-0.30152999999999996
0.45332
0.28153
-0.0064
0.15768000000000001
0.88188
0.6109899999999999
0.28521
0.44777
0.34798
0.16777999999999998
0.05432000000000001
0.19701000000000002
-0.28747
-0.69232
-0.48458
-0.63624
-0.13112000000000001
-0.057519999999999995
-0.20286
-0.20842
-0.7233499999999999
-0.26526
-0.06072
0.05048
0.049640000000000004
0.08927
0.20665
0.40588
0.7807299999999999
0.33041
0.23584
0.4288
0.7564
0.47652
0.37737000000000004
0.2183
0.52009
0.8632299999999999
0.58233
0.7935500000000001
0.6009899999999999
0.21759
0.13569
0.27968
-0.01745
-0.58965
-0.42774
-0.64129
-0.8220099999999999
-0.27989
-0.19885000000000003
-0.061900000000000004
0.03614
0.08914
0.14625
0.43432000000000004
0.7307299999999999
0.13666
0.042480000000000004
0.35075
0.71288
0.24445
0.12816
0.31526
0.44774
-0.0518
-0.032850000000000004
-0.08889
-0.16152
0.03142
0.01757
0.0282
0.39709000000000005
0.29992
0.21353999999999998
0.248
0.22748000000000002
-0.024089999999999997
-0.058739999999999994
-0.21343
0.17390999999999998
0.67368
0.57799
0.63495
1.16548
1.20631
0.94309
0.99233
0.33391
0.31744
0.42363
0.43266
0.03449
-0.24872
-0.06979
-0.29606
-0.32198
-0.0165
-0.03767
0.04743
-0.65199
-0.8582899999999999
-0.56225
-0.7582099999999999
-0.24861
-0.1747
-0.35429
-0.73386
-0.9797899999999999
-0.33527
-0.2889
-0.47833
-0.61594
0.19956
0.28709
0.54996
0.53776
0.15747999999999998
0.13979
0.28703
0.19614
-0.13
-0.037559999999999996
-0.02894
0.11549
0.18989999999999999
0.23726
0.29199
0.20759
0.48863999999999996
0.52101
0.7430599999999999
0.60108
0.24943
0.35529000000000005
0.37167
0.04966
-0.09049
0.08387
-0.11738
0.13480999999999999
0.5678
0.33805999999999997
0.49821
0.10012
-0.14427
-0.020339999999999997
0.22936
0.08477
-0.6468
-0.50549
-0.63723
-0.9886
-0.75698
-0.57768
-0.59713
-0.43326
-0.25420000000000004
-0.15322
0.07241
-0.04966
-0.43252
-0.29346
-0.46511
-0.21874
0.10171
0.02856
0.03218
0.8906999999999999
0.68188
0.22377
0.21812
-0.01969
-0.04836
-0.0131
-0.20365
-0.6983799999999999
-0.30846
-0.05167
-0.24670000000000003
-0.32593000000000005
0.15065
0.22247
0.4146
0.63031
0.20754
0.10822
0.11492000000000001
0.38520000000000004
0.33129
0.21068
0.14235
0.62103
0.48441
0.21092
0.08613
0.24998
0.42772
0.16818000000000002
0.02268
-0.6112
-0.5693699999999999
-0.31015
-0.54478
-0.33293999999999996
0.14658
0.12567
-0.03781
-0.32754
0.23254000000000002
0.34271
0.32008000000000003
0.306
0.4525
0.43258
0.51618
0.22713
0.061020000000000005
0.21078
0.40439
0.70348
0.28531
0.1533
0.15263
0.40360999999999997
0.15442999999999998
0.01712
-0.19974
-0.25978999999999997
-0.02911
-0.10647999999999999
-0.40965
0.1063
0.74994
0.42182000000000003
0.46024
0.01669
0.00491
0.10583000000000001
0.39509
0.47747999999999996
0.04808
-0.0026
0.20021999999999998
-0.42649000000000004
-1.06589
-0.7670600000000001
-0.9216599999999999
-0.54728
-0.23037
-0.30997
-0.36427
0.1435
0.04504
-0.20358
-0.47092
0.04517
0.48905
0.20908000000000002
-0.03032
-0.09329000000000001
0.5756
0.43524
0.77132
0.61586
0.06919
0.046340000000000006
-0.16809000000000002
-0.25187000000000004
0.014879999999999999
0.00637
-0.012509999999999999
-0.43311
-0.40990000000000004
-0.45006999999999997
-0.50723
-0.88534
-0.87347
-0.6332099999999999
-0.68527
-0.8017799999999999
-0.64369
-0.5692499999999999
-0.55064
0.21764
0.34240000000000004
0.07504
0.15439
0.57996
0.36944000000000005
0.06605
-0.12611
-0.26937
0.4362
0.38736
0.68584
0.19618
-0.25101
-0.011359999999999999
0.12992
0.14129
-0.04117
0.02281
0.11634
0.03935
-0.051449999999999996
-0.01951
0.10966
0.83545
0.55498
0.28741
0.26067
0.7449800000000001
0.9355100000000001
0.62461
0.9740300000000001
1.08896
0.5257000000000001
0.36052999999999996
0.30469
-0.37435
-0.65166
-0.39035
-0.75568
-0.52394
0.24963999999999997
0.04429
0.08750999999999999
-0.44683999999999996
-0.473
-0.24467
-0.27169
-0.07739
0.036989999999999995
-0.05686
0.0659
0.45793999999999996
0.31498000000000004
0.13657
0.37982999999999995
0.23467
-0.26552
-0.1804
-0.23396
-0.6109300000000001
-0.57605
-0.43046999999999996
-0.6568
-0.3454
-0.07493
-0.23061
-0.51273
0.03848
0.40137
0.13174
0.14638
-0.11055999999999999
0.2245
0.28238
0.44939999999999997
-0.03168
-0.12371
0.16498000000000002
0.18289999999999998
0.48710000000000003
0.40545000000000003
0.22901
0.27688
0.73785
0.47271
0.21587
0.06506
0.07237
0.23915
0.09077
-0.10798999999999999
-0.36912
0.12539
0.20337
0.2953
0.2016
-0.00488
-0.0064
-0.08402
-0.19016
-0.03812
-0.07876
-0.12447
0.33648000000000006
0.38085
0.1516
0.26959
-0.12068
-0.06237
0.02844
0.16207999999999997
-0.04665
-0.34162
-0.22699999999999998
-0.20007999999999998
0.09585
-0.08862
-0.2586
-0.19643999999999998
-0.1469
-0.1631
-0.18886
-0.10932
0.3093
0.20466
0.018959999999999998
0.10686
-0.13778
-0.29857
-0.22119
-0.259
-1.03426
-0.89535
-0.52111
-0.66295
0.11295
0.34107
0.026840000000000003
0.15536
0.3335
-0.01892
-0.24096
-0.38514000000000004
-0.33079000000000003
-0.11638
-0.17579
-0.26233
-0.7882899999999999
-0.65815
-0.47765
-0.6766800000000001
-0.44841000000000003
0.14822
0.032240000000000005
0.09811
0.34134
-0.00528
-0.20955
-0.30495
-0.06683
0.20123999999999997
-0.03512
0.03701
-0.25809
-0.25917
-0.17162
-0.01153
0.13099
-0.01489
-0.02282
-0.05875
-0.05846
0.018260000000000002
0.00615
-0.1243
0.15380000000000002
0.47184
0.22873000000000002
0.22318000000000002
0.00062
0.25952000000000003
0.28626
0.5472
0.7310899999999999
0.2717
0.16716
0.24741
0.15166000000000002
0.02283
0.02796
0.15130000000000002
-0.19219
-0.27569
-0.20309999999999997
-0.19463
-0.32634
-0.36085
-0.25562
-0.00705
-0.07708999999999999
-0.49268999999999996
-0.40924999999999995
-0.64185
-0.73586
-0.3122
-0.23675000000000002
-0.32750999999999997
-0.33424
0.0035099999999999997
-0.08045
0.16521
-0.10636
-0.51898
-0.26667
-0.45866
-0.1285
0.18780000000000002
0.02718
0.15887
0.46740000000000004
0.44649
0.25838
0.27375
0.11535999999999999
-0.13035
-0.08710000000000001
-0.23324999999999999
-0.28815999999999997
0.2768
0.21512
0.33270000000000005
0.18896000000000002
0.00413
0.11207
0.21999
0.48271000000000003
0.30894
0.14340999999999998
0.27277999999999997
-0.15683999999999998
-0.24576
-0.01383
0.01439
0.22676
0.18844000000000002
0.15299
0.16190000000000002
0.009000000000000001
0.10147
0.13202999999999998
0.24963999999999997
0.49768999999999997
0.18147
0.06838
-0.034409999999999996
0.07998999999999999
0.28244
0.16008
0.45939
0.25085999999999997
-0.22071000000000002
-0.0953
-0.27690000000000003
-0.3287
-0.00028000000000000003
0.033889999999999997
-0.017230000000000002
-0.22763000000000003
-0.07835
-0.04764
0.08506999999999999
0.46006
0.35422
0.20834
0.35398
0.5943
0.20159
0.02343
0.21850999999999998
0.24471
-0.03573
-0.05881
-0.00664
-0.11753999999999999
-0.22745
-0.16002
-0.16627
0.00024
-0.044660000000000005
-0.14424
-0.26262
-0.11314
0.09539999999999998
0.02933
0.10096999999999999
0.42902
0.36645000000000005
0.20324
0.21405000000000002
0.36457999999999996
0.59694
0.52134
0.72357
0.76265
0.3497
0.26761
0.17498999999999998
0.5555100000000001
0.64606
0.42042999999999997
0.51262
0.04923
-0.08638
0.00542
-0.11821999999999999
-0.25203
-0.025160000000000002
0.08442999999999999
-0.13966
-0.11073000000000001
0.22972
0.14535
0.08675000000000001
0.07531
0.57525
0.51353
0.8551300000000001
0.69017
0.061349999999999995
0.15207
0.36222
0.38069000000000003
0.02426
0.015220000000000001
-0.065
0.14303000000000002
0.26462
0.17774
0.41716000000000003
0.1459
-0.31579999999999997
-0.29893000000000003
-0.34976999999999997
-0.54113
-0.49209
-0.35799
-0.33322
0.11787
-0.0943
-0.30873
-0.35679
-0.47256
-0.09601000000000001
-0.044669999999999994
0.09007
-0.28156
-0.45724
-0.29209
-0.4894
-0.80671
-0.26792
-0.07979
0.13131
0.00526
-0.25915
-0.11683
-0.02406
0.43500999999999995
0.26976
0.08756
0.21318
-0.06797
-0.33562
-0.1936
-0.30674
-0.07992
0.16513000000000003
0.10825
0.00294
-0.00709
0.16817000000000001
0.06995
0.19665
0.24444
-0.061849999999999995
-0.09835
-0.27125
-0.47216
-0.30062
-0.26019
-0.28148
-0.06329
0.04888
-0.06543
-0.14514
-0.54169
-0.36843000000000004
-0.17009
-0.13597
-0.31348
-0.24133
-0.10441
-0.09954
0.025830000000000002
-0.01103
0.01584
-0.01978
0.32488
0.44153
0.22039
0.22893
0.33347
0.2559
0.19732
0.05044
-0.19987
0.16676
0.21001
0.10232
0.13774
0.48645000000000005
0.44449
0.54949
0.17779
-0.00097
0.13232
0.1862
0.07542
0.07824
0.13345
0.02488
0.30861
0.32693
0.16685
-0.04622
-0.27043
0.23196999999999998
0.18116
0.25568
0.07035
-0.03064
0.02152
0.20179
-0.13504
-0.43399
-0.23135999999999998
-0.26836
-0.59768
-0.32244
-0.0767
-0.05532
0.38619
0.28492
0.18855
0.040519999999999994
-0.026690000000000002
0.40218000000000004
0.36981
0.49249000000000004
0.20465
0.09765
0.20265999999999998
0.32189
0.59271
0.08177
0.027970000000000002
-0.14676999999999998
-0.22384
0.0875
-0.01024
-0.1953
-0.58841
-0.17521
-0.05915
-0.0765
-0.47820999999999997
-0.63049
-0.4414
-0.60067
-0.39216
-0.04043
-0.10379
-0.13001
-0.18962
-0.08921
-0.08123
0.0377
-0.08471999999999999
-0.25703
-0.20119
-0.30875
0.044199999999999996
0.12564
-0.01472
-0.0862
0.07783000000000001
0.30291
0.14906
0.30746
-0.24306
-0.40470999999999996
-0.16061
-0.08656000000000001
0.20964
0.00545
-0.0556
-0.32576
-0.11743
0.31568
0.09909000000000001
0.28236
0.21297999999999997
-0.09958
-0.15514
-0.08316000000000001
-0.23954
-0.47070999999999996
-0.33563000000000004
-0.40261
-0.58756
-0.46147
-0.38558
-0.47391
-0.40589
-0.18295999999999998
-0.20051
-0.13999
-0.14244
-0.29291
-0.30867
-0.42029000000000005
-0.25408000000000003
0.19204000000000002
0.16713
0.46163
0.46590000000000004
-0.10500999999999999
-0.11525
-0.11723
-0.6072500000000001
-0.5414800000000001
-0.30617
-0.41375999999999996
-0.4475
-0.19573000000000002
-0.13448000000000002
-0.10646000000000001
0.31639
0.26666
0.10454000000000001
0.17952
0.35442
0.25332
0.10116
0.22229
0.15368
-0.08388999999999999
-0.08413999999999999
0.05449
0.018349999999999998
-0.45848
-0.41814999999999997
-0.5367000000000001
-0.18914999999999998
-0.06835
-0.2522
-0.43426000000000003
-0.12268000000000001
-0.03774
-0.27251000000000003
-0.46409999999999996
-0.43343000000000004
-0.09493
-0.19249
-0.27382
-0.10798999999999999
0.27837
0.19943000000000002
0.43106
0.56577
0.23842
0.16951
0.14587
0.05509
0.13756000000000002
0.13812
0.0318
0.36985
0.74859
0.55455
0.6585599999999999
0.25156
0.08897000000000001
0.15862
0.12896000000000002
-0.13510999999999998
-0.04445
0.08752
0.09240999999999999
0.402
0.40836
0.27449
0.26409
0.20763
0.38267
0.29616
0.46795000000000003
0.47133
0.18739999999999998
0.18733
0.26994
0.057370000000000004
-0.08642
-0.03918
0.0377
-0.1741
-0.18053
-0.03908
0.14958
-0.09253
-0.44793
-0.32498
-0.33719
-0.44152
-0.48143
-0.39742
-0.5092300000000001
0.08431
0.23741
0.06387
0.10174
0.10324
0.27425
0.17953
0.29001
-0.06651
-0.35646
-0.19455999999999998
-0.3395
-0.31088
-0.14004
-0.15267
-0.21058
-0.30890999999999996
-0.027690000000000003
-0.03752
0.02418
0.30530999999999997
0.023639999999999998
-0.05473
-0.08986000000000001
-0.10319
0.11641
0.09545999999999999
0.19091000000000002
-0.13261
-0.30124
-0.14061
-0.3075
0.11338
0.33669
0.10622
0.11205
0.39506
0.29342
0.03919
-0.045
-0.42171
-0.30492
-0.19762000000000002
-0.21948
-0.48622
-0.26073
-0.13373
0.01542
0.10144
-0.24788
-0.21693
-0.28492999999999996
-0.43323
-0.21822
-0.09038
-0.18442
0.21943000000000001
0.46871
0.24763000000000002
0.24633
0.44133
0.40220999999999996
0.22957999999999998
0.31129999999999997
-0.20035
-0.28643
-0.06107
-0.11161
-0.18439
-0.03567
0.0022
0.02622
-0.19997
-0.19824999999999998
-0.0834
-0.12872999999999998
-0.14512
-0.05501
0.00783
-0.06391
-0.10430999999999999
0.11458
0.13965
0.23793
0.26365
0.22746
0.25517
0.25207
0.40127
0.38591000000000003
0.28190000000000004
0.39514000000000005
0.43575
0.11906
0.04584
-0.05431
0.13735
0.39982
0.34607
0.42684
0.21606000000000003
0.10837
0.14896
0.13494
0.022850000000000002
0.13098
0.18792
0.23625
0.5752
0.32858
0.16536
0.13455999999999999
-0.0746
0.03104
0.03078
-0.0108
-0.08021
-0.05933
-0.01822
-0.08285000000000001
0.19175
0.21359999999999998
0.04101
-0.038149999999999996
-0.50869
-0.26966
-0.11238
-0.16847
-0.07371
0.05453
0.026619999999999998
-0.02122
0.2682
0.36042
0.15343
0.33946
0.07918
-0.15272
-0.06269999999999999
-0.06752
0.016730000000000002
0.00468
0.014159999999999999
0.044199999999999996
-0.23600000000000002
-0.29563
-0.19984000000000002
-0.4293
-0.34647
0.25705
0.26979
0.36211
0.54859
0.44356
0.28546
0.49058999999999997
0.17076
-0.11412000000000001
0.04683
-0.08911
-0.22615
-0.01133
0.04589000000000001
0.21003
-0.010329999999999999
-0.19777
-0.14955
-0.0864
-0.29717
-0.63284
-0.48869
-0.69831
-0.29035
-0.05953
-0.2896
-0.37925
-0.68128
-0.31732
-0.17787
-0.03109
-0.02617
-0.16787
-0.08129
-0.12839
-0.14414
0.06881999999999999
0.09097
0.1757
0.17068999999999998
-0.03157
-0.048470000000000006
-0.08947
0.08959
0.18492999999999998
0.12719
0.22997
0.13829
-0.0864
-0.06032
-0.31196999999999997
-0.2728
0.16526
0.11096
0.14292
0.53098
0.37544
0.11342
0.10053000000000001
0.10651
0.22344
0.1604
0.22469
0.13838
-0.008
0.00958
0.06139
-0.10135999999999999
-0.28148
-0.2606
-0.48585
-0.65881
-0.30773
-0.27623000000000003
-0.29712
-0.01828
-0.00061
-0.11092
-0.13359
-0.07066
0.0256
-0.03818
-0.11932000000000001
-0.36982
-0.06572
0.014539999999999999
0.05241
-0.16533
-0.10766
0.00683
0.11094
0.03472
-0.13654
-0.06503
-0.07168999999999999
0.00155
0.057030000000000004
0.02781
0.13212
0.15353
-0.03401
-0.05048
-0.03769
0.26795
0.08382999999999999
-0.061799999999999994
-0.20214
-0.34375999999999995
-0.07733
-0.07731
-0.14414
-0.38734
-0.27099
-0.20893
-0.31264
-0.15603
0.020019999999999996
-0.06704
0.030449999999999998
-0.10260999999999999
-0.30530999999999997
-0.27437
-0.38712
-0.50152
-0.28567
-0.21197
-0.23335999999999998
0.0137
0.11497
0.03838
0.06042
0.24413
0.2553
0.1356
0.11689999999999999
0.010049999999999998
-0.0226
-0.014119999999999999
-0.18239
0.03763
0.37943
0.18308
0.17862999999999998
0.09846
0.09071
0.04933
0.04816
-0.32092
-0.27611
-0.16710999999999998
-0.12037
-0.37703000000000003
-0.43571
-0.31273
-0.29664
-0.25275
-0.3023
-0.21056
-0.24553999999999998
0.13515
0.34104999999999996
0.18035
0.25895
0.06606
0.009210000000000001
0.07828
0.01081
0.28309
0.33376
0.18549
0.17739000000000002
0.07133
0.16908
0.14704
0.25012
0.17789000000000002
-0.03459
-0.00849
-0.1472
-0.37483
-0.13261
-0.049370000000000004
-0.12144
-0.0801
0.14185999999999999
0.09398999999999999
0.09970000000000001
0.01115
-0.07062
-0.07586
-0.09226000000000001
-0.06679
-0.05097
-0.09529
-0.0958
-0.14198
-0.06331
-0.02927
-0.1542
-0.3161
-0.03596
0.0027500000000000003
0.0313
0.12939
0.11364
0.04505
0.02597
-0.1127
0.036539999999999996
0.12733
0.17373000000000002
0.5858
0.5627300000000001
0.37043
0.44924
0.22556
0.14183
0.14882
0.09218
-0.05319
0.0014199999999999998
0.06681
-0.0068200000000000005
-0.07373
0.1213
0.13944
0.16664
0.29977
0.32553
0.22313
0.28405
0.24658000000000002
0.08417
0.050359999999999995
0.07829
-0.1419
-0.21093
-0.14773999999999998
-0.2321
0.10801
0.18477
0.00894
-0.06347
-0.06257
0.17181999999999997
0.07569
0.22927
-0.0789
-0.3502
-0.23791
-0.35054
-0.44351
-0.2024
-0.11097
-0.17149
-0.08436
0.26315
0.20548
0.37132
0.33398000000000005
0.18116
0.18012
0.29852
0.32394
0.11388999999999999
0.11445999999999999
0.18512
0.11792
0.07818
0.04875
0.14166
-0.10117000000000001
-0.37024999999999997
-0.27561
-0.2725
-0.21857
-0.27803
-0.28326
-0.46296
-0.47408
-0.09608
-0.10929
-0.02086
0.12891
-0.015489999999999999
-0.06385
-0.02581
-0.20789000000000002
-0.04279
0.04388
0.23084
0.11096
-0.15705
-0.038650000000000004
-0.02508
0.21292000000000003
0.12966
0.050179999999999995
0.07072
0.15086
0.0908
-0.03763
-0.11376
-0.31593
-0.18831
-0.07406
-0.038239999999999996
0.22041
0.21792999999999998
0.08373
0.20854
0.29083
0.05729
-0.02559
-0.0541
-0.36704000000000003
-0.36436999999999997
-0.24086
-0.20785
-0.15048999999999998
-0.09332000000000001
-0.07787
0.03282
0.16421
-0.036379999999999996
-0.0301
0.0008500000000000001
0.16462
0.13737
0.04194
0.13706
0.35028
0.14199
0.06344
0.11288000000000001
0.1777
0.13787000000000002
0.14429
0.13546
0.13269
0.23609000000000002
0.20395
0.27495
0.45828
0.21769
0.13414
0.10148
0.0325
0.06259
0.051100000000000007
-0.01744
-0.026150000000000003
0.17536000000000002
0.13787000000000002
0.23402
0.29600000000000004
0.02323
-0.023809999999999998
-0.10917
-0.1618
-0.05591
-0.06854
-0.09231
-0.040709999999999996
-0.014079999999999999
-0.0689
-0.08374000000000001
-0.38655
-0.34009999999999996
-0.24516
-0.23562999999999998
-0.20292000000000002
-0.26785
-0.24683
-0.22719
0.0003
-0.07745
-0.15414
-0.14859999999999998
-0.013460000000000001
0.04279
-0.03908
-0.01421
0.14871
0.08478999999999999
0.02429
-0.05961
0.10897
0.29146
0.17600000000000002
0.11652
0.26902000000000004
0.49223
0.32333
0.37958
0.12826
0.0053100000000000005
0.051609999999999996
0.04993
-0.09548999999999999
-0.04178
-0.021320000000000002
0.06354
0.0329
-0.14784
-0.14044
-0.07239
-0.22873000000000002
-0.39357
-0.31042000000000003
-0.38677
-0.12304
-0.02806
-0.15611
-0.16949999999999998
-0.024
-0.041909999999999996
-0.12096
-0.19166
-0.37564
-0.12045
-0.06774
-0.09411
0.00454
0.09597
0.04032
-0.00037999999999999997
-0.17994
-0.037290000000000004
0.016200000000000003
0.021720000000000003
-0.28269
-0.15944
-0.03166
0.043769999999999996
0.01337
-0.03737
0.04226
0.06291000000000001
0.18807
0.18806
0.16508
0.09734
0.25812999999999997
0.41656999999999994
0.28031
0.35700000000000004
0.39019
0.33212
0.24947
0.30192
0.0254
-0.09159
0.038239999999999996
-0.00387
0.03827
0.17857
0.14149
0.14139
-0.11857
-0.051
0.01008
0.05205
0.07403
0.0035199999999999997
0.01394
0.15928
0.13904
-0.11586
-0.08721
-0.13156
0.02577
0.13685
0.05963
0.09910999999999999
0.02052
-0.01875
0.00033
0.07436
0.00307
-0.17216
-0.11059
-0.22853
-0.08256000000000001
0.13784000000000002
0.06577
0.13661
0.036309999999999995
0.01472
0.04091
0.07559
0.19166
0.00756
-0.02044
-0.11154
-0.12567
0.07150000000000001
0.00838
0.07493999999999999
-0.19792
-0.24761
-0.10683999999999999
-0.09478
0.02331
-0.13814
-0.15963
-0.25886
-0.16321000000000002
0.0882
0.02488
0.03385
-0.14143
-0.11263999999999999
-0.02161
0.00879
-0.04643
-0.05692
-0.0194
0.02374
0.30916
0.24412
0.12929000000000002
0.14562
0.19293
0.010289999999999999
-0.07605
-0.12733
-0.31231000000000003
-0.19208999999999998
-0.14533
-0.25026
-0.11695
0.01373
-0.04622
-0.07397000000000001
-0.21627
-0.09739
-0.0983
0.02121
0.01619
-0.23692
-0.23029
-0.28246
-0.16208999999999998
-0.15324
-0.22374
-0.22228
-0.20588
-0.0888
-0.08792
0.03391
-0.01203
-0.28335
-0.2638
-0.32789999999999997
-0.21661000000000002
-0.10759
-0.15371
-0.20678000000000002
0.01661
0.09772
-0.00431
-0.00664
0.049710000000000004
0.21152
0.15672
0.26954999999999996
-0.0621
-0.15155
0.00054
0.00382
0.099
0.09597
0.08913
0.13299
0.14425000000000002
0.02858
-0.00183
0.00345
0.22922
0.26734
0.14069
0.19816
0.10096
-0.0144
0.010620000000000001
0.02626
0.040810000000000006
-0.034140000000000004
-0.07526
-0.16355
-0.026690000000000002
0.17195
0.07049
0.20725000000000002
0.13008
-0.06447
-0.04516
-0.024980000000000002
-0.12707000000000002
-0.19468
-0.14119
-0.17948
0.040819999999999995
0.14733000000000002
0.06145
0.05884
-0.02117
0.13466
0.15798
0.26915
0.34053
0.23598
0.21411000000000002
0.23061
0.43762999999999996
0.36509
0.23163
0.26904
-0.048499999999999995
-0.03744
0.03546
0.09504
-0.02491
-0.18466000000000002
-0.07434
-0.16649
-0.06451
0.08481
0.00836
-0.055990000000000005
-0.16608
0.028679999999999997
0.045419999999999995
0.17339
0.27598
0.03113
-0.009729999999999999
0.05223
0.16765
0.09797
0.06356
0.09536
0.05476
0.00771
0.00681
-0.07922
-0.18849
0.03064
0.047510000000000004
0.139
0.35327
0.21221
0.10779
0.20648
0.1722
0.07933
0.12300000000000001
0.2346
0.23646
0.04304
0.01757
0.00026
0.11881
0.20223
0.13612
0.20662
0.09866
-0.06487
-0.03371
0.04283000000000001
-0.021240000000000002
-0.13294
-0.10933
-0.06162
0.04309
-0.10461999999999999
-0.12208999999999999
-0.12502000000000002
0.046349999999999995
0.019299999999999998
-0.0894
-0.14755000000000001
-0.40506
-0.30971
-0.21405000000000002
-0.25913
-0.07517
0.014790000000000001
-0.05054
-0.09430999999999999
-0.10922000000000001
-0.01899
-0.05585
0.05056
0.054150000000000004
-0.14603
-0.14279999999999998
-0.22971
-0.28416
-0.17476
-0.16412
-0.20186
-0.35058999999999996
-0.17532
-0.10468
-0.10617000000000001
0.08302
0.11715
0.07158
0.19333999999999998
0.11653000000000001
-0.14162
-0.13705
-0.17926999999999998
-0.22405999999999998
-0.09332000000000001
-0.03315
-0.02204
0.17605
0.14489000000000002
0.04505
0.029910000000000003
0.05526
0.12885
0.09622
0.11574
0.00849
0.00503
0.03753
0.11811999999999999
0.13694
0.11686999999999999
0.16804
0.27181
0.43563
0.24292999999999998
0.19402999999999998
0.16047
0.15833
0.27026
0.21274
0.23504999999999998
0.28003
0.18760000000000002
0.14866
0.20448
0.13731
-0.00124
-0.00244
0.00509
-0.06369
-0.08843
-0.05987
-0.034300000000000004
-0.14314
-0.30341999999999997
-0.26721
-0.42044
-0.37142000000000003
-0.14849
-0.17073
-0.23838
0.02916
0.15254
-0.00094
-0.00037999999999999997
-0.31266
-0.23294
-0.12049
-0.08076
-0.1998
-0.28425999999999996
-0.18899000000000002
-0.27919
-0.11525
0.02541
-0.04627
-0.11186
-0.15411
0.00132
-0.006959999999999999
0.022789999999999998
0.05665
0.03645
0.02506
-0.03354
-0.00364
0.11124
0.08057
0.08093
-0.02818
0.02388
0.02719
0.02666
-0.13635999999999998
-0.11336
-0.03866
-0.04732
0.13036
0.16364
0.056459999999999996
0.060540000000000004
0.030369999999999998
0.03383
0.0075
0.11417
-0.02946
-0.21996
-0.14451
-0.19834
-0.15571
0.04567
0.028239999999999998
0.10633
-0.00256
-0.1477
-0.10460000000000001
-0.09346
0.07096
0.032029999999999996
-0.06162
-0.0398
-0.12011
-0.21625
-0.19145
-0.26171
-0.23936
-0.08627000000000001
-0.07596
-0.10492000000000001
-0.20732
-0.11733
-0.11308
-0.19393999999999997
-0.14618
-0.0055000000000000005
-0.04827
-0.06555
-0.18120999999999998
-0.09664999999999999
-0.06636
-0.00192
-0.028900000000000002
-0.041280000000000004
-0.01703
0.01821
-0.11518
-0.17725000000000002
-0.11166999999999999
-0.09529
-0.32186
-0.33565
-0.21346
-0.27485
0.030369999999999998
0.09657
-0.0011899999999999999
-0.03165
0.05524
0.23942
0.1818
0.25944
0.25445
0.17951
0.18491
0.20511
0.21635000000000001
0.16564
0.13818
0.12423999999999999
-0.016579999999999998
0.06495000000000001
0.09925
0.0886
0.12182
0.15308
0.12661
0.18834
0.15023
0.027280000000000002
0.01206
-0.00741
-0.17093
-0.07565000000000001
-0.01555
0.0658
-0.06628
-0.17534
-0.08954000000000001
-0.038079999999999996
0.09880000000000001
0.00616
-0.017410000000000002
-0.04271
0.055810000000000005
0.08735
0.02988
0.07469
-0.02674
-0.07016
-0.04428
-0.02905
-0.18753
-0.19662
-0.06817000000000001
-0.11513999999999999
0.08723
0.17617000000000002
0.11374000000000001
0.12895
-0.0393
0.010960000000000001
0.051699999999999996
0.016479999999999998
0.09559
0.1433
0.11888
0.21399
0.3436
0.12355000000000001
0.07396
0.041639999999999996
-0.12387000000000001
-0.04629
0.0034300000000000003
-0.045309999999999996
-0.15341
-0.11821999999999999
-0.09487
-0.14891
-0.17861999999999997
-0.11599999999999999
-0.0953
-0.07477
0.07324
0.02231
-0.02522
-0.0588
-0.21333
-0.04567
0.03831
0.08515
0.09025999999999999
-0.006520000000000001
0.01357
-0.07569
-0.05436
0.16268999999999997
0.16341999999999998
0.19669
0.08151
0.08115
0.11689
0.18035
0.20452
0.0646
0.06919
0.07775
0.08718999999999999
0.00227
-0.00459
-0.08007999999999998
-0.14509
-0.01287
-0.01329
-0.05411
-0.13864
-0.15225
-0.14413
-0.21789999999999998
-0.06581000000000001
0.055119999999999995
-0.022400000000000003
-0.0546
-0.23263999999999999
-0.16021999999999997
-0.11958
-0.08295999999999999
-0.07794
-0.16291
-0.15615
-0.22378
-0.25131
-0.11098000000000001
-0.08943
-0.09191
-0.03957
0.0121
-0.00577
-0.00292
0.15535
0.13413
0.0647
0.06992
0.1217
0.15105000000000002
0.10618999999999999
0.02603
-0.13893
0.07063
0.13628
0.13008
0.29852
0.33259
0.21539000000000003
0.22104
0.16182
0.14259
0.12208999999999999
0.10962999999999999
-0.07894999999999999
-0.05827
0.01111
0.04091
-0.01366
-0.06398
-0.029079999999999998
-0.08274
-0.08455
-0.02336
-0.04747
-0.08992000000000001
-0.18361
-0.15524
-0.13470000000000001
-0.20835
-0.09383
0.01745
-0.038759999999999996
-0.052919999999999995
-0.09175000000000001
-0.00582
-0.01047
-0.01611
-0.21983
-0.19149000000000002
-0.09232
-0.17579999999999998
-0.16443000000000002
-0.00774
-0.01704
-0.05258
0.00415
0.15822
0.12151999999999999
0.16533
0.07751000000000001
0.01447
0.04262
0.09763999999999999
0.14017
0.06651
0.02905
0.010289999999999999
-0.10915
-0.12153
-0.07323
-0.08409000000000001
-0.08816
-0.007169999999999999
-0.032170000000000004
0.01959
-0.01721
-0.151
-0.11925000000000001
-0.15611
-0.04178
-0.006750000000000001
-0.07672
-0.052309999999999995
-0.06599000000000001
-0.04739
-0.0351
-0.00557
0.08726
0.0279
0.00627
-0.03988
-0.10613
0.05085
0.03986
0.07765
0.07199
-0.02319
-0.0199
0.00757
0.13796
0.11410000000000001
0.05399
0.13509000000000002
-0.05791
-0.19557
-0.10401999999999999
-0.15878
-0.0454
0.012969999999999999
-0.01536
-0.03838
-0.06806
-0.04556
-0.07672
-0.06242
0.06866
-0.00732
-0.04151
-0.07421
0.04009
0.05836
-0.01213
-0.02113
-0.07476
-0.08484
-0.09283
-0.20704
-0.21736999999999998
-0.00688
-0.00861
-0.00536
0.11717000000000001
0.1472
0.08236
0.11577
0.21658000000000002
0.21288
0.17994
0.23104
0.27001000000000003
0.24542999999999998
0.21326
0.23992000000000002
0.21407
0.18047000000000002
0.17606000000000002
0.20462
0.18359999999999999
0.11745
0.12358000000000001
0.08978
0.25447
0.30677
0.20995
0.25839
0.40724
0.32747
0.19696000000000002
0.26627
0.18688
-0.02407
-0.01257
-0.10606
-0.10587999999999999
0.044349999999999994
-0.00319
-0.00835
-0.0839
-0.03438
-0.05159
-0.00818
0.07299
-0.06604
-0.10728
-0.09778
-0.10817
-0.15851
-0.18516
-0.22532
-0.33292
-0.21114
-0.1507
-0.17765
-0.042409999999999996
0.08410000000000001
0.036680000000000004
0.11715999999999999
0.17893
0.03965
-0.01195
-0.06735000000000001
-0.05189
0.005390000000000001
-0.0096
-0.07041
-0.022320000000000003
0.14748
0.07461999999999999
0.10276
0.10013
0.08385999999999999
0.07054
0.04826
0.07252
0.02404
-0.04309
-0.10683999999999999
-0.16580999999999999
-0.0288
-0.06428
-0.07832
-0.08503999999999999
-0.03115
-0.02721
0.01322
0.00062
-0.014650000000000002
-0.03864
-0.025840000000000002
-0.17812
-0.18100000000000002
-0.13624
-0.21201
-0.1162
-0.00809
-0.07951
-0.06974999999999999
-0.13115
-0.02827
-0.00747
0.07601
-0.08556
-0.1348
-0.030590000000000003
-0.07273
-0.18769
-0.01447
0.034390000000000004
0.09783
0.11755
0.07208
0.07134
0.14723
0.15184
0.05394
0.05826
0.13656000000000001
0.062270000000000006
-0.011200000000000002
0.01582
0.08587
0.07127
-0.08375
-0.0787
-0.12663
-0.07211000000000001
-0.06429
-0.11138999999999999
-0.13426
-0.22940000000000002
-0.13647
-0.10553000000000001
-0.12093999999999999
-0.24767
-0.10207000000000001
-0.022949999999999998
0.03426
0.10816
0.03529
0.00586
0.06245
-0.0163
-0.05692
-0.01088
0.07241
0.01008
-0.08257999999999999
-0.00497
0.05296
0.22872
0.16238
0.10911
0.13571999999999998
0.26688
0.18419
0.09820999999999999
0.11034000000000001
0.17834
0.12247999999999999
0.06557
0.0806
-0.06396
-0.039009999999999996
0.03637
0.00916
0.07166
0.14563
0.11067
0.1539
0.05659
-0.02883
-0.01713
0.04103
-0.03952
-0.17911000000000002
-0.09724000000000001
-0.14089000000000002
-0.05495
0.042969999999999994
0.019530000000000002
0.057210000000000004
0.0603
0.02384
0.01885
0.03655
0.07027
-0.00313
-0.01184
-0.0138
-0.055510000000000004
-0.0581
-0.035070000000000004
-0.062400000000000004
-0.0385
0.01949
0.01363
0.03504
0.03338
0.01574
0.01989
0.07921
-0.03872
-0.17013
-0.10991
-0.16208999999999998
-0.12372999999999999
-0.09097
-0.10966
-0.1177
0.00074
-0.016390000000000002
-0.069
-0.021589999999999998
0.04363
-0.03066
-0.05087
-0.10151
-0.14291
-0.07789
-0.07386
-0.11167999999999999
-0.05314
0.01283
-0.02436
-0.04745
-0.13363
-0.0623
-0.02487
0.00515
0.09709
0.10189
0.07992
0.12455999999999999
0.09547
0.026520000000000002
0.028839999999999998
0.06007
0.08481999999999999
-0.0383
-0.04769999999999999
-0.14276999999999998
-0.0625
0.11737
0.06769
0.10491
0.14543
0.043550000000000005
-0.0159
-0.09375
-0.23954999999999999
-0.16969
-0.13607
-0.19499
-0.23315999999999998
-0.12479
-0.13877
-0.14541
-0.1791
-0.17178000000000002
-0.14016
-0.13998
-0.1045
-0.1461
-0.16640999999999997
-0.25665
-0.24367
-0.053630000000000004
-0.08005000000000001
-0.09043
0.03842
0.05096
-0.01942
-0.025859999999999998
-0.03474
0.01891
0.02144
-0.04823
-0.18271
0.027999999999999997
0.044950000000000004
0.047
-0.018500000000000003
0.0070599999999999994
0.03429
0.10228
0.06548
-0.04782
-0.010209999999999999
-0.016819999999999998
-0.04364
-0.00445
0.026770000000000002
-0.033690000000000005
-0.012669999999999999
0.12301999999999999
0.09807
0.11286
0.26501
0.29408999999999996
0.2116
0.24917
0.17312999999999998
0.06976
0.07501000000000001
0.04315
-0.02939
0.08886
0.09884
0.09783
0.00683
0.00344
0.03762
0.02543
0.07149
0.10013
0.06922
0.08946
-0.08964
-0.11419
-0.053040000000000004
-0.07254
0.046529999999999995
0.05713
0.00468
0.02597
0.02859
-0.00436
-0.020739999999999998
0.00826
0.04546
-0.022789999999999998
-0.04507
-0.09518
-0.13726000000000002
-0.08727
-0.0812
-0.12716
-0.02802
0.08827
0.028319999999999998
0.00813
0.05748
0.06572
0.02778
0.014159999999999999
-0.09083000000000001
-0.01993
-0.00089
-0.021509999999999998
-0.03749
0.03041
0.05272
0.07745
0.139
0.10682
0.060110000000000004
0.06855
0.07778
0.04337
0.0248
0.01551
0.036610000000000004
0.01993
-0.01218
-0.00154
-0.04172
-0.04699
-0.033479999999999996
-0.08848
-0.07035
-0.0051
-0.03774
-0.0799
-0.11961000000000001
-0.06098
-0.07607
-0.09147999999999999
-0.19937000000000002
-0.14925
-0.1041
-0.11677
-0.011850000000000001
0.0335
-0.01755
0.05237
-0.02619
-0.14609
-0.11747999999999999
-0.13101000000000002
-0.23198
-0.19876000000000002
-0.14287
-0.18739
-0.15883
-0.05101
-0.05484
-0.01504
0.1063
0.05822
0.01019
0.017159999999999998
0.041299999999999996
-0.0009
-0.021339999999999998
-0.05339000000000001
-0.09739
-0.0075
-0.00381
-0.054669999999999996
0.08316000000000001
0.19662
0.10793
0.13472
0.12569
0.10972
0.06459
0.1106
-0.07724
-0.12419000000000001
-0.04536
-0.021150000000000002
0.06985000000000001
0.032400000000000005
0.00672
0.05226
0.14762
0.11567999999999999
0.07268
0.09821999999999999
0.13855
0.06768
0.03748
0.00799
0.13474
0.16752
0.07097
0.09882999999999999
0.07086
0.05133
0.02842
0.06278
0.04154
-0.05042
-0.046130000000000004
-0.08617000000000001
-0.07876999999999999
-0.01647
-0.047850000000000004
-0.11516
-0.12581
0.06524
0.042460000000000005
0.1096
0.03401
-0.051239999999999994
-0.026080000000000002
0.03116
-0.0014299999999999998
-0.10844
-0.07816
-0.13126
-0.03367
0.0947
0.04771
0.07805
0.03768
0.046849999999999996
0.03817
0.075
0.10737999999999999
0.010549999999999999
-0.008289999999999999
-0.01799
-0.025169999999999998
0.02145
0.024220000000000002
0.04231
-0.022189999999999998
0.01727
0.03664
0.056580000000000005
0.08828
0.033769999999999994
-0.0010299999999999999
-0.0404
-0.10564
-0.045860000000000005
-0.03873
-0.023090000000000003
-0.03448
-0.02396
-0.02221
-0.01229
-0.022799999999999997
-0.013580000000000002
-0.01861
0.01895
-0.022160000000000003
-0.08141999999999999
-0.07965
-0.06016
-0.15889
-0.16559000000000001
-0.09589
-0.09146000000000001
0.03375
0.09731
0.05468
0.10499
0.10992
0.05789
0.03521
0.09437
0.04598
-0.11213
-0.08282
-0.10606
-0.07763
0.00777
0.00916
0.025019999999999997
0.0858
0.07501000000000001
0.04322
0.03696
0.00307
0.01322
0.014039999999999999
-0.00035000000000000005
-0.053419999999999995
0.00907
0.01729
0.06796
0.06276
0.00571
0.01203
0.06761
0.08596999999999999
-0.03692
-0.03793
-0.04396
-0.10374
-0.12983
-0.12066
-0.17225000000000001
-0.15814
-0.07122
-0.07619
-0.07851
0.0044800000000000005
0.00911
-0.02752
-0.019
-0.01541
0.03547
0.03529
0.08141
0.03755
-0.03323
-0.00866
-0.015269999999999999
-0.02897
0.03357
0.02568
0.07914
0.05738000000000001
-0.04192
-0.015029999999999998
-0.01472
0.01859
-0.01543
-0.03571
-0.056740000000000006
-0.06659
0.02206
0.01425
0.03907
0.09609999999999999
0.023319999999999997
-0.00306
-0.01313
0.04111
0.07351
0.03567
0.08997
0.06141
0.01435
0.032170000000000004
0.02137
-0.03746
0.0035099999999999997
0.02566
0.08866
0.0294
-0.08523
-0.05434
-0.07922
-0.04989
-0.029249999999999998
-0.021869999999999997
-0.05391
0.04449
0.12635
0.06527999999999999
0.09165
0.21981
0.12734
0.04372
-0.00322
-0.07249
-0.00823
-0.01221
-0.00822
-0.020550000000000002
0.02021
0.01957
0.04414
0.01529
-0.0526
-0.05051
-0.07525
-0.06409
0.00843
-0.01899
0.018009999999999998
-0.05128
-0.15047
-0.10601000000000001
-0.12834
-0.07979
0.00083
0.00248
-0.012629999999999999
0.04119
0.09434
0.055990000000000005
0.03694
0.011850000000000001
0.0489
0.03897
0.03166
0.05659
0.07448
0.0546
0.04952
-0.08494
-0.00456
0.040119999999999996
0.05909
0.02418
-0.00545
0.01806
0.027389999999999998
-0.034319999999999996
-0.08664999999999999
-0.06143
-0.11260999999999999
-0.09242
0.061180000000000005
0.05831
0.0626
0.07995000000000001
0.07575
0.05039
0.05864
-0.021429999999999998
0.006919999999999999
0.02664
0.06921000000000001
-0.05101
-0.12011
-0.06109
-0.04922
-0.10493999999999999
-0.12803
-0.08753
-0.05778
-0.062400000000000004
-0.11747999999999999
-0.08965
-0.09865
0.00362
0.01332
-0.01375
-0.039060000000000004
0.00373
0.10533
0.08816
0.10274
0.14322
0.15248
0.12042
0.13927
0.12778
0.13480999999999999
0.13754
0.19832
0.21359999999999998
0.12050000000000001
0.10644999999999999
0.13074
0.06329
-0.012809999999999998
0.00995
-0.0012
0.0096
0.00037999999999999997
-0.0008100000000000001
-0.014459999999999999
0.03527
0.06443
0.0346
0.036520000000000004
-0.00217
-0.02699
-0.01355
-0.04972000000000001
0.02828
0.06872
0.01747
-0.02709
-0.07521
0.048979999999999996
0.06371
0.09313
0.06325
0.044649999999999995
0.06593
0.06801
0.058289999999999995
0.07647999999999999
0.07637
0.09877000000000001
0.11356
0.06537
0.05349
0.07136
0.03017
0.01011
0.02667
0.049699999999999994
0.02392
-0.05474999999999999
-0.03542
-0.09119999999999999
-0.10276999999999999
-0.02911
-0.02931
-0.0783
-0.1567
-0.054779999999999995
-0.03666
-0.03431
0.06699
0.04589000000000001
0.00971
-0.00873
-0.10039999999999999
-0.03788
-0.0066500000000000005
0.006889999999999999
-0.05887
-0.06414
-0.0395
-0.03859
-0.030430000000000002
-0.06626
-0.06149
-0.02588
0.02476
-0.0742
-0.09335
-0.13294
-0.12045
-0.07965
-0.08800000000000001
-0.13215
-0.08037000000000001
-0.014459999999999999
-0.05395
-0.07392
-0.08419
-0.01631
-0.005889999999999999
-0.00098
-0.07888
-0.07183
-0.028980000000000002
-0.06352000000000001
-0.03625
0.05128
0.02552
0.02978
0.06468
0.00884
-0.01179
-0.03612
-0.05857999999999999
-0.032850000000000004
-0.029820000000000003
-0.08935
-0.13342
0.0011
-0.00431
0.0034899999999999996
0.044669999999999994
0.01131
-0.01636
-0.01841
-0.034980000000000004
-0.0163
-0.00863
0.00461
-0.012549999999999999
0.0010199999999999999
0.018879999999999997
0.02073
0.02194
0.05504
0.06483
0.06969
0.07466
0.07263
0.06741
0.044950000000000004
0.10196999999999999
0.13707
0.09157
0.0951
0.09075
0.08553000000000001
0.05883
0.07467
0.08312
0.04595
0.02289
0.015220000000000001
-0.02734
-0.02954
-0.03916
-0.028050000000000002
-0.02995
-0.08247
-0.09782
-0.11346
-0.13487
-0.10972
-0.09901
-0.08884
-0.07536
-0.06777999999999999
-0.07125
-0.06101
0.02183
-0.00321
-0.03957
-0.052539999999999996
-0.02234
-0.02624
-0.05925
-0.11251
-0.10058
0.02741
0.0031
0.01204
0.08547
0.08288000000000001
0.03635
0.05792
-0.00919
-0.041159999999999995
-0.02569
-0.06473
-0.15304
-0.07029
-0.0404
-0.06783
0.0271
0.08728
0.03367
0.02939
0.08113
0.09292
0.0479
0.08349000000000001
0.03889
-0.02926
-0.04317
-0.05918999999999999
-0.10797000000000001
-0.10746
-0.10784
-0.12724
-0.16172
-0.13943
-0.13118
-0.14898
-0.20603000000000002
-0.13996
-0.11251
-0.12943
-0.14919000000000002
-0.11474999999999999
-0.11137000000000001
-0.13885
-0.09061999999999999
-0.02566
-0.04561
-0.01256
-0.00527
-0.03182
-0.02403
-0.028999999999999998
-0.0051
0.04916
0.04107
0.00017999999999999998
0.02241
0.12601
0.08881
0.12357
0.1609
0.11155
0.07414
0.09745
0.007980000000000001
-0.0194
0.00497
0.01802
-0.03226
-0.045869999999999994
-0.02934
-0.04724999999999999
-0.08476
-0.0859
-0.07501000000000001
-0.10561999999999999
-0.10674
-0.047400000000000005
-0.05992
-0.06266
-0.09777
-0.07146
-0.04162
-0.01594
0.036469999999999995
0.03536
0.033319999999999995
0.03289
0.06709999999999999
0.12118999999999999
0.09861
0.12222
0.11442000000000001
0.08461
0.07197
0.07174
0.045270000000000005
0.06448999999999999
0.07136
0.11365
0.14101
0.09017
0.07622
0.099
0.04968
0.00227
0.01209
0.00736
-0.03823
-0.04529
-0.03471
-0.05739
-0.029380000000000003
0.036379999999999996
0.04346
0.07016
0.12865000000000001
0.12009
0.07544
0.1307
0.11225
0.019299999999999998
0.021150000000000002
0.06005
0.00614
-0.0992
-0.07461000000000001
-0.11281000000000001
-0.06753
0.0054
-0.01606
-0.02514
0.06838
0.07794
0.02188
0.029910000000000003
0.02653
0.03708
0.02473
0.03698
0.05683
0.03444
0.0254
0.01202
0.048940000000000004
0.12054000000000001
0.08509
0.11974
0.05933
0.019459999999999998
0.0311
0.07318
0.10791
0.0172
0.00439
-0.01923
-0.02596
6e-05
-0.018779999999999998
0.00098
0.0296
-0.01714
-0.03853
-0.059640000000000006
-0.05763
-0.026619999999999998
-0.02564
-0.06498
-0.02169
0.09596
0.04867
0.05726
0.03172
0.025179999999999998
0.00845
0.06475
0.01456
-0.06926
-0.04452
-0.03392
-0.08657999999999999
-0.06361
-0.02672
-0.00986
-0.029849999999999998
-0.0601
-0.05516
-0.06329
-0.04199
-0.0401
-0.049269999999999994
-0.06918
-0.06214
-0.02632
-0.03951
-0.047880000000000006
-0.04691
0.01566
0.00393
0.04029
0.0268
-0.0557
-0.06468
-0.05944
-0.14972
-0.15554
-0.11581
-0.13702
-0.14737
-0.08976
-0.07597999999999999
-0.07042
-0.0202
0.008060000000000001
-0.00385
0.01458
0.05959
0.06069
0.03897
0.040999999999999995
0.04278
0.06362
0.04638
0.05622
0.004719999999999999
0.02972
0.05027
0.06618
0.00322
-0.0068200000000000005
0.01643
0.00955
0.009479999999999999
0.05302
0.051660000000000005
0.10640000000000001
0.0697
-0.025929999999999998
-0.0004
-0.005
-0.03988
-0.0011899999999999999
0.027069999999999997
0.01307
0.08012000000000001
0.13
0.08997999999999999
0.11647
0.12975
0.08990000000000001
0.06186
0.08558
0.061950000000000005
0.02524
0.03189
0.04537
-0.02954
-0.030019999999999998
-0.0066300000000000005
0.00479
-0.031400000000000004
-0.02686
-0.0035399999999999997
0.04166
0.0567
-0.03811
-0.02848
-0.0443
-0.02245
0.050780000000000006
0.044660000000000005
0.08121
0.13304
0.06838
0.049249999999999995
0.054150000000000004
0.029580000000000002
0.01583
0.02182
0.00626
-0.02299
0.02001
0.022850000000000002
-0.00398
0.01426
0.06533
0.05242
0.0745
0.0336
0.01481
0.020139999999999998
0.0499
-0.022959999999999998
-0.055549999999999995
-0.00517
-0.00471
-0.06236
-0.05481
-0.02241
-0.00875
0.05112
0.015300000000000001
-0.00699
-0.02036
-0.0216
-0.025259999999999998
-0.0248
-0.03519
-0.09708
-0.04042
-0.013999999999999999
-0.023639999999999998
-0.053849999999999995
-0.044610000000000004
-0.02022
-0.0292
-0.031920000000000004
0.0127
0.01428
0.015969999999999998
-0.06548
-0.0533
-0.01999
-0.00504
0.00524
-0.03956
-0.03653
-0.058120000000000005
-0.062439999999999996
-0.012270000000000001
-0.01053
0.00549
-0.03436
-0.05271
-0.04131
-0.03256
-0.06204
-0.07635
-0.04721
-0.03743
-0.030369999999999998
-0.04135
-0.03916
-0.055810000000000005
-0.10509
-0.04182
0.00234
0.01474
0.038900000000000004
0.0229
0.024310000000000002
0.021869999999999997
0.05485
0.06847
0.05684
0.054400000000000004
0.00131
-0.008060000000000001
0.01161
-0.01573
0.02174
0.07053
0.05043
0.04293
0.013420000000000001
0.03182
0.04594
0.032639999999999995
0.011009999999999999
0.06856
0.06781
0.07865
0.022879999999999998
0.001
0.01825
0.04498
0.05392
-0.008020000000000001
-0.005
-0.00937
-0.10654999999999999
-0.0757
-0.03104
-0.02347
-0.045380000000000004
-0.06689
-0.045309999999999996
-0.07197
-0.10172
-0.07241
-0.05602
-0.061349999999999995
-0.061950000000000005
-0.01127
0.0042699999999999995
0.020630000000000003
0.04692
0.03138
0.028370000000000003
0.02414
0.048819999999999995
0.07187
0.04901
0.06695000000000001
0.07527
0.056150000000000005
0.052430000000000004
0.07193
-0.00748
-0.02541
0.00228
0.01942
0.03074
-0.0074
-0.01624
-0.00931
0.03563
-0.02411
-0.05266
-0.04897
-0.10717
-0.12815
-0.10382
-0.11857
-0.11821
-0.08417
-0.07440000000000001
-0.09442
-0.08410000000000001
-0.05069
-0.04968
-0.044039999999999996
-0.01533
-0.009559999999999999
-0.01518
-0.005410000000000001
0.00446
-0.00196
0.0058
-0.010820000000000001
0.049850000000000005
0.09487999999999999
0.06652
0.0863
0.055689999999999996
0.02774
0.03924
0.021869999999999997
0.04221
0.06265
0.048949999999999994
0.02862
0.010029999999999999
0.05122
0.03851
0.05917
-0.0008100000000000001
-0.03916
-0.00927
-0.010129999999999998
-0.00972
-0.03153
-0.030299999999999997
-0.040830000000000005
-0.0806
-0.08156000000000001
-0.07427
-0.08452
-0.03092
-0.051399999999999994
-0.06969
-0.08834
-0.06672
-0.042960000000000005
-0.06109
-0.07200000000000001
-0.05803
-0.01678
-0.02303
-0.03157
-0.01529
0.0076300000000000005
-0.00047
-0.00832
-0.03811
0.00776
0.00938
0.03048
0.03277
0.01282
0.01228
0.04704
0.04024
-0.03429
-0.02167
-0.03249
-0.058890000000000005
-0.02537
-0.020030000000000003
-0.027440000000000003
-0.02911
-0.019530000000000002
-0.021259999999999998
-0.01039
0.019790000000000002
-0.01217
-0.026619999999999998
-0.01115
-0.02334
-0.054329999999999996
-0.04888
-0.05888
-0.025179999999999998
-0.02174
-0.03803
-0.03512
-0.02484
-0.02395
-0.03789
-0.0349
-0.01207
-0.01735
-0.0246
-0.02091
0.01925
0.0025700000000000002
-0.028690000000000004
-0.030440000000000002
-0.057350000000000005
-0.042699999999999995
-0.038450000000000005
-0.010209999999999999
0.02661
-0.03165
-0.04088
-0.061689999999999995
-0.07416
-0.03102
-0.03619
-0.03461
-0.01471
-0.01269
-0.03274
-0.025310000000000003
-0.01213
-0.044969999999999996
-0.055
-0.03094
-0.022109999999999998
-0.06808
-0.07727
-0.08189
-0.07766
-0.08944
-0.0931
-0.11365
-0.0725
-0.04858
-0.07415
-0.08032
-0.03465
0.00331
-0.015960000000000002
-0.00126
-0.0467
-0.05787
-0.04221
-0.04306
-0.0169
0.01268
0.00433
0.02701
-0.01203
-0.052309999999999995
-0.030350000000000002
-0.03998
-0.051109999999999996
-0.0035199999999999997
0.01365
0.01786
0.00724
-0.00213
0.00158
-0.014790000000000001
0.06042
0.10029
0.06417
0.08403000000000001
0.08018
0.04796
0.03476
0.039689999999999996
0.01627
0.02153
0.02771
0.03297
-0.01213
-0.025089999999999998
-0.0132
-0.02044
-0.05809
-0.0425
-0.02986
-0.02759
-0.00999
-0.02476
-0.02252
0.00368
-0.010709999999999999
-0.04272
-0.0316
-0.06226
-0.08311
-0.0184
-0.00244
0.01349
0.04665
0.031760000000000004
0.01387
0.01883
-0.03021
-0.04641
-0.0146
-0.0297
-0.00091
0.05159
0.04369
0.04396
0.02817
0.06148
0.06785000000000001
0.10191
0.09259
0.021330000000000002
0.031509999999999996
0.02319
-0.01053
0.02603
0.047279999999999996
0.06436
0.09093
0.05984
0.042480000000000004
0.043949999999999996
0.07795
0.05044
0.02658
0.03199
-0.033460000000000004
-0.05989
-0.04365
-0.06715
-0.10812
-0.0579
-0.035859999999999996
-0.022930000000000002
-0.013879999999999998
-0.03902
-0.03952
-0.03447
-0.04402999999999999
-0.04299
-0.0301
-0.02255
-0.0524
-0.05718
-0.0365
-0.03934
-0.01313
0.020099999999999996
0.020640000000000002
0.02395
0.0809
0.08894
0.050010000000000006
0.08972
0.04134
-0.032709999999999996
-0.01974
-0.02238
-0.06509999999999999
-0.05961
-0.04133
-0.02
-0.00828
-0.04157
-0.045380000000000004
-0.036070000000000005
-0.06127
-0.09259
-0.07522000000000001
-0.07583999999999999
-0.05122
-0.05481
-0.06675
-0.06958
-0.10811
-0.11771000000000001
-0.10151
-0.09868
-0.03816
-0.04518
-0.06538000000000001
-0.049710000000000004
-0.04907
-0.07778
-0.07742
-0.09014
-0.12561
-0.09461
-0.07003999999999999
-0.08606
-0.08218
-0.033929999999999995
-0.02415
-0.0115
0.008060000000000001
0.01278
0.01194
0.03471
0.034140000000000004
-0.0013700000000000001
0.009130000000000001
0.01922
0.040069999999999995
0.01061
0.00024
-0.0236
-0.059160000000000004
-0.01967
-0.00968
-0.0078000000000000005
-0.02012
-0.02113
-0.01355
-0.006670000000000001
-0.03016
-0.04108
-0.01799
-0.0176
0.01188
0.00779
-0.0032300000000000002
-0.00602
-0.01496
-0.00028000000000000003
0.00511
0.0178
0.0177
0.0028799999999999997
0.0083
0.0027800000000000004
-0.01691
-0.00265
0.01073
0.01034
0.00528
0.017849999999999998
0.0194
0.03504
0.03951
0.01272
0.017070000000000002
0.01947
0.01447
0.0131
0.02022
0.01584
0.01871
0.0371
0.03553
0.03886
0.028999999999999998
0.01547
0.01803
0.01791
0.01045
0.01038
0.01443
0.014530000000000001
0.00878
-8e-05
0.00513
0.00127
0.00982
0.01528
0.012929999999999999
0.01014
0.01163
0.0161
0.01573
0.01662
0.0168
0.014039999999999999
0.016040000000000002
0.01541
0.012929999999999999
0.01443
0.01655
0.01656
0.01738
0.012729999999999998
0.01214
0.00916
0.00902
0.008960000000000001
0.00814
0.006840000000000001
0.0064
0.005430000000000001
0.0053300000000000005
0.00433
0.00394
0.00366
0.00413
0.00362
0.0027400000000000002
0.00203
0.00199
0.0014299999999999998
0.0011200000000000001
0.00063
0.00052
0.00023
8.999999999999999e-05
-0.0
0.0
0.0
0.0
0.0
0.0
0.0
0.0
0.0
0.0
0.0
0.0
0.0
0.0
0.0
0.0
0.0
0.0
0.0
0.0
0.0
0.0
0.0
0.0
0.0
0.0
0.0
0.0
0.0
0.0
0.0
0.0
0.0
0.0
0.0
0.0
0.0
0.0
0.0
0.0
0.0
0.0
0.0
0.0
0.0
0.0
0.0
0.0
0.0
0.0
0.0
0.0
0.0
0.0
0.0
0.0
0.0
0.0
0.0
0.0
0.0
0.0
0.0
0.0
0.0
0.0
0.0
0.0
0.0
0.0
0.0
0.0
0.0
0.0
0.0
0.0
0.0
0.0
0.0
0.0
0.0
0.0
0.0
0.0
0.0
0.0
0.0
0.0
0.0
0.0
0.0
0.0
0.0
0.0
0.0
0.0
0.0
0.0
0.0
0.0
0.0
0.0
0.0
0.0
0.0
0.0
0.0
0.0
0.0
0.0
0.0
0.0
0.0
0.0
0.0
0.0
0.0
0.0
0.0
0.0
0.0
0.0
0.0
0.0
0.0
0.0
0.0
0.0
0.0
0.0
0.0
0.0
0.0
0.0
0.0
0.0
0.0
0.0
0.0
0.0
0.0
0.0
0.0
0.0
0.0
0.0
0.0
0.0
0.0
0.0
0.0
0.0
0.0
0.0
0.0
0.0
0.0
0.0
0.0
0.0
0.0
0.0
0.0
0.0
0.0
0.0
0.0
0.0
0.0
0.0
0.0
0.0
0.0
0.0
0.0
0.0
0.0
0.0
0.0
0.0
0.0
0.0
0.0
0.0
0.0
0.0
0.0
0.0
0.0
0.0
0.0
0.0
0.0
0.0
0.0
0.0
0.0
0.0
0.0
0.0
0.0
0.0
0.0
0.0
0.0
0.0
0.0
0.0
0.0
0.0
0.0
0.0
0.0
0.0
0.0
0.0
0.0
0.0
0.0
0.0
0.0
0.0
0.0
0.0
0.0
0.0
0.0
0.0
0.0
0.0
0.0
0.0
0.0
0.0
0.0
0.0
0.0
0.0
0.0
0.0
0.0
0.0
0.0
0.0
0.0
0.0
0.0
0.0
0.0
0.0
0.0
0.0
0.0
0.0
0.0
0.0
0.0
0.0
0.0
0.0
0.0
0.0
0.0
0.0
0.0
0.0
0.0
0.0
0.0
0.0
0.0
0.0
0.0
0.0
0.0
0.0
0.0
0.0
0.0
0.0
0.0
0.0
0.0
0.0
0.0
0.0
0.0
0.0
0.0
0.0
0.0
0.0
0.0
0.0
0.0
0.0
0.0
0.0
0.0
0.0
0.0
0.0
0.0
0.0
0.0
0.0
0.0
0.0
0.0
0.0
0.0
0.0
0.0
0.0
0.0
0.0
0.0
0.0
0.0
0.0
0.0
0.0
0.0
0.0
0.0
0.0
0.0
0.0
0.0
0.0
0.0
0.0
0.0
0.0
0.0
0.0
0.0
0.0
0.0
0.0
0.0
0.0
0.0
0.0
0.0
0.0
0.0
0.0
0.0
0.0
0.0
0.0
0.0
0.0
0.0
0.0
0.0
0.0
0.0
0.0
0.0
0.0
0.0
0.0
0.0
0.0
0.0
0.0
0.0
0.0
0.0
0.0
0.0
0.0
0.0
0.0
0.0
0.0
0.0
0.0
0.0
0.0
0.0
0.0
0.0
0.0
0.0
0.0
0.0
0.0
0.0
0.0
0.0
0.0
0.0
0.0
0.0
0.0
0.0
0.0
0.0
0.0
0.0
0.0
0.0
0.0
0.0
0.0
0.0
0.0
0.0
0.0
0.0
0.0
0.0
0.0
0.0
0.0
0.0
0.0
0.0
0.0
0.0
0.0
0.0
0.0
0.0
0.0
0.0
0.0
0.0
0.0
0.0
0.0
0.0
0.0
0.0
0.0
0.0
0.0
0.0
0.0
0.0
0.0
0.0
0.0
0.0
0.0
0.0
0.0
0.0
0.0
0.0
0.0
0.0
0.0
0.0
0.0
0.0
0.0
0.0
0.0
0.0
0.0
0.0
0.0
0.0
0.0
0.0
0.0
0.0
0.0
0.0
0.0
0.0
0.0
0.0
0.0
0.0
0.0
0.0
0.0
0.0
0.0
0.0
0.0
0.0
0.0
0.0
0.0
0.0
0.0
0.0
0.0
0.0
0.0
0.0
0.0
0.0
0.0
0.0
0.0
0.0
0.0
0.0
0.0
0.0
0.0
0.0
0.0
0.0
0.0
0.0
0.0
0.0
0.0
0.0
0.0
0.0
0.0
0.0
0.0
0.0
0.0
0.0
0.0
0.0
0.0
0.0
0.0
0.0
0.0
0.0
0.0
0.0
0.0
0.0
0.0
0.0
0.0
0.0
0.0
0.0
0.0
0.0
0.0
0.0
0.0
0.0
0.0
0.0
0.0
0.0
0.0
0.0
0.0
0.0
0.0
0.0
0.0
0.0
0.0
0.0
0.0
0.0
0.0
0.0
0.0
0.0
0.0
0.0
0.0
0.0
0.0
0.0
0.0
0.0
0.0
0.0
0.0
0.0
0.0
0.0
0.0
0.0
0.0
0.0
0.0
0.0
0.0
0.0
0.0
0.0
0.0
0.0
0.0
0.0
0.0
0.0
0.0
0.0
0.0
0.0
0.0
0.0
0.0
0.0
0.0
0.0
0.0
0.0
0.0
0.0
0.0
0.0
0.0
0.0
0.0
0.0
0.0
0.0
0.0
0.0
0.0
0.0
0.0
0.0
0.0
0.0
0.0
0.0
0.0
0.0
0.0
0.0
0.0
0.0
0.0
0.0
0.0
0.0
0.0
0.0
0.0
0.0
0.0
0.0
0.0
0.0
0.0
0.0
0.0
0.0
0.0
0.0
0.0
0.0
0.0
0.0
0.0
0.0
0.0
0.0
0.0
0.0
0.0
0.0
0.0
0.0
0.0
0.0
0.0
0.0
0.0
0.0
0.0
0.0
0.0
0.0
0.0
0.0
0.0
0.0
0.0
0.0
0.0
0.0
0.0
0.0
0.0
0.0
0.0
0.0
0.0
0.0
0.0
0.0
0.0
0.0
0.0
0.0
0.0
0.0
0.0
0.0
0.0
0.0
0.0
0.0
0.0
0.0
0.0
0.0
0.0
0.0
0.0
0.0
0.0
0.0
0.0
0.0
0.0
0.0
0.0
0.0
0.0
0.0
0.0
0.0
0.0
0.0
0.0
0.0
0.0
0.0
0.0
0.0
0.0
0.0
0.0
0.0
0.0
0.0
0.0
0.0
0.0
0.0
0.0
0.0
0.0
0.0
0.0
0.0
0.0
0.0
0.0
0.0
0.0
0.0
0.0
0.0
0.0
0.0
0.0
0.0
0.0
0.0
0.0
0.0
0.0
0.0
0.0
0.0
0.0
0.0
0.0
0.0
0.0
0.0
0.0
0.0
0.0
0.0
0.0
0.0
0.0
0.0
0.0
0.0
0.0
0.0
0.0
0.0
0.0
0.0
0.0
0.0
0.0
0.0
0.0
0.0
0.0
0.0
0.0
0.0
0.0
0.0
0.0
0.0
0.0
0.0
0.0
0.0
0.0
0.0
0.0
0.0
0.0
0.0
0.0
0.0
0.0
0.0
0.0
0.0
0.0
0.0
0.0
0.0
0.0
0.0
0.0
0.0
0.0
0.0
0.0
0.0
0.0
0.0
0.0
0.0
0.0
0.0
0.0
0.0
0.0
0.0
0.0
0.0
0.0
0.0
0.0
0.0
0.0
0.0
0.0
0.0
0.0
0.0
0.0
0.0
0.0
0.0
0.0
0.0
0.0
0.0
0.0
0.0
0.0
0.0
0.0
0.0
0.0
0.0
0.0
0.0
0.0
0.0
0.0
0.0
0.0
0.0
0.0
0.0
0.0
0.0
0.0
0.0
0.0
0.0
0.0
0.0
0.0
0.0
0.0
0.0
0.0
0.0
0.0
0.0
0.0
0.0
0.0
0.0
0.0
0.0
0.0
0.0
0.0
0.0
0.0
0.0
0.0
0.0
0.0
0.0
0.0
0.0
0.0
0.0
0.0
0.0
0.0
0.0
0.0
0.0
0.0
0.0
0.0
0.0
0.0
0.0
0.0
0.0
0.0
0.0
0.0
0.0
0.0
0.0
0.0
0.0
0.0
0.0
0.0
0.0
0.0
0.0
0.0
0.0
0.0
0.0
0.0
0.0
0.0
0.0
0.0
0.0
0.0
0.0
0.0
0.0
0.0
0.0
0.0
0.0
0.0
0.0
0.0
0.0
0.0
0.0
0.0
0.0
0.0
0.0
0.0
0.0
0.0
0.0
0.0
0.0
0.0
0.0
0.0
0.0
0.0
0.0
0.0
0.0
0.0
0.0
0.0
0.0
0.0
0.0
0.0
0.0
0.0
0.0
0.0
0.0
0.0
0.0
0.0
0.0
0.0
0.0
0.0
0.0
0.0
0.0
0.0
0.0
0.0
0.0
0.0
0.0
0.0
0.0
0.0
0.0
0.0
0.0
0.0
0.0
0.0
0.0
0.0
0.0
0.0
0.0
0.0
0.0
0.0
0.0
0.0
0.0
0.0
0.0
0.0
0.0
0.0
0.0
0.0
0.0
0.0
0.0
0.0
0.0
0.0
0.0
0.0
0.0
0.0
0.0
0.0
0.0
0.0
0.0
0.0
0.0
0.0
0.0
0.0
0.0
0.0
0.0
0.0
0.0
0.0
0.0
0.0
0.0
0.0
0.0
0.0
0.0
0.0
0.0
0.0
0.0
0.0
0.0
0.0
0.0
0.0
0.0
0.0
0.0
0.0
0.0
0.0
0.0
0.0
0.0
0.0
0.0
0.0
0.0
0.0
0.0
0.0
0.0
0.0
0.0
0.0
0.0
0.0
0.0
0.0
0.0
0.0
0.0
0.0
0.0
0.0
0.0
0.0
0.0
0.0
0.0
0.0
0.0
0.0
0.0
0.0
0.0
0.0
0.0
0.0
0.0
0.0
0.0
0.0
0.0
0.0
0.0
0.0
0.0
0.0
0.0
0.0
0.0
0.0
0.0
0.0
0.0
0.0
0.0
0.0
0.0
0.0
0.0
0.0
0.0
0.0
0.0
0.0
0.0
0.0
0.0
0.0
0.0
0.0
0.0
0.0
0.0
0.0
0.0
0.0
0.0
0.0
0.0
0.0
0.0
0.0
0.0
0.0
0.0
0.0
0.0
0.0
0.0
0.0
0.0
0.0
0.0
0.0
0.0
0.0
0.0
0.0
0.0
0.0
0.0
0.0
0.0
0.0
0.0
0.0
0.0
0.0
0.0
0.0
0.0
0.0
0.0
0.0
0.0
0.0
0.0
0.0
0.0
0.0
0.0
0.0
0.0
0.0
0.0
0.0
0.0
0.0
0.0
0.0
0.0
0.0
0.0
0.0
0.0
0.0
0.0
0.0
0.0
0.0
0.0
0.0
0.0
0.0
0.0
0.0
0.0
0.0
0.0
0.0
0.0
0.0
0.0
0.0
0.0
0.0
0.0
0.0
0.0
0.0
0.0
0.0
0.0
0.0
0.0
0.0
0.0
0.0
0.0
0.0
0.0
0.0
0.0
0.0
0.0
0.0
0.0
0.0
0.0
0.0
0.0
0.0
0.0
0.0
0.0
0.0
0.0
0.0
0.0
0.0
0.0
0.0
0.0
0.0
0.0
0.0
0.0
0.0
0.0
0.0
0.0
0.0
0.0
0.0
0.0
0.0
0.0
0.0
0.0
0.0
0.0
0.0
0.0
0.0
0.0
0.0
0.0
0.0
0.0
0.0
0.0
0.0
0.0
0.0
0.0
0.0
0.0
0.0
0.0
0.0
0.0
0.0
0.0
0.0
0.0
0.0
0.0
0.0
0.0
0.0
0.0
0.0
0.0
0.0
0.0
0.0
0.0
0.0
0.0
0.0
0.0
0.0
0.0
0.0
0.0
0.0
0.0
0.0
0.0
0.0
0.0
0.0
0.0
0.0
0.0
0.0
0.0
0.0
0.0
0.0
0.0
0.0
0.0
0.0
0.0
0.0
0.0
0.0
0.0
0.0
0.0
0.0
0.0
0.0
0.0
0.0
0.0
0.0
0.0
0.0
0.0
0.0
0.0
0.0
0.0
0.0
0.0
0.0
0.0
0.0
0.0
0.0
0.0
0.0
0.0
0.0
0.0
0.0
0.0
0.0
0.0
0.0
0.0
0.0
0.0
0.0
0.0
0.0
0.0
0.0
0.0
0.0
0.0
0.0
0.0
0.0
0.0
0.0
0.0
0.0
0.0
0.0
0.0
0.0
0.0
0.0
0.0
0.0
0.0
0.0
0.0
0.0
0.0
0.0
0.0
0.0
0.0
0.0
0.0
0.0
0.0
0.0
0.0
0.0
0.0
0.0
0.0
0.0
0.0
0.0
0.0
0.0
0.0
0.0
0.0
0.0
0.0
0.0
0.0
0.0
0.0
0.0
0.0
0.0
0.0
0.0
0.0
0.0
0.0
0.0
0.0
0.0
0.0
0.0
0.0
0.0
0.0
0.0
0.0
0.0
0.0
0.0
0.0
0.0
0.0
0.0
0.0
0.0
0.0
0.0
0.0
0.0
0.0
0.0
0.0
0.0
0.0
0.0
0.0
0.0
0.0
0.0
0.0
0.0
0.0
0.0
0.0
0.0
0.0
0.0
0.0
0.0
0.0
0.0
0.0
0.0
0.0
0.0
0.0
0.0
0.0
0.0
0.0
0.0
0.0
0.0
0.0
0.0
0.0
0.0
0.0
0.0
0.0
0.0
0.0
0.0
0.0
0.0
0.0
0.0
0.0
0.0
0.0
0.0
0.0
0.0
0.0
0.0
0.0
0.0
0.0
0.0
0.0
0.0
0.0
0.0
0.0
0.0
0.0
0.0
0.0
0.0
0.0
0.0
0.0
0.0
0.0
0.0
0.0
0.0
0.0
0.0
0.0
0.0
0.0
0.0
0.0
0.0
0.0
0.0
0.0
0.0
0.0
0.0
0.0
0.0
0.0
0.0
0.0
0.0
0.0
0.0
0.0
0.0
0.0
0.0
0.0
0.0
0.0
0.0
0.0
0.0
0.0
0.0
0.0
0.0
0.0
0.0
0.0
0.0
0.0
0.0
0.0
0.0
0.0
0.0
0.0
0.0
0.0
0.0
0.0
0.0
0.0
0.0
0.0
0.0
0.0
0.0
0.0
0.0
0.0
0.0
0.0
0.0
0.0
0.0
0.0
0.0
0.0
0.0
0.0
0.0
0.0
0.0
0.0
0.0
0.0
0.0
0.0
0.0
0.0
0.0
0.0
0.0
0.0
0.0
0.0
0.0
0.0
0.0
0.0
0.0
0.0
0.0
0.0
0.0
0.0
0.0
0.0
0.0
0.0
0.0
0.0
0.0
0.0
0.0
0.0
0.0
0.0
0.0
0.0
0.0
0.0
0.0
0.0
0.0
0.0
0.0
0.0
0.0
0.0
0.0
0.0
0.0
0.0
0.0
0.0
0.0
0.0
0.0
0.0
0.0
0.0
0.0
0.0
0.0
0.0
0.0
0.0
0.0
0.0
0.0
0.0
0.0
0.0
0.0
0.0
0.0
0.0
0.0
0.0
0.0
0.0
0.0
0.0
0.0
0.0
0.0
0.0
0.0
0.0
0.0
0.0
0.0
0.0
0.0
0.0
0.0
0.0
0.0
0.0
0.0
0.0
0.0
0.0
0.0
0.0
0.0
0.0
0.0
0.0
0.0
0.0
0.0
0.0
0.0
0.0
0.0
0.0
0.0
0.0
0.0
0.0
0.0
0.0
0.0
0.0
0.0
0.0
0.0
0.0
0.0
0.0
0.0
0.0
0.0
0.0
0.0
0.0
0.0
0.0
0.0
0.0
0.0
0.0
0.0
0.0
0.0
0.0
0.0
0.0
0.0
0.0
0.0
0.0
0.0
0.0
0.0
0.0
0.0
0.0
0.0
0.0
0.0
0.0
0.0
0.0
0.0
