-0.0
-8e-05
-8e-05
-0.00012
-8.999999999999999e-05
-8.999999999999999e-05
-0.00021
-8.999999999999999e-05
-8.999999999999999e-05
-0.00035999999999999997
-0.0001
-8.999999999999999e-05
0.00025
-3e-05
-6e-05
0.00021999999999999998
1e-05
-1e-05
0.00067
5e-05
2e-05
0.0010199999999999999
0.00037999999999999997
0.00012
0.00082
0.00055
0.00082
0.0023499999999999997
0.00023
-0.00025
0.00293
0.0025700000000000002
-0.00027
-0.00231
0.00231
0.00402
-0.00068
-0.0030299999999999997
-0.00222
-0.00077
-0.00522
-0.0034799999999999996
0.00054
-0.0033
-0.00392
-0.0020399999999999997
-0.0023799999999999997
-0.00309
-0.00245
-0.00299
-0.00292
-0.00229
-0.00369
-0.004030000000000001
-0.00246
-0.0032600000000000003
-0.0042699999999999995
-0.00301
-0.00421
-0.00484
-0.0032700000000000003
-0.00477
-0.00586
-0.00383
-0.00521
-0.005889999999999999
-0.00361
-0.00592
-0.0073
-0.00497
-0.007850000000000001
-0.00784
-0.005580000000000001
-0.01057
-0.00848
-0.0051400000000000005
-0.01134
-0.00856
-0.00638
-0.01505
-0.0097
-0.00603
-0.014159999999999999
-0.01172
-0.00749
-0.01497
-0.01541
-0.00734
-0.01552
-0.01909
-0.0103
-0.015609999999999999
-0.02558
-0.01958
-0.02411
-0.030289999999999997
-0.02338
-0.02511
-0.02085
-0.01319
0.015229999999999999
0.015529999999999999
0.021509999999999998
0.03279
0.033549999999999996
0.023559999999999998
0.02153
0.03286
0.028530000000000003
0.02204
0.03289
0.03592
0.02661
0.035769999999999996
0.043410000000000004
0.037610000000000005
0.03605
0.0443
0.041890000000000004
0.035339999999999996
0.04472
0.04782
0.03175
0.03633
0.05138
0.0431
0.028990000000000002
0.029980000000000003
0.04298
0.03101
0.03916
0.057350000000000005
0.029140000000000003
0.0408
0.06001
0.04761
0.04133
0.06098
0.06365
0.043949999999999996
0.0449
0.05795
0.0674
0.04234
0.01671
0.0339
0.04231
0.02989
-0.013420000000000001
0.013080000000000001
0.00226
0.04758
0.01711
0.0031
-0.02411
-0.02261
0.00963
-0.01389
-0.02443
-0.07545
-0.03356
-0.01551
0.009170000000000001
0.023780000000000003
-0.00031
-0.00466
-0.0039000000000000003
-0.06637
-0.07009
-0.02871
-0.03308
-0.01431
-0.03319
-0.03605
-0.08254
-0.07638
-0.058769999999999996
-0.07307999999999999
-0.10451
-0.08761
-0.036070000000000005
-0.03851
-0.03691
0.00613
0.00873
-0.03691
-0.04238
-0.08571999999999999
-0.05755
-0.02778
-0.00367
-0.006540000000000001
0.01429
0.03833
0.01348
0.054139999999999994
0.10035
0.08118
0.08955
0.12222
0.12729
0.11614000000000001
0.13648
0.12894
0.0552
0.04308
0.02281
0.03422
0.03519
0.03721
0.047279999999999996
0.14892
0.11281000000000001
0.048819999999999995
0.034460000000000005
-0.058949999999999995
-0.05547
-0.030350000000000002
-0.04906
-0.05926
0.027229999999999997
0.01843
0.01901
-0.06149
0.02636
0.056299999999999996
0.10998
0.15506
0.06567
0.06709
0.07679
0.12316
0.06373000000000001
0.05612
0.02552
0.060270000000000004
0.06964000000000001
0.060599999999999994
0.04595
0.03838
0.07769999999999999
0.08943
0.10269
0.16554
0.13163
0.11493
0.07208
0.03834
0.09208999999999999
0.0649
0.07026
0.0408
0.06612
0.0493
0.07136
-0.04811
-0.07757
-0.034159999999999996
-0.04731
-0.04776
-0.02863
-0.02732
-0.07467
-0.11696
-0.03524
-0.05406
-0.03179
-0.09068
-0.19512000000000002
-0.16248
-0.20312000000000002
-0.18086
-0.17116
-0.16577999999999998
-0.23067000000000001
-0.19013000000000002
-0.04822
-0.08378999999999999
-0.05025
-0.11932000000000001
-0.07051
-0.07078999999999999
-0.03526
-0.0942
-0.12706
-0.10273
-0.09716
-0.01175
0.03466
-0.01098
0.00859
-0.0172
-0.10589
-0.12725
-0.12107
-0.24813
-0.28994
-0.23002
-0.29731
-0.28446
-0.20704999999999998
-0.19616
-0.16721
-0.02323
-0.1258
-0.11286
-0.04185
0.22582000000000002
0.07332
-0.008960000000000001
-0.05132
-0.11245
0.0005
0.00899
-0.01838
0.00014000000000000001
0.19053
0.15023
0.20042000000000001
0.04506
0.11721999999999999
0.15132
0.21651
0.19055
0.01109
0.0484
0.06556000000000001
0.26184999999999997
0.17021
0.13114
0.22072
0.29197
0.04255
0.04881
0.0028199999999999996
0.027000000000000003
0.10386
0.08968999999999999
0.07234
0.12464
0.15672
0.10796
0.07085
-0.08237
-0.07927
-0.07898
-0.13047
-0.08375
0.15461
0.09592
0.15408
0.032709999999999996
-0.05061
-0.04396
0.07921
0.16291
-0.13134
-0.06544
-0.14052
-0.02688
0.04072
-0.046950000000000006
-0.01787
-0.12577
-0.31637
-0.20344
-0.24843
0.03065
-0.06402000000000001
-0.13978
-0.28274
-0.15106999999999998
0.08188000000000001
-0.0042699999999999995
-0.06688
0.10518000000000001
0.38702
0.17439
0.29799
-0.18522
-0.2415
-0.08194000000000001
-0.00861
0.12808999999999998
0.08364
0.045259999999999995
0.10237
-0.05556
-0.08683
0.07608
0.14071
0.36540999999999996
0.1718
0.11866
-0.027530000000000002
0.11388999999999999
0.27873000000000003
0.19945000000000002
0.21745
0.4093
0.33982999999999997
0.18072
0.21958
0.02658
-0.05098
-0.044989999999999995
0.06268
0.20491
0.07318
0.014110000000000001
0.032780000000000004
-0.47991999999999996
-0.52912
-0.34362000000000004
-0.39134
-0.44955
-0.13207000000000002
0.033
0.13931
0.27274
0.0771
0.14055
0.12359
0.41296999999999995
0.44303
0.42398
0.42511000000000004
0.16335
-0.01968
0.06158
-0.07693
0.30519999999999997
0.19820000000000002
0.05422
-0.11134000000000001
-0.34175
-0.02568
-0.04046
-0.18376
-0.26861
-0.06936
-0.10468
-0.13945
-0.22365
-0.00618
-0.03869
-0.09713
-0.31938
-0.31273
-0.20602
-0.20401
0.11625
0.17867
0.13571
0.17267
0.62507
0.48034
0.25663
0.35908
0.28165
-0.00446
0.06329
-0.051550000000000006
0.35179000000000005
0.27747
0.08419
-0.17984000000000003
-0.27614
0.2061
0.08077
0.10901
0.18273
0.21205
0.04807
0.1177
-0.23091
-0.23082999999999998
-0.13547
0.08491
0.55848
0.012729999999999998
-0.07029
-0.20049
0.02261
0.29929
0.18849
0.23179
0.20171
-0.11369
-0.21449000000000001
-0.42061
-0.76787
-0.40078
-0.29791
-0.30365
-0.43121000000000004
-0.36866
-0.2975
-0.32047
-0.43857999999999997
-0.47098
-0.43638
-0.41642
-0.20420000000000002
-0.24023
-0.22277000000000002
-0.39807000000000003
-0.25920000000000004
0.033159999999999995
-0.07521
-0.05005
-0.23216
-0.10461000000000001
0.08965999999999999
0.037309999999999996
0.23642
0.12147999999999999
0.03658
-0.10553000000000001
-0.24164000000000002
-0.15503999999999998
-0.004
-0.13628
0.43962
0.60738
0.39744
0.41701
0.92946
0.60797
0.23764
0.01486
-0.11141
0.39756
0.2825
0.37317
-0.35956000000000005
-0.24916
0.0085
-0.34069000000000005
-0.07266
0.31488
0.11202999999999999
0.07026
0.21489
0.35882
0.22369
0.19541
0.11402
-0.09272
-0.30533
-0.40539000000000003
-0.2966
0.08218
0.15933999999999998
0.4832
1.02193
0.37998
0.0406
-0.3002
-0.7912600000000001
-0.16341
-0.0404
0.05059
0.28995
0.6684699999999999
0.44592
0.56458
-0.01027
-0.02521
0.09631
0.30107
0.30577000000000004
0.21701
0.2901
0.52642
0.18123999999999998
-0.50967
-0.39857
-0.4833
-0.04521
-0.18288000000000001
-0.28165
-0.28709
-0.7470300000000001
-0.7589199999999999
-0.56652
-0.5734
-0.43593000000000004
-0.39976
-0.35897
-0.60209
-0.64362
-0.30995
-0.23528
-0.29524
-0.04754
0.61995
0.49894
0.76495
0.48857999999999996
-0.02727
0.01224
0.08237
0.34259999999999996
0.24898
0.34235
0.45057
0.48732
0.062439999999999996
0.042359999999999995
-0.2475
-0.12369
0.11898
0.11551
0.022789999999999998
0.34759
0.60872
0.27176
0.21458
0.0035099999999999997
-0.26777
-0.25788
-0.30484
-0.11144
0.1752
0.13253
0.19401
0.06084
0.29112
0.33418
0.6833
0.42205
-0.23600000000000002
0.04319
-0.16922
0.70663
0.76191
0.45853
0.48725999999999997
0.59746
0.14509
0.03601
-0.21035
0.2868
0.45624000000000003
0.13019
-0.15161
-0.65629
-0.014190000000000001
0.05382
0.22448
0.5175500000000001
-0.20351
-0.42636
-0.7273499999999999
-0.7177
-0.14751
-0.26115
-0.31337
-1.17862
-0.6478400000000001
-0.337
-0.16035
0.64653
0.21279
0.00049
-0.32927
-0.6900799999999999
0.17642
0.15366
-0.02146
-0.32769
0.30619
0.34215
0.66443
1.0700100000000001
0.7934699999999999
0.70037
0.85029
0.5986899999999999
0.23525
0.2942
0.26881
-0.15029
-0.2422
-0.11177
-0.32757
-0.9161499999999999
-0.8895000000000001
-0.70538
-1.09019
-1.15209
-0.25187000000000004
-0.31576
-0.25982
-0.55496
-0.61387
-0.48243
-0.43810000000000004
-0.22516999999999998
-0.03708
-0.02766
-0.25794
-1.37098
-0.32419
0.13788
0.11161
-0.24015
0.47612000000000004
0.8512900000000001
1.2479900000000002
1.34999
0.5023299999999999
0.52841
0.22977
0.10862
0.010669999999999999
0.19733
0.06803
1.3159399999999999
0.9839100000000001
0.29587
0.09704
-0.87894
-0.49906999999999996
-0.20399
-0.32116999999999996
-0.7378
-0.08453
0.0159
-0.00617
-0.36893
-0.1164
0.010249999999999999
0.13293
-0.6785800000000001
-0.11816
0.36674999999999996
0.62546
0.80758
0.5963499999999999
0.6532800000000001
0.6997599999999999
1.2316200000000002
0.9474800000000001
0.6552
0.82607
-0.040490000000000005
-0.83864
-0.5528799999999999
-0.86535
-0.8972
-0.49333
-0.36369999999999997
-0.41133000000000003
-0.59426
-0.21713000000000002
-0.00943
0.049100000000000005
-0.01099
-0.02395
-0.01478
-0.28924
-0.33182
0.40031
0.37920000000000004
0.76633
0.95808
0.7072700000000001
0.61049
0.93762
0.48935
-0.0070999999999999995
0.36209
0.58623
1.16409
0.35593
0.24388
-0.0506
-0.72844
-1.13162
-0.83714
-1.37684
-0.62525
0.25882
0.008
0.09381
0.19452999999999998
0.29068
-0.03649
0.053230000000000006
-0.6634399999999999
-0.72175
-0.36404000000000003
-0.28298
0.18021
0.0020499999999999997
-0.07780000000000001
-0.23167000000000001
-0.08637
0.66876
0.50969
0.91301
-0.01747
-0.43262
-0.04639
0.058410000000000004
0.23396999999999998
-0.042809999999999994
0.053970000000000004
-0.01385
0.04393
-0.47972000000000004
-0.32927
-0.83311
-0.08059
0.43901
0.17683
-0.1705
-0.09172000000000001
0.95875
0.49484
0.87042
0.1185
-0.41045000000000004
-0.11900000000000001
0.17235
0.6539499999999999
0.07973
0.1153
-0.0603
0.08944
-0.30396999999999996
-0.38116
-0.71206
-0.16493
0.14235
-0.13915
-0.51547
-1.18852
-0.29105000000000003
-0.22734000000000001
-0.10407999999999999
0.25516
-0.21504
-0.13228
-0.09527
0.53053
0.44703000000000004
0.10629
-0.04575
-1.06424
-0.89083
-0.6689799999999999
-0.9246899999999999
-1.29914
-0.09744
-0.0493
-0.12758
-0.33897
-0.03263
-0.12897
-0.15106
-0.84524
-0.13001
0.22155999999999998
0.45865
0.03417
-0.36651000000000006
-0.06003
-0.06376
0.8477
0.28046
0.16895
0.16799
0.57118
0.28346
-0.035769999999999996
-0.39624000000000004
-1.11235
-0.34709
-0.15341
-0.15234
0.42293
0.75362
0.32761
0.40978000000000003
-0.40915999999999997
-0.1157
0.17836
0.24937
-0.50226
-0.06087
0.053259999999999995
0.14634
-0.46173000000000003
0.10310000000000001
0.5404399999999999
1.2748
1.11892
-0.071
0.34848
0.23303000000000001
-0.09484999999999999
-0.22399999999999998
0.22875
0.11723
0.93792
1.07883
0.8298099999999999
0.88534
0.45939
-0.27298
-0.09180999999999999
-0.5214
-0.0788
0.98709
0.75567
0.81365
-0.41458
-0.31653
0.04287
0.21939
0.4989
-0.00872
0.10829000000000001
-0.06262
-0.52
-0.22733
-0.05212
0.16361
1.05881
-0.10883
-0.30952999999999997
-0.58665
-0.11699
0.04199
-0.17550999999999997
-0.51587
-0.51442
0.00961
-0.1366
-0.3197
-0.18979
0.38441000000000003
0.08651
0.10823
-0.53423
0.22381
0.27296
0.6323799999999999
0.09811
0.00819
0.16510999999999998
0.58682
1.01579
0.41412
0.31087
0.41478000000000004
-0.0818
-0.28545000000000004
-0.10683
-0.12369
0.30218
0.19189
0.08317999999999999
0.16718
-0.00213
-0.25289
-0.30425
-0.419
-1.17304
-0.7042499999999999
-0.40225
-0.22735
-0.17073
-0.27204999999999996
-0.14798999999999998
0.03266
0.56531
0.18783999999999998
-0.09551
-0.01497
-0.42629
-0.38531
-0.20967
0.15381
0.0252
-0.53467
-0.1241
-0.04095
0.6042000000000001
0.1913
0.28919
0.053529999999999994
0.90196
1.0050400000000002
0.78714
0.89547
1.6399199999999998
1.40419
0.92986
1.00186
0.8101
1.21309
0.9222100000000001
1.34981
0.63123
0.18843
0.35752
0.43565
-0.28479
-0.63139
-0.42052999999999996
-0.8625700000000001
-1.58171
-0.38741
-0.15428
0.10678000000000001
0.15414999999999998
-0.13078
-0.15747
0.26988
-0.11718999999999999
-1.03238
-0.67231
-0.5865100000000001
-0.61531
-1.01606
-0.52207
-0.8146599999999999
0.25501999999999997
0.53993
0.21747
0.043739999999999994
-0.26303
0.65717
0.53703
0.6759099999999999
-0.33929000000000004
0.029249999999999998
0.21706
0.7779900000000001
0.74628
-0.60024
-0.39946
-0.55175
-0.7276600000000001
-0.7172499999999999
-0.5532900000000001
-0.54207
-0.71868
-0.67943
-0.41773000000000005
-0.48902
-0.03891
-0.17702
-0.39703000000000005
-0.41414
-0.99289
-1.00572
-0.45274000000000003
-0.53486
0.41249
0.52734
0.11349000000000001
0.02902
-1.31298
-0.61983
-0.17824
-0.13833
-0.23748000000000002
-0.24336
-0.30176
-0.54348
-0.59455
-0.06646
-0.12061999999999999
0.17543
0.20487
0.23777
0.193
0.59978
-0.0141
-0.93293
-0.40716
-0.51256
0.45021
0.01696
-0.19512000000000002
-0.51138
-1.14707
-0.7490600000000001
-0.48890999999999996
-0.6790900000000001
0.28735
1.00136
0.59923
1.09182
1.0218
0.53565
0.45657
0.87922
1.40096
0.63121
0.46635
0.30423
-0.22909
-0.022949999999999998
-0.02218
0.03302
-0.00501
-0.17550999999999997
-0.23281
-0.24836
-0.88913
-0.88125
-0.5909300000000001
-0.32951
0.27392
-0.39919
-0.3721
-0.045540000000000004
0.66471
-0.2164
-0.11864000000000001
-0.28604
0.7228100000000001
0.90094
0.50311
0.22128
-0.06263
0.69313
0.42040999999999995
0.67589
0.00769
0.22597
0.5093099999999999
0.7898999999999999
0.29672
-0.23649
0.04103
-0.06689
0.70072
0.60828
0.37729
0.59835
0.8019
-0.16418
-0.33207000000000003
-0.62648
-0.28073
0.24686
0.14478
0.36941
0.18379
0.23395
0.35929
0.40651000000000004
0.91974
0.33183999999999997
0.06064
-0.11667999999999999
-0.6149600000000001
-0.15177
-0.14575
-0.08324999999999999
0.0166
0.26532
0.16557
0.43859000000000004
0.77571
0.77754
0.50878
1.01565
0.2717
-0.45238
0.02328
0.20103000000000001
-0.31914000000000003
-1.00454
-0.58202
-1.20874
-0.45841
0.37555999999999995
0.09888
0.34555
0.43638
0.53997
0.41133000000000003
0.74058
0.52495
-0.49292
-0.38997
-0.7239
-0.38789
0.50586
0.4754
1.0264499999999999
1.00498
-0.19495
-0.2018
-0.52627
-1.40564
-0.79661
-0.35725999999999997
-0.05028
-0.34175
-0.28329
0.12951000000000001
0.26513000000000003
1.23912
0.46219
0.33872
0.2515
0.79535
0.94793
0.7320699999999999
0.66413
0.41655000000000003
0.38268
0.08981
0.06184
-0.7281799999999999
-0.47116
-0.10116
0.13894
-0.49890999999999996
-0.70565
-0.25509
-0.23943
-0.70341
-1.19046
-0.7353700000000001
-1.20852
-0.43947
0.21887
-0.00813
-0.09869
0.36174999999999996
0.60869
0.49994
0.65727
1.1921899999999999
0.43376
0.19271000000000002
-0.29908
-0.7887099999999999
0.06704
0.05778
0.06305
-0.46954
-0.21008
-0.03748
0.10914
0.53952
-0.5573400000000001
-0.60865
-1.08523
-0.20845
0.41141
-0.19783
-0.14396
-0.54423
-0.8460500000000001
-0.7408
-0.77372
-0.47359
-0.16753
-0.03033
-0.06472
0.43583
0.41420999999999997
0.23278
0.33886000000000005
1.24318
0.9334
0.51105
0.60415
0.17532
-0.03927
-0.0014399999999999999
-0.32743
-0.1435
0.5552900000000001
0.36292
0.29957
0.42206000000000005
0.6892100000000001
0.32615
0.3421
-0.36977
-0.33527999999999997
-0.28655
-0.03115
0.30134
-0.57866
-0.62824
-0.55078
-0.24058
-0.51061
-0.5284300000000001
-0.4844
-1.5881299999999998
-1.2978
-0.6511
-1.04577
0.13699999999999998
0.54625
0.11037000000000001
-0.18157
0.41078000000000003
0.44604999999999995
-0.058019999999999995
-0.02007
-0.6961400000000001
-0.13273
0.00208
0.38539999999999996
-0.1522
-0.7928499999999999
-0.46393999999999996
-0.5627300000000001
-0.05223
-0.17771
-0.1418
-0.53706
-1.13008
-0.38791
-0.43233
-0.7624299999999999
-0.55635
0.30082000000000003
0.16934000000000002
0.52311
0.8532299999999999
0.68158
0.49951999999999996
0.53464
0.13621
-0.05782
0.13183999999999998
0.056639999999999996
-0.06994
0.5275
0.44372999999999996
0.73588
-0.09365
-0.6905
-0.30831
-0.29269
0.34934
-0.05039
0.01921
-0.0011
0.48697
0.39604999999999996
0.23243
0.02632
-0.22128
-0.11779
-0.17361000000000001
-0.38494999999999996
0.33740000000000003
0.44765
0.15907
0.12990000000000002
0.65613
0.67279
0.23611000000000001
0.55272
-0.47981
-0.95166
-0.49030999999999997
-0.52447
-0.37527
-0.00932
0.17004000000000002
0.09873
-0.68037
-0.60185
-0.33683
-0.7207899999999999
0.39236
0.7585999999999999
0.25554
0.37327
0.28701
0.41424
0.13857
0.42094000000000004
-0.20109000000000002
-1.22579
-0.84627
-1.30895
-1.3608000000000002
-0.36613999999999997
-0.2704
-0.31617
-1.08806
-1.20486
-0.93511
-1.22369
-0.88568
-0.64491
-0.55181
-0.51854
0.73547
0.38597000000000004
-0.00612
-0.15407
0.25183
0.16036
-0.05163
-0.24425
0.02366
0.58375
0.47605
0.13741
0.5461699999999999
1.2853800000000002
0.7689
0.8723000000000001
0.16304
0.38531
0.38216
0.7171500000000001
0.34676
-0.08401
0.04801999999999999
0.09247999999999999
0.14943
-0.3983
-0.47633000000000003
-0.94563
-0.33777999999999997
-0.27896
-0.50378
-0.86087
-0.72322
0.41590000000000005
0.10013999999999999
0.32937
-0.14594
-0.00894
0.19882000000000002
0.65637
0.28135
-0.07321
0.33627
0.16071000000000002
0.55947
0.38236
0.028450000000000003
-0.40186
-0.78117
0.44402
0.31836
0.44456
0.18774999999999997
0.34572
0.24761
0.4232
0.27734000000000003
0.1725
0.38179
0.79014
0.40543999999999997
-0.34008000000000005
0.17445
-0.15417
0.19476
0.48016
0.43127000000000004
0.31787
0.7795399999999999
0.8226600000000001
0.52524
0.41707
0.6217199999999999
0.71312
0.32223999999999997
0.14832
-0.53162
0.08725
-0.08321999999999999
-0.03798
-0.76669
-0.13118
0.10708999999999999
0.62525
0.22719
-0.27635000000000004
-0.16893999999999998
-0.27851
-1.33557
-0.99789
-0.52893
0.049859999999999995
0.45030000000000003
-0.34904
-0.17017
0.0616
0.12163
-0.78388
-0.42118
-0.59797
0.38009
0.6873999999999999
0.57158
0.55091
1.08921
0.83148
0.26655999999999996
0.08268
-1.0464
-0.1739
0.20596
0.7548
0.09314
-0.00084
0.33107
0.6562300000000001
0.51518
-0.29132
-0.09394
0.06326
0.06989
-0.33304
-0.11614000000000001
-0.18989
0.07701
-0.19407
-0.08177
-0.17703
0.59744
0.58183
0.45535
0.58556
0.58836
0.34263
0.31256
0.37837000000000004
-0.48323
-0.82867
-0.42479
-0.6578
-0.43777
-0.45305999999999996
-0.49028
-0.91908
-1.10991
-0.0593
-0.09804
-0.015560000000000001
-0.18059999999999998
-0.24542999999999998
-0.19638999999999998
-0.30507
-0.50632
0.13858
0.34636
0.5703199999999999
1.06887
0.25081
0.18556999999999998
0.054450000000000005
0.78161
0.17094
-0.12815
-0.7343000000000001
-1.4440600000000001
-0.43161
-0.39581000000000005
-0.74399
-0.30601
0.53832
0.33837000000000006
0.61979
1.03677
1.03828
0.66384
0.78227
0.7519
0.025459999999999997
-0.15979
-0.22063
0.32072
0.35107999999999995
-0.00444
-0.05453
-0.15858
0.29703
0.24097000000000002
0.30296
-0.01155
0.69422
0.77051
1.08934
1.0182
0.35833
0.35672
0.39475
0.5316299999999999
0.21263
0.08843999999999999
0.17277
-0.14952
0.31513
0.41473
0.78924
0.7641800000000001
0.51386
0.42155000000000004
0.56658
-0.22088000000000002
-0.58795
-0.29857
-0.59579
-0.6618999999999999
-0.05942
-0.01558
0.26294
-0.16534
-0.4868
-0.32884
-0.13895
-0.31512
-0.46393999999999996
-0.17789000000000002
0.18667999999999998
0.01115
-0.8841
-0.5980599999999999
-0.9600799999999999
-0.31998
-0.16984000000000002
-0.42105
-0.54764
-0.8264199999999999
0.21821000000000002
0.21021
0.63946
0.43542000000000003
0.08422
0.11496
0.46377
-0.34048
-0.32274
0.27152
0.49524999999999997
0.63967
-0.1387
0.01646
-0.23512
-0.03467
0.57585
0.4645
0.80035
0.41015999999999997
0.09197
0.28703
0.47404
0.66097
0.19005
0.30452
0.52454
0.67489
0.25501999999999997
0.26142
0.048029999999999996
-0.98003
-0.1134
0.09327999999999999
0.28761
0.33281
0.3947
0.36032
0.8628199999999999
0.38984
-0.4842
-0.19853
0.17299
-0.19665
-0.9018999999999999
-0.45897
-0.5217
-0.98554
-0.7915099999999999
-0.39365
-0.0014000000000000002
0.16128
-0.86789
-0.5398700000000001
-0.96221
-0.11316000000000001
0.35320999999999997
-0.00569
0.13569
-0.22150999999999998
-0.01625
0.09961
0.45609
-0.05531
-0.28556000000000004
-0.12365
-0.03204
-0.9444499999999999
-1.03183
-0.43151000000000006
-0.21422999999999998
0.42711
-0.20806999999999998
-0.31527
-0.20528
-0.55058
-1.28702
-0.77427
-0.8784000000000001
0.17120000000000002
-0.22218
-0.34743
-0.60749
-0.91376
-1.01452
-0.88586
-1.34573
-1.40438
-0.84899
-0.7284900000000001
-1.04107
0.13741
0.61033
-0.02398
0.01957
0.017150000000000002
0.03992
-0.11021
-0.00494
-0.73503
-0.5593
-0.32238
-0.58483
-0.69613
0.2134
0.23745000000000002
0.57427
1.16727
-0.11216
-0.16447
-0.23751
1.26772
0.69113
0.08682000000000001
0.18516
0.35075
0.04352
-0.08992000000000001
-0.18818000000000001
0.16251000000000002
0.16149999999999998
-0.055380000000000006
-0.43619
-0.8926000000000001
0.18544
0.12723
0.14059
0.35448
0.62087
0.23426
0.45975
-0.11723
-0.20462
-0.13308999999999999
0.16957999999999998
0.31796
-0.55675
-0.52495
-0.50483
-0.76425
-0.88783
-0.62393
-1.05105
-0.52149
0.32252000000000003
0.1668
0.31355
0.99937
0.83697
0.48408
0.54206
0.45975
0.7568300000000001
0.66551
0.8270399999999999
-0.27409
0.38705
0.66645
1.25202
1.56918
0.44711
0.29864999999999997
0.37795
-0.1318
-0.74874
-0.66669
-0.66917
-1.3901599999999998
-1.6400800000000002
-1.27733
-1.1456600000000001
-0.8536199999999999
-0.96789
-0.6631900000000001
-0.68318
0.09720000000000001
-0.31664000000000003
-0.37601
-0.84143
-0.62564
0.54245
0.35609999999999997
0.71962
0.6581100000000001
0.37578
0.23697
0.36826000000000003
-0.51728
-0.022850000000000002
0.41257
1.00291
1.17126
0.45222
0.50343
0.63284
0.52054
-0.36674
-0.57027
-0.8695499999999999
-1.5117099999999999
-0.9159
-0.6796099999999999
-0.65967
-0.6677500000000001
-1.12077
-0.9123399999999999
-0.92239
-0.6924800000000001
-0.5827100000000001
-0.46863999999999995
-0.48861
-1.0276
-0.32677
-0.02535
0.56191
1.08479
0.04659
-0.06579
0.027530000000000002
0.46817
0.09539999999999998
-0.0562
0.06801
-0.38468
-0.14508
0.08659
0.30143000000000003
0.44833
0.20635
0.25731000000000004
0.50859
0.03116
-0.45792
0.02116
0.1466
0.63867
-0.42621000000000003
-0.36406
-0.30794
0.54919
0.00439
0.06472
0.20707
0.82919
-0.08674
-0.22957999999999998
-0.99752
-0.51957
0.41514
0.03673
-0.20723
-0.88863
-0.19122
-0.15721
-0.53513
-0.2274
0.52129
0.30696999999999997
0.5431900000000001
1.26166
0.8370399999999999
0.57912
0.84938
0.82628
0.1204
-0.17609000000000002
-0.34564
-0.9420099999999999
-0.63291
-0.42709
-0.29893000000000003
1.09887
-0.06496
-0.41512
-0.64604
0.5053
0.31625
-0.31622
-0.6744499999999999
-1.43929
-0.38981
-0.30933
-0.01139
-0.34595
-0.12494
-0.03181
0.21539999999999998
-0.28937
-1.01532
-0.6715099999999999
-0.85854
-0.14974
0.18503
0.04686
0.03588
0.30803
0.27261
-0.10367000000000001
-0.19658
-0.30530999999999997
-0.26913
-0.06755
-0.22959
0.18758
0.56011
0.20835
-0.0018599999999999999
-0.96395
-0.60956
-0.34637999999999997
-0.10778
0.25536000000000003
0.18864
0.04272
0.09092
-0.46125
-0.6141
-0.34735999999999995
-0.43262999999999996
-0.67891
-0.15744999999999998
-0.00817
-0.19362
-0.20472
0.66281
0.46602
0.71869
-0.25629
-0.46109
0.01841
0.35512
0.07115
-0.71856
-0.34643
-0.66486
-0.41156
0.37107999999999997
0.32147
0.41386
-0.41284
-0.34142000000000006
-0.09327
-0.05215
-0.3688
-0.56496
-0.38133
-0.56306
-0.53473
-0.41863999999999996
-0.47683
-0.19512000000000002
-0.60891
-0.90436
-0.51981
-0.31922999999999996
-1.0845799999999999
-1.6400800000000002
-1.08613
-1.56236
-0.9037900000000001
-0.50255
-0.48664
-0.66067
-0.23741
0.25709
0.054720000000000005
0.03673
-0.19388000000000002
-0.28992
-0.19161
-0.1506
0.6532800000000001
0.57427
0.30416
0.2926
0.22949999999999998
-0.15109999999999998
-0.11466
-0.10795
0.5735199999999999
0.57955
0.32909999999999995
0.38827
0.6269899999999999
0.52129
0.45341000000000004
0.8573099999999999
1.03438
0.03714
0.15353999999999998
0.09661
0.78691
0.35814999999999997
0.13403
0.00125
0.84678
0.21945
-0.17152
-0.44279
0.22674
-0.18253
-0.6850799999999999
-1.10644
-1.63754
-0.66389
-0.64937
-0.45247
-0.7659
-1.0293
-0.9084
-1.20471
-0.7232599999999999
-0.36995
-0.48027000000000003
-0.73262
0.23954
0.48698
-0.10342000000000001
-0.19260000000000002
0.49416
1.14584
0.63586
1.08363
1.0065
0.34771
0.42116
0.65862
1.6399199999999998
0.76048
0.56256
0.2918
0.6776399999999999
0.93392
0.528
0.37149
0.39039999999999997
0.28983000000000003
0.07756
0.17549
0.76574
0.19314
-0.13919
-0.57377
-0.65813
-0.37701999999999997
-0.53996
-0.84529
-0.57153
0.47863
0.13939000000000001
0.30962
-0.25831
-0.46426
-0.33785
-0.47811
-0.10977
-0.2372
-0.39837000000000006
-0.80066
-1.17385
-0.34857
-0.36386
-0.28787
-0.85433
-0.9052500000000001
-0.6653
-1.18879
-0.93938
0.14215999999999998
0.01282
0.00377
0.73307
0.42308
0.06719
-0.2341
0.25139
0.69609
0.07058
-0.04745
-0.9126099999999999
0.08929000000000001
0.27618
0.6912999999999999
0.043570000000000005
-0.71871
-0.63101
-1.01446
-1.05977
-0.62757
-0.53899
-0.59482
0.22765999999999997
0.29278
-0.04609
-0.02282
0.6069100000000001
0.63184
0.29711
0.52745
0.24996
0.8157800000000001
0.85223
1.4332900000000002
0.55933
-0.37308
-0.00954
0.028079999999999997
-0.09831
-0.40904
-0.15906
-0.42787
-0.62644
-0.18606999999999999
-0.054240000000000003
-0.29709
-0.00147
0.9743
0.7965800000000001
1.27892
0.67482
-0.33872
-0.09442
-0.22158999999999998
0.048049999999999995
-0.0933
-0.03196
-0.08539
-0.56946
-0.73359
-0.49984
-0.5945900000000001
-0.26157
-0.27096
-0.22187
-0.58183
-0.30829
0.49493000000000004
0.19795000000000001
0.05301
-0.10157999999999999
0.08541
0.06418
0.28456
0.62326
0.53821
0.2829
0.4536
-0.13157
-0.9660599999999999
-0.5827
-0.59095
-0.39846
-0.63239
-0.47875
-0.9565699999999999
-0.96195
-0.21722000000000002
-0.29664
-0.64982
-0.42125999999999997
0.27855
0.20184999999999997
0.29446
1.03175
0.84881
0.5640999999999999
0.4671
0.63427
0.9598
0.7088500000000001
0.67314
0.3981
0.80497
0.62815
0.8322700000000001
0.11603999999999999
-0.3014
-0.046239999999999996
-0.16974
0.16965
-0.02199
-0.18006
-0.37767
0.6452
0.73706
0.31459
0.56887
0.278
-0.8176000000000001
-0.8395900000000001
-1.29259
-1.16816
-0.58707
-0.60789
-0.70345
-0.5378499999999999
0.23889
0.15515
0.5005700000000001
0.80723
0.09907
-0.03293
-0.07034
-0.09356
0.5788300000000001
0.47808
0.4077
-0.84429
-0.24795
0.07955
0.24015999999999998
-0.00838
-0.0802
0.25858000000000003
0.25489
0.6482899999999999
0.28775
0.12357
0.00918
-0.35273000000000004
-0.42101999999999995
-0.34054
-0.33494999999999997
-0.78326
-0.9081
-0.48015
-0.6850400000000001
0.12814
0.050679999999999996
-0.07153999999999999
-0.8309300000000001
-1.10646
0.38566
0.22479
0.02319
-0.9023300000000001
0.1482
0.34054
0.77024
1.08769
0.5002
0.40941000000000005
0.26695
0.33304
0.20396999999999998
0.34863
0.31740999999999997
1.24464
1.38955
0.75897
0.56484
-0.16448000000000002
0.50987
0.50762
0.8120499999999999
0.07681
-0.28407
0.07894999999999999
0.003
0.37652
0.04932
-0.21977
-0.33555
-0.57454
-0.006710000000000001
0.06942999999999999
0.43825000000000003
0.10031000000000001
-0.35256
-0.36254
-0.3419
-0.96368
-0.60468
-0.22988
0.21401
-0.09645
-0.79191
-0.51461
-0.8821599999999999
-0.79901
-0.01977
0.17431000000000002
0.32686
0.70659
0.49282
0.30314
0.32574
0.30303
0.306
0.29625
0.6283299999999999
-0.10718
-0.37746999999999997
0.10782
0.42866
1.13473
0.1015
0.09324
-0.08959
0.13088
0.69818
0.54962
0.67304
-0.05029
-0.45809
-0.21306
-0.37838
0.56516
0.67937
0.32531999999999994
0.25138
-0.027120000000000002
-0.26876
-0.26579
-0.07912
-0.56431
-0.68182
-0.46131
-0.31572
-0.8563
-1.26646
-0.7890900000000001
-0.9759399999999999
0.10456
-0.25662
-0.43174999999999997
-0.99739
-0.61247
0.42422
0.025910000000000002
-0.06094
-0.6192
0.08938
0.16323000000000001
0.41137
0.55264
0.43811
0.39104
0.63375
1.0133
-0.17198
-0.016
-0.20411
0.1606
0.09276
-0.13495
-0.6417100000000001
-0.7723
0.26451
0.21462
0.5199900000000001
0.93498
0.12896000000000002
0.06966
-0.17547999999999997
0.8325199999999999
0.8025100000000001
0.25268999999999997
-0.034780000000000005
-0.08185
0.55664
0.26007
0.47245
0.43292
0.19106
0.04288
-0.06355000000000001
-0.73861
-0.07332
0.11628
0.33291
0.07128999999999999
0.09801
0.34191000000000005
0.60609
0.94703
0.5296
0.38595999999999997
0.35275
0.01417
-0.5915
-0.33574
-0.71423
0.15863
0.91995
0.50005
0.37018999999999996
-0.8034600000000001
-0.14164
0.07919
0.26659
0.16161999999999999
0.21128
0.42266
0.50916
0.45737
0.00864
-0.08805999999999999
-0.28379
-1.06397
-0.93211
-0.59594
-0.65263
-0.00025
0.46869999999999995
0.24495
0.19690000000000002
-0.39328
-0.66386
-0.44578
-0.46387
-0.25836
-0.51205
-0.50717
-0.81759
-0.86371
0.10862999999999999
0.04903
0.3617
-0.175
-0.48056
-0.18029
-0.19969
0.19294
0.51075
0.35832
0.24015
-0.7184999999999999
-0.12311
0.10544
0.17134
-0.00884
0.2817
0.49341
0.87507
1.3234899999999998
0.7870199999999999
0.7675799999999999
0.81073
0.7365900000000001
0.22546
0.15367
0.17876
-0.27135000000000004
-0.32978999999999997
-0.065
-0.16175
-0.38020000000000004
-0.62663
-0.6905500000000001
-1.03416
-0.8478600000000001
-0.10259
-0.10906
0.10081
-0.05635
0.16564
0.16042
0.5407
0.50832
-0.31553000000000003
-0.21342
-0.19724
-0.45271
-0.09054000000000001
0.20875
0.41158
-0.18635000000000002
-0.57357
-0.26087
-0.19393999999999997
0.66377
0.50964
0.35082
0.58429
0.81182
-0.10321
-0.03188
-0.29273
0.40047
0.38559
0.02245
-0.19688
-0.9403100000000001
-0.0102
0.11177
0.47216
0.11141999999999999
-0.22318000000000002
-0.01399
0.13065
0.06265
-0.71467
-0.47924
-0.52815
0.45616
-0.10597
-0.29031
-0.57265
-0.37851
0.0401
-0.16923
-0.40088999999999997
-0.36802999999999997
0.04362
0.13584
0.24633
1.2034399999999998
0.76995
0.21899999999999997
-0.1722
-0.64203
-0.1433
-0.07642
0.08319000000000001
0.2752
0.41637
0.23791
0.37494
0.69817
0.6409900000000001
0.33264000000000005
0.41296
-0.27324000000000004
-0.15145
0.08569
0.33031999999999995
0.79337
0.07128999999999999
-0.07882
-0.16468
0.21657
0.34898
0.13848000000000002
0.16954
-0.5139
-0.54196
-0.36579999999999996
-0.38411
-0.43883000000000005
-0.25245
-0.14894
0.02997
0.22707999999999998
-0.33323
-0.41031
-0.63991
-0.62242
0.09397
0.15264
0.5295000000000001
0.35873
-0.13608
-0.09573000000000001
-0.0859
0.262
-0.00336
-0.08196999999999999
-0.30515000000000003
-0.38281999999999994
0.36959000000000003
0.46194
0.63485
0.74275
0.25740999999999997
0.21298999999999998
0.10021000000000001
0.1322
0.88575
0.79881
1.03784
0.15459
0.07644999999999999
0.39993
0.72449
1.08031
0.30876000000000003
0.24226
0.00987
-0.14550000000000002
0.28928
0.2403
0.29341
-0.5964200000000001
-0.34331
-0.15314
-0.17473
-0.6734399999999999
-0.56375
-0.22463
-0.06071
0.25845
-0.25779
-0.07492
-0.12573
0.20595
0.11715
-0.02464
-0.01735
-0.38573999999999997
-0.24696
0.0425
0.30563
0.61548
-0.14332
-0.09204000000000001
-0.46392000000000005
-0.11455
0.35689
0.24919
0.14235
0.23774
0.73131
0.42799
0.52698
0.07174
-0.05436
-0.02946
0.06679
-0.35779000000000005
-0.72321
-0.44494999999999996
-0.6352
-0.1191
0.15164
-0.04573000000000001
0.06904
0.1016
-0.23646
-0.20732
-0.14572
0.15639
-0.29742999999999997
-0.30513
-0.5710799999999999
-0.0391
0.67589
0.44267
0.60772
0.67542
0.42069
0.25602
0.39956
0.71062
0.68777
0.48906
0.56127
-0.26821
-0.16167
0.040549999999999996
0.36994
0.63825
0.0493
0.12293
0.21486
0.15811
-0.19249
-0.16046
-0.3003
-0.4019
-0.73628
-0.5894400000000001
-0.78542
0.15933
0.43271
0.07615
0.24541000000000002
0.04181
-0.44758000000000003
-0.32641
-0.35420999999999997
0.27274
0.12582000000000002
-0.13303
-0.48064
-0.71867
-0.10103
-0.10042
-0.00769
0.0473
0.21507
0.11048999999999999
-0.00808
-0.08138999999999999
0.4421
0.33893
0.58175
0.5421900000000001
0.19728
0.17504999999999998
0.20946
0.24681999999999998
-0.14816000000000001
-0.24395
-0.44307
-0.56111
0.14696
0.28768
0.60787
0.44909999999999994
-0.08781
-0.10006
-0.33726999999999996
-0.74397
-0.5503399999999999
-0.24364999999999998
-0.26367999999999997
0.03262
0.01807
-0.06777999999999999
-0.30387000000000003
-0.17068999999999998
0.30485
0.31739999999999996
0.47613999999999995
1.02977
0.83475
0.621
0.67009
0.92391
0.66077
0.33992
0.28648
-0.56079
-0.35327
-0.04325999999999999
0.052489999999999995
0.08595000000000001
-0.28307
-0.27455999999999997
-0.4561
-0.1663
0.18233
0.00292
-0.03471
-0.5647099999999999
-0.46781
-0.38775
-0.25244
-0.18957000000000002
-0.16237
-0.06615
0.011279999999999998
-0.20248000000000002
-0.1791
0.06286
0.12021000000000001
0.35223999999999994
0.27082999999999996
0.37107
0.25107
0.33267
0.6631
0.51857
0.52096
0.01506
-0.11842000000000001
0.012350000000000002
-0.18334
0.23324
0.69406
0.43838
0.61889
0.28679
-0.050140000000000004
-0.0387
-0.02274
-0.07295
0.058890000000000005
0.04642
0.08911
-0.70729
-0.26619
0.13896
0.39419
0.35355
-0.39102
-0.22082000000000002
-0.48222000000000004
-0.10746
0.46509999999999996
0.40137999999999996
0.58382
0.76863
0.41301000000000004
0.28717
0.32177
0.46179000000000003
0.0536
0.01717
-0.18276
0.16327999999999998
0.41546999999999995
0.1732
0.10923999999999999
-0.44547
-0.13699999999999998
-0.16654
0.00333
-0.23716
-0.27675
-0.12621000000000002
0.13382
0.49044
-0.12117000000000001
-0.19435
-0.12131
0.5122399999999999
0.08772
-0.13391
-0.15195
-0.14597
0.15078
0.16332999999999998
0.4524
0.78447
0.39255
0.31029
0.38404000000000005
0.04178
-0.2028
0.01233
0.15952
0.32732999999999995
-0.07771
-0.13423
-0.35702
-0.21939
0.15241
-0.0001
0.10563
0.35366
0.34088999999999997
0.22486
0.46119
0.84032
0.69478
0.40679000000000004
0.63367
0.08984
-0.03902
0.28591
0.64289
0.6058100000000001
0.06969
0.22434
0.18326
0.02863
-0.10930999999999999
-0.01196
0.05558
0.10194
-0.21789000000000003
-0.10101
-0.09541000000000001
0.36947
0.00784
-0.11571
-0.31522
-0.27735
-0.14917
-0.16685
-0.18769
-0.41323
-0.5283
-0.50247
-0.77292
-1.17639
-0.6801699999999999
-0.42156
-0.44266
-0.015309999999999999
-0.07901
-0.16411
-0.32767
-0.18455
0.1613
0.0748
0.05733
-0.14636
0.00037999999999999997
0.08097
0.01477
0.6491899999999999
0.7301300000000001
0.47116
0.46787999999999996
0.64197
0.6601300000000001
0.44286000000000003
0.52406
-0.15288000000000002
-0.27177
-0.2398
-0.37433999999999995
-0.9418000000000001
-0.73748
-0.49185
-0.50524
-0.48698
-0.73078
-0.67038
-0.9315399999999999
-0.65244
-0.20568
-0.37674
-0.35194000000000003
-0.5555599999999999
-0.30455
-0.2061
0.044539999999999996
0.28388
-0.34704
-0.27531
-0.62773
-0.32722999999999997
0.35853999999999997
0.25478
0.33397
-0.04019999999999999
0.1229
0.16414
0.09102
-0.1232
0.06283
0.07165
0.20817
0.45524000000000003
0.11114
0.1204
0.17617000000000002
0.73883
0.36091999999999996
0.01065
-0.15166000000000002
-0.70672
-0.50446
-0.37784
-0.34724
-0.254
-0.27656
-0.29011
-0.40507
-0.73803
-0.42978
-0.20997
-0.18687
-0.19997
0.03069
0.13263
0.20743999999999999
0.78204
0.83951
0.60056
0.75639
0.6860200000000001
0.47109
0.46058
0.67157
0.66963
0.4289
0.51632
0.5854
0.6843600000000001
0.48109999999999997
0.45388
0.26987
-0.17818
-0.0699
0.09325
-0.04623
0.5012
0.73516
0.54492
0.62835
0.6938200000000001
0.25794
0.06561
0.09765
0.22455999999999998
0.17104
0.09759999999999999
0.16276
-0.37654000000000004
-0.52238
-0.37947000000000003
-0.58176
-0.6600100000000001
-0.28217
-0.20711
-0.28244
-0.12359
0.40898
0.25928999999999996
0.30335
0.13359
-0.09203
-0.16219
0.01179
-0.06793
-0.28153
-0.18326
-0.08010999999999999
-0.23608
-0.63772
-0.44893
-0.4082
0.26325
0.08083
-0.06189
-0.06188
-0.0008100000000000001
-0.22893
-0.24803999999999998
-0.31783
-0.58892
-0.29655000000000004
-0.14877
-0.23638
-0.32872
0.1595
0.1517
0.27232
0.00808
-0.1116
0.10061
0.14913
0.59174
0.1322
-0.09791
-0.32289999999999996
-0.80157
-0.36825
-0.12521000000000002
0.16899
0.45773
-0.13919
-0.1166
-0.47817
-0.64131
-0.29957999999999996
-0.19369
-0.37473999999999996
0.03292
0.34915999999999997
0.13093
-0.06434999999999999
-0.0213
0.51756
0.26877
0.42646999999999996
-0.05183
0.10400999999999999
0.29586
0.58968
0.46142000000000005
0.15395
0.20987999999999998
0.18329
-0.34143
-0.11109
0.18014
0.28724
0.35811
-0.02545
0.036520000000000004
-0.16006
0.28747
0.14798999999999998
-0.03841
-0.2864
-0.47121
-0.07377
-0.14340999999999998
-0.0571
-0.051050000000000005
0.03421
0.073
0.11603
0.02657
0.01344
0.059930000000000004
0.15533
0.14187
-0.059500000000000004
-0.02091
-0.1704
-0.12652
0.60608
0.5326
0.8312999999999999
0.51174
0.16038
0.2815
0.36540999999999996
0.86139
0.56961
0.45031
0.5267499999999999
0.54159
0.13655
0.09653
0.06176
0.14328
0.037970000000000004
-0.0016300000000000002
0.10343
-0.13178
-0.10526999999999999
0.03214
0.17793
-0.3025
-0.7911400000000001
-0.62255
-0.85041
-0.8794
-0.46085
-0.31117
-0.21947
0.39142000000000005
0.03283
-0.20909
-0.32896000000000003
-0.39722
-0.14800000000000002
-0.12967
0.0147
-0.15544
-0.18257
-0.05716
0.09081
-0.15939
-0.75723
-0.53089
-0.7940900000000001
-0.67367
-0.35129
-0.32159999999999994
-0.46316
-0.4285
-0.3785
-0.52196
-0.73051
-0.37558
0.038290000000000005
-0.18434999999999999
-0.18459
-0.43489
-0.2484
-0.14218
-0.08526
0.02638
0.27634000000000003
0.23715
0.35234000000000004
-0.14257
-0.15979
0.04309
0.1204
0.30993
-0.10188000000000001
0.005889999999999999
-0.20742999999999998
0.41960000000000003
0.61911
0.30754000000000004
0.18681
0.21506
0.56891
0.43833
0.61893
0.6342
0.52504
0.38201999999999997
0.45594999999999997
0.15503999999999998
-0.22891999999999998
-0.11784
-0.07374
-0.20736000000000002
-0.10299
0.00322
0.00561
-0.01095
-0.03998
-0.02387
0.015700000000000002
-0.22247
-0.36357
-0.22537
-0.35369999999999996
0.14705000000000001
0.09872
-0.04816
-0.15679
0.00885
0.21694
0.15785
0.34576
0.65335
0.2974
0.16449000000000003
-0.0037099999999999998
-0.20452
0.31282
0.24966999999999998
0.40271
-0.14901
-0.24626
-0.08455
-0.09132
0.27921
0.27102
0.1801
0.3039
0.47896
0.19640999999999997
0.11498
0.21356000000000003
0.30835
0.09191
0.09368
0.21576
-0.17703
-0.38610999999999995
-0.0529
-0.15217
0.17407
0.1509
0.07873000000000001
-0.05443
-0.15862
-0.03214
-0.06451
-0.16324000000000002
-0.33139
-0.23326
-0.27706
-0.39777
-0.4694
-0.06355000000000001
-0.10188000000000001
-0.04689
-0.12428
-0.2638
-0.21838999999999997
-0.17696
-0.34749
-0.33798
-0.30626000000000003
-0.31953
-0.49616
-0.55109
-0.31669
-0.19286
0.08559
-0.19255
-0.12382
-0.34079
0.09541000000000001
0.226
0.04983
-0.11889
0.01068
0.23949
0.09332000000000001
0.03573
0.37511000000000005
0.41872
0.11428
0.07591
-0.2353
0.03716
0.11339
0.39271999999999996
0.57
-0.02522
-0.13405
-0.35061
-0.5060199999999999
-0.14406
-0.12606
-0.11866
0.07899
0.12891
0.044160000000000005
0.0461
0.59914
0.73753
0.48158999999999996
0.7562000000000001
0.60653
0.24530000000000002
0.23728000000000002
0.2811
0.32615
0.26737
0.19605
0.2725
-0.16834
-0.06654
0.016399999999999998
0.08555
-0.3164
-0.46151000000000003
-0.37168
-0.34313000000000005
-0.18041000000000001
-0.15784
-0.18344000000000002
-0.08919
-0.40302
-0.6959399999999999
-0.5256799999999999
-0.5102
-0.20054
-0.08172
-0.021509999999999998
0.03263
0.03376
-0.06738000000000001
-0.024900000000000002
0.07302
0.21044000000000002
-0.19271999999999997
-0.09548
-0.17074
-0.01428
0.04537
-0.03032
-0.14502
-0.36009
-0.19113
-0.11845
-0.11489
0.11452
0.11801
-0.01047
-0.10257999999999999
-0.13726000000000002
-0.28600000000000003
-0.32582
-0.37021
-0.40996000000000005
-0.19507000000000002
-0.18486999999999998
-0.20078
-0.60483
-0.5516599999999999
-0.29413
-0.28302
0.05722000000000001
0.13446
0.13799
0.01391
0.37335
0.50152
0.30940999999999996
0.25786000000000003
0.29420999999999997
0.6007399999999999
0.43305
0.67547
0.79515
0.52881
0.35958
0.45041
0.0077800000000000005
0.00796
0.17193000000000003
0.31642
0.08928000000000001
-0.20885
-0.16754999999999998
-0.32362
-0.54937
-0.23954999999999999
-0.14346
0.019299999999999998
-0.26576
-0.59668
-0.37345999999999996
-0.35745
0.11539999999999999
-0.0591
-0.07665
0.00293
0.21525
0.03429
-0.022799999999999997
-0.08172
-0.08271
-0.20196000000000003
-0.1913
-0.28835
-0.44882
-0.23244
-0.09592
-0.17908000000000002
-0.16483
0.12243
0.13475
0.18841999999999998
-0.00697
0.16498000000000002
0.29144
0.34485
0.33321
-0.08654999999999999
-0.05083
-0.23623999999999998
0.22347
0.23451
0.04298
-0.0623
-0.055540000000000006
0.03325
-0.043949999999999996
0.02359
-0.18416
-0.40141
-0.33988
-0.57321
-0.7083799999999999
-0.4793
-0.40281
-0.55536
-0.52467
-0.26504
-0.23474
-0.33734000000000003
0.09878999999999999
0.2892
0.05787
0.00999
0.051559999999999995
0.24519
0.17423
0.30902
0.42478
0.10765000000000001
0.02174
-0.13729
-0.18306999999999998
-0.055439999999999996
-0.01542
-0.06065
0.35001
0.21728999999999998
-0.050890000000000005
-0.32515
-0.1859
0.09282
-0.15599
-0.17248999999999998
-0.50861
-0.21387
-0.19627
-0.12864
0.09682
0.01623
-0.06432
-0.07053
0.1065
0.19841999999999999
0.14938
0.20740999999999998
0.30752
0.28969
0.19576000000000002
0.22312
0.41594000000000003
0.60592
0.51926
0.73505
0.62205
0.15422
0.21931
0.15916
0.6056900000000001
0.50997
0.28217
0.17434999999999998
-0.028069999999999998
0.10549
-0.0073
0.08837
-0.05296
-0.05779
0.05564
0.16341999999999998
-0.05761
-0.11349999999999999
0.02964
-0.04987
-0.06027999999999999
0.17943
0.22245
0.25535
0.1986
0.36239
0.34848
0.35081
0.36825
0.04755
0.060270000000000004
0.03256
0.44957
0.46832
0.23751999999999998
0.16871
-0.39582
-0.45108
-0.32316
-0.3674
-0.60242
-0.42299
-0.27193
-0.41342
-0.34514
-0.23379000000000003
-0.29135
-0.39265
-0.36611
-0.13374
-0.17196
-0.11419
-0.20106000000000002
-0.19466
-0.19695000000000001
-0.24086
-0.45271
-0.22206
-0.054610000000000006
0.04796
0.25934
0.05285
-0.00266
-0.10871
-0.21285
-0.10250999999999999
-0.01637
0.05608
0.36077
0.08811
0.00082
-0.19164
-0.12055999999999999
0.2394
0.15515
0.27295
0.22895
0.12345
0.10109
0.04982
0.37732
0.41950000000000004
0.21841000000000002
0.31931
0.2463
0.24309999999999998
0.24114999999999998
0.35292
0.33308
0.25285
0.20288
0.3011
-0.06912
0.07347000000000001
0.27505
0.37479
0.44165
0.12969
0.13147
0.13283
0.47453
0.39364
0.32406
0.36783
0.38771
0.2857
0.2321
0.3056
0.15933
0.08376
0.21172999999999997
0.20186
0.36644
0.37744999999999995
0.27231
0.24779
-0.08654
-0.18363
-0.13293
-0.16527
-0.058179999999999996
-0.14504
-0.19471
-0.27438
-0.51751
-0.4285
-0.36487
-0.36774
-0.47813
-0.42942
-0.30934
-0.38734
-0.42454000000000003
-0.26321
-0.19428
-0.22691
-0.02147
0.008579999999999999
-0.04378
-0.11726
0.10825
0.1999
0.11832000000000001
0.1494
0.14966
0.18417000000000003
0.09711
0.03092
-0.13381
0.07644999999999999
0.08375
0.13329000000000002
0.22713999999999998
0.20963
0.17762
0.31737
0.41489
0.10052
0.0276
0.028300000000000002
-0.09362999999999999
-0.12514
-0.037149999999999996
-0.01337
-0.18398
-0.28010999999999997
-0.19082999999999997
-0.2804
-0.25188
-0.06937
-0.06517
-0.08312
-0.18738
-0.13033
-0.08077
-0.04115
0.050339999999999996
-0.07334
-0.10543
-0.13208
-0.33976
-0.28346
-0.19655999999999998
-0.25713
-0.53001
-0.17956
-0.06432
-0.08263
-0.31298
-0.19466
-0.12844
-0.15103
-0.18579
-0.24237999999999998
-0.16454999999999997
-0.23811
-0.18069
0.07931
0.06641
0.08605
-0.14351
0.04331
0.13796
0.29847999999999997
0.35897
0.25816
0.24725000000000003
0.20117000000000002
-0.23828
-0.21445
-0.07443
-0.12063
-0.2812
-0.23643999999999998
-0.07566
-0.10432000000000001
0.17216
0.33226999999999995
0.29485
0.35941
0.11596000000000001
0.10763
0.23427
0.36709
0.51546
0.127
0.17617000000000002
0.11306
0.41171
0.24255
0.17528
0.09221
0.16115
0.19044
0.17447
0.04918
0.13877
0.41562
0.26787
0.29732
-0.12163
-0.09373
-0.023780000000000003
-0.01311
-0.11755
-0.24472000000000002
-0.1649
-0.14627
0.15439
-0.00356
-0.10242000000000001
-0.08621000000000001
0.02581
-0.05991
-0.17179
-0.19091000000000002
-0.44322
-0.50371
-0.37255000000000005
-0.45104
-0.33925
-0.36022
-0.40549
-0.49857
-0.38963000000000003
-0.34997999999999996
-0.35347
-0.31288
-0.05357
-0.12761
-0.27936
-0.23757
-0.36877000000000004
-0.44221
-0.40167
-0.44478
-0.36576000000000003
-0.21942
-0.19731
-0.24759
-0.29935
-0.0992
-0.06842
-0.07171999999999999
0.0076100000000000004
0.12785
0.14623
0.183
0.31035
0.1491
0.10215999999999999
0.06094
0.32218
0.40507
0.31039
0.33466999999999997
0.44018
0.29436
0.14241
0.07131
0.15814
0.33515
0.19569
0.20215
-0.12315
-0.043730000000000005
-0.030270000000000002
-0.00409
-0.11787
-0.09171
-0.01458
0.01428
0.04904
0.18451
0.17971
0.24445
0.09255000000000001
0.02399
0.09626
0.20576
0.49174
0.25048
0.1984
0.20166
0.15048
0.08113
0.16855
0.11801
0.34271999999999997
0.31353000000000003
0.23546
0.07611
0.05894
0.40817
0.28561
0.33188
-0.13216
-0.20350000000000001
-0.14345
-0.18955
-0.1442
-0.07847
-0.06611
0.046900000000000004
0.13475
0.00363
-0.02251
-0.0405
-0.22313
-0.16861
-0.11041000000000001
-0.14707
-0.25997
0.03494
0.10276999999999999
0.21616
0.1592
-0.10396000000000001
-0.07177
-0.10561999999999999
0.022949999999999998
0.00154
0.0175
0.09347
0.13766
0.04431
0.00881
0.04157
-0.028159999999999998
-0.09942000000000001
-0.08528000000000001
-0.12217
-0.21812
0.00506
0.07567
0.24602000000000002
0.35792
0.06226
0.02258
0.02282
-0.20867999999999998
-0.29846
-0.13836
-0.17217
-0.16269999999999998
0.00892
0.063
0.06504
0.018420000000000002
-0.049690000000000005
-0.07166
-0.14592
-0.34792
-0.19213999999999998
-0.08464
-0.01102
-0.08987
-0.15985
-0.1267
-0.15836
-0.25501
-0.32237000000000005
-0.21501
-0.28815999999999997
-0.40393
-0.16161999999999999
-0.09295999999999999
-0.23977
-0.25142
-0.024239999999999998
-0.03769
-0.02239
0.16499
0.21705
0.19995000000000002
0.3458
0.45696
0.22172
0.22024999999999997
0.25478
0.25408000000000003
0.13977
0.19829
0.20143
0.38183999999999996
0.26917
0.16813
0.01387
-0.10629
0.07623
0.03952
-0.043739999999999994
-0.01539
0.05947
-0.026539999999999998
-0.020099999999999996
-0.05072
0.0042899999999999995
0.00251
0.10719
0.17206
-0.09351000000000001
-0.11763
-0.16295
-0.0108
-0.04736
-0.10342000000000001
-0.10877
-0.00924
-0.06005
-0.11679
-0.16319
-0.09912000000000001
-0.05286
-0.0581
-0.0622
-0.00843
0.21303999999999998
0.19747
0.24652000000000002
0.29
0.16315000000000002
0.06873
0.06504
0.18401
0.30692
0.19966
0.30887
0.14047
0.02404
0.06362
0.21048999999999998
0.19317
-0.05548
0.00741
-0.01262
-0.19054
-0.24402000000000001
-0.15177
-0.23263999999999999
-0.25888
-0.24014
-0.18186
-0.23012
0.18135
0.12732
-0.03696
-0.04692
0.07732
0.09515000000000001
0.045579999999999996
0.13122
-0.08079
-0.11156
-0.06982000000000001
-0.19865
-0.37378
-0.04951
0.0039700000000000004
0.00855
-0.022959999999999998
0.15326
0.1325
0.09698999999999999
0.07511
0.12051
0.08126
0.10156000000000001
0.01374
0.07416
0.08183
0.14987
-0.01787
-0.039209999999999995
0.04658
0.02553
-0.08843
0.0281
0.10746
0.15576
0.38091
0.26177
0.18419
0.19727
0.28044
0.27397
0.22909
0.24593
-0.0187
0.04333
0.12384
0.18658000000000002
0.28265
0.29334
0.23218
0.34034
0.11965999999999999
-0.23914000000000002
-0.15528
-0.1017
0.0023499999999999997
-0.24153
-0.17969000000000002
-0.15652
0.04993
-0.04965
-0.07452
-0.12374
-0.30633
-0.18364
-0.11254
-0.16166
-0.28114
-0.045410000000000006
-0.015349999999999999
-0.02185
-0.04046
-0.00499
-0.0213
0.09465
0.16377
0.02773
0.03556
0.12711
-0.07937999999999999
-0.16731000000000001
-0.09372
-0.10467
-0.33676
-0.3261
-0.19984000000000002
-0.27021999999999996
-0.27673
-0.16516999999999998
-0.09095
-0.1074
-0.05411
-0.13363
-0.1319
-0.19295
0.005410000000000001
0.13462
0.03366
0.10257999999999999
-0.15558
-0.20085999999999998
-0.10392
-0.06483
-0.06509999999999999
-0.10634
-0.07264
-0.09257
-0.0771
0.05327
0.07633
0.17432999999999998
0.11359
-0.06917
-0.00783
-0.03276
-0.12667
-0.12376
-0.0017599999999999998
-0.08814999999999999
0.08725
0.30853
0.27568000000000004
0.3427
0.58489
0.44803
0.30676
0.34508000000000005
0.39648000000000005
0.26984
0.20536000000000001
0.25007999999999997
0.22996
0.07785
0.03973
-0.03116
-0.25767
-0.11432
-0.0461
-0.0435
-0.13013
-0.05203
-0.041440000000000005
-0.04317
0.11259000000000001
0.057859999999999995
-0.03823
0.048209999999999996
0.0941
-0.11339
-0.08393
0.032690000000000004
0.29882000000000003
0.06647
0.03158
-0.00764
0.0016300000000000002
0.08939
0.09763
0.16354
0.09046
-0.022719999999999997
-0.03669
-0.07699
-0.29046
-0.25525
-0.23124
-0.20936
-0.32747
-0.33841
-0.23420000000000002
-0.16226
-0.03013
-0.16565000000000002
-0.17838
-0.237
-0.22061
-0.07772
-0.09807
-0.042140000000000004
-0.33215000000000006
-0.31879
-0.20274
-0.15821
-0.24834
-0.39629
-0.21811
-0.22669
-0.029500000000000002
-0.09994
-0.10801
-0.19105
-0.17902
-0.07878
-0.11613
-0.16579
-0.23545000000000002
-0.09910000000000001
-0.14099
-0.17739999999999997
-0.34624000000000005
-0.25095
-0.19307
-0.2163
-0.25954
-0.029009999999999998
0.03438
0.12401
-0.0812
-0.14354
-0.04889
-0.08685999999999999
-0.14583000000000002
-0.06567
0.02521
0.050620000000000005
0.17466
-0.01365
-0.0452
-0.11709
0.0281
0.18907
0.14943
0.21562
0.17478000000000002
0.14901999999999999
0.16172
0.14931
0.10881
0.059640000000000006
0.0665
0.02423
-0.11638
0.08254
0.09487
0.11926
-0.07313
-0.14199
-0.07115
-0.03624
0.15346
0.05398
0.02864
0.06017
0.053840000000000006
-0.14653
-0.14901
-0.18611999999999998
-0.08474
-0.07779
-0.06221
-0.08535
0.0591
0.034910000000000004
-0.01598
-0.02733
0.13258
0.04755
0.03751
0.02001
0.10537
0.21459
0.14984999999999998
0.16652999999999998
0.10607
0.10936
0.11396
0.14333
0.43206000000000006
0.42075
0.25538
0.30908
0.26561
0.08288000000000001
0.03205
0.05925
0.04211
-0.0187
-0.04152
-0.03666
-0.14762
-0.22898
-0.19222999999999998
-0.24255
-0.35962000000000005
-0.23207999999999998
-0.20195
-0.18828
-0.28754
-0.26718
-0.20917000000000002
-0.17598
0.10598
0.07165
-0.00234
0.08143
0.17276
0.07017999999999999
0.01735
0.04699
-0.11320999999999999
-0.04449
0.03307
0.09869
0.0064600000000000005
-0.10217999999999999
-0.05116
-0.04088
0.05678
-0.1234
-0.07429000000000001
-0.11715
0.07069
-0.01079
-0.05887
-0.1297
-0.04123
0.07862
-0.0064600000000000005
0.00099
0.01244
0.00872
0.00338
0.01413
0.11286
0.10297
0.06097
0.00461
0.02101
0.20804999999999998
0.16568000000000002
0.23684000000000002
0.21045999999999998
0.25698
0.26779
0.32659999999999995
0.19597
0.09423
0.12919
0.11662
0.19367
0.20462
0.19328
0.25156
0.38595
0.25489999999999996
0.138
0.17274
0.10284
-0.0003
0.057830000000000006
0.09272999999999999
0.21283000000000002
0.06512
0.011699999999999999
-0.11704
-0.23838
0.04292
0.05953
0.15410000000000001
-0.031139999999999998
-0.0521
-0.008579999999999999
0.05848
-0.0404
-0.26741
-0.19975
-0.19542
-0.00908
-0.13711
-0.15906
-0.19871
-0.19816
-0.26234
-0.23829
-0.36892
-0.23804999999999998
0.07654
0.029679999999999998
0.00656
-0.17108
-0.09920999999999999
-0.09288
-0.04563
-0.14165
-0.14176
-0.06597
-0.0072699999999999996
-0.02302
-0.2169
-0.21273
-0.29349000000000003
-0.10398
-0.06548
-0.13436
-0.19361
-0.2279
-0.04255
-0.08299
-0.09415
-0.31732
-0.16693999999999998
-0.03985
0.037290000000000004
0.19916
0.12157
0.16426
0.18273
0.31534
0.11724
0.10894999999999999
0.026709999999999998
0.3066
0.43326
0.27508
0.27545000000000003
0.34125
0.33651000000000003
0.20326
0.24725000000000003
0.23531
0.14103
0.09218
0.04386
-0.00621
0.13584
0.09994
0.15378
0.09478999999999999
0.03558
0.05452
0.10637
0.18492
0.16489
0.13768
0.22234
0.29359999999999997
0.10872
0.10272
0.16632999999999998
0.35287999999999997
0.19061
0.11692
0.13602999999999998
0.18135
0.12369
0.12946
0.11897
0.24606000000000003
0.26676
0.17412
0.17538
0.03386
-0.03426
-0.04407
-0.0617
-0.30646
-0.20241
-0.13076000000000002
-0.08
-0.14807
-0.18486999999999998
-0.11747
-0.04636
0.09963
-0.11521
-0.09909000000000001
-0.11071
0.12539
0.04181
-0.05809
-0.11892
-0.19269999999999998
-0.05715
-0.02664
-0.01631
-0.13228
-0.13846999999999998
-0.09531
-0.12535
-0.21803
-0.13774
-0.10572
-0.11962
-0.18325
-0.1784
-0.18725999999999998
-0.18519
-0.14061
-0.21716000000000002
-0.25885
-0.30172
-0.26549
-0.1821
-0.20671
-0.21806999999999999
-0.32331000000000004
-0.22036
-0.1635
-0.14808
-0.20475000000000002
-0.17015
-0.10471
-0.12639
-0.051859999999999996
0.025929999999999998
0.03694
0.03856
0.14715999999999999
0.13464
0.08381
0.11186
0.16352
0.166
0.13374
0.205
0.2927
0.18591000000000002
0.10911
0.09909000000000001
-0.07937
-0.07176
-0.00065
0.07409
0.11055999999999999
-0.04213
-0.03716
-0.09388
-0.1783
-0.13931
-0.0584
-0.0252
0.05379
0.07911
0.11649
0.16928
0.21960000000000002
0.03873
0.025169999999999998
-0.03686
0.013000000000000001
0.12426
0.13274
0.12750999999999998
0.13208999999999999
0.14055
0.10157
0.06349
0.0017599999999999998
0.10257999999999999
0.10837
0.1038
-0.10019
0.0027800000000000004
0.027839999999999997
0.028319999999999998
-0.23342
-0.21399
-0.09759000000000001
-0.07499
-0.04827
-0.19210999999999998
-0.1442
-0.22932
-0.16797
-0.12522
-0.14381
-0.19757000000000002
-0.22868
-0.21755
-0.20620000000000002
-0.27236
-0.29353999999999997
-0.24637
-0.22204999999999997
-0.30803
-0.38767
-0.21211
-0.19139
-0.26269
-0.26672999999999997
-0.14771
-0.17
-0.18037
-0.16588
-0.02343
-0.03984
-0.049749999999999996
-0.07041
-0.00433
-0.012470000000000002
0.038060000000000004
0.21323
0.13832
0.10504
0.15158
0.14090999999999998
0.04699
0.02013
0.03164
0.009389999999999999
-0.09099
-0.04224
-0.03551
0.1826
0.13480999999999999
0.02711
0.04041
-0.09144000000000001
-0.17517
-0.13504
-0.16118
-0.07504
-0.0046300000000000004
-0.026840000000000003
-0.01592
0.01909
-0.01151
-0.03056
0.0236
0.053200000000000004
-0.04316
-0.01577
-0.01569
-0.02474
-0.03579
0.00376
-0.03723
0.06303
0.12469
0.1025
0.08077
0.08609
0.15182
0.1204
0.08691
0.06526
0.19820000000000002
0.16396999999999998
0.22347
0.09942000000000001
0.05863
0.06736
0.09545
-0.03451
-0.05976
0.00992
-0.00993
-0.19387000000000001
-0.14465999999999998
-0.05564
-0.09875
-0.09381
-0.09437
-0.063
-0.11731
0.022639999999999997
-0.00753
-0.04665
-0.11882999999999999
0.01943
0.0443
-0.010009999999999998
-0.02399
0.08394
0.06535
0.02193
-0.0079
0.10861000000000001
0.11396
0.04216
0.00874
0.0219
0.11888
0.07009
0.07915
0.07162
0.061059999999999996
0.027069999999999997
0.012769999999999998
0.05962
0.14392
0.08204
0.11892
0.09824
0.01053
-0.0002
0.03352
0.13527
-0.08031
-0.11326
-0.17844000000000002
-0.08532999999999999
-0.02962
-0.0971
-0.07497
-0.12986
-0.12218
-0.09401999999999999
-0.08898999999999999
-0.0441
0.021949999999999997
-0.01403
-0.042089999999999995
-0.16412
0.01047
0.01811
0.04881
0.00636
0.10586000000000001
0.08656000000000001
0.16702999999999998
0.046950000000000006
0.04907
0.10698
0.22206
0.23305
0.00245
0.046900000000000004
0.05851
0.0885
-0.025699999999999997
0.00344
-0.01551
-0.07554
-0.152
-0.0965
-0.15662
-0.059820000000000005
-0.01679
-0.012589999999999999
-0.03129
0.08069000000000001
0.08566000000000001
0.06287
-0.01755
-0.0236
0.16219
0.1452
0.13338
0.17559000000000002
0.33186
0.28567
0.30251
0.23476
0.2213
0.18397
0.24988
0.13966
0.07579
0.10884
0.15425
0.15434
-0.10615000000000001
-0.10943
-0.20876999999999998
-0.18087
-0.16865
-0.16429
-0.24792999999999998
-0.19891999999999999
-0.04887
-0.08882
-0.11288000000000001
-0.11539999999999999
0.01518
0.00499
0.07689
0.10491
0.06229
0.07163
0.14515
0.17678000000000002
0.03328
0.04118
0.010209999999999999
0.12344
0.16876999999999998
0.07334
0.05665
-0.10055
-0.04993
-0.010669999999999999
0.02139
0.17557999999999999
0.03979
-0.01838
-0.044020000000000004
-0.11467000000000001
-0.09798
-0.04947
-0.008100000000000001
0.02357
-0.08625
-0.07179
-0.1036
0.07941
0.07775
-0.00393
-0.025840000000000002
-0.03018
0.08179
0.04079
0.04275
-0.0673
-0.014110000000000001
-0.013049999999999999
-0.01027
0.00207
0.040940000000000004
0.04089
0.07386999999999999
-0.06303
-0.09324
-0.03428
-0.0359
-0.045279999999999994
-0.01329
0.01524
0.042510000000000006
0.07014999999999999
0.03286
0.05028
0.08129
0.16518
0.12278
0.09734999999999999
0.048780000000000004
0.00456
0.09978
0.087
0.10614000000000001
0.1191
0.1165
0.09098
0.12311
-0.05586
-0.1399
-0.06585
-0.08053
-0.12113
-0.12073
-0.05897
-0.045860000000000005
-0.04336
-0.08266
-0.03794
-0.06548
0.06498
0.00949
0.0187
-0.08326
0.16510000000000002
0.25646
0.1304
0.06011999999999999
0.044039999999999996
0.23067000000000001
0.16920000000000002
0.19574999999999998
0.053680000000000005
0.10132999999999999
0.08984
0.09340999999999999
-0.1079
-0.0334
0.00996
0.06394999999999999
-0.00853
-0.15312
-0.10611000000000001
-0.14409
-0.041710000000000004
-0.0012
-0.02341
-0.042649999999999993
-0.07522999999999999
0.0028599999999999997
0.00172
0.021339999999999998
-0.00767
-0.08301
-0.051390000000000005
-0.08070000000000001
-0.00037999999999999997
0.00615
0.009340000000000001
0.00657
0.09504
0.0872
0.050469999999999994
0.06962
0.16931000000000002
0.11867000000000001
0.0113
-0.005410000000000001
-0.22245
-0.14307999999999998
-0.11869999999999999
-0.10658
-0.21895
-0.21651
-0.16116
-0.17126000000000002
-0.06159
0.004050000000000001
-0.01087
0.06005
0.014610000000000001
-0.09199
-0.05373
-0.02099
-0.08505000000000001
-0.18109999999999998
-0.0889
-0.10298
0.07271
0.08045
0.06178
0.049370000000000004
0.10099999999999999
0.13899
0.1232
0.12926
0.16167
0.10966
0.055220000000000005
-0.01458
-0.10493000000000001
0.017070000000000002
0.014790000000000001
0.01683
-0.040069999999999995
0.06756000000000001
0.08525
0.12558999999999998
0.14883
0.11622
0.11377000000000001
0.17135
0.18152000000000001
0.10217999999999999
0.09313
0.12359999999999999
0.06251999999999999
-0.0438
-0.0109
0.006919999999999999
0.09303
0.05624
0.03863
0.03327
0.03005
0.01031
-0.0073
-0.04697
-0.06785000000000001
0.02194
0.0011
0.01843
-0.07012
-0.04947
-0.045570000000000006
0.013340000000000001
-0.15634
-0.20771
-0.11625
-0.09882999999999999
-0.0556
-0.17351
-0.14911
-0.16902999999999999
-0.02001
-0.043120000000000006
-0.07655
-0.06024
-0.03728
-0.17602
-0.17284
-0.26691
-0.15506
-0.02638
-0.06085
-0.045970000000000004
-0.08042999999999999
-0.12013
-0.11952
-0.16573000000000002
-0.24803999999999998
-0.14546
-0.10115
-0.09726000000000001
-0.10535
-0.043570000000000005
-0.03626
-0.040220000000000006
-0.0030399999999999997
-0.06881999999999999
-0.08305
-0.11348000000000001
-0.075
-0.00787
-0.01138
-0.04829
0.02351
0.07787
0.03354
0.04292
0.09949999999999999
0.02418
0.00812
-0.02351
0.00494
-0.00312
-0.02657
-0.09579
-0.09173999999999999
0.09124
0.04704
0.08499000000000001
0.07715
0.13322
0.1225
0.16672
0.18858
0.18419
0.14607
0.17676999999999998
0.18315
0.15412
0.12936999999999999
0.16658
0.11856
0.011200000000000002
0.04698
0.01997
0.00267
0.04109
0.045090000000000005
0.05416000000000001
-0.026150000000000003
-0.08282
-0.051109999999999996
-0.048940000000000004
0.00762
-0.06884
-0.05459
-0.10528
-0.00918
0.00932
-0.026699999999999998
-0.08507999999999999
0.03585
0.13599
0.06907
0.04929
-0.04091
0.126
0.08553000000000001
0.13255
-0.08195000000000001
-0.10983000000000001
0.0017299999999999998
0.06578
0.18288000000000001
0.04598
0.025939999999999998
-0.00942
-0.0756
-0.12928
-0.10535
-0.15521000000000001
-0.08369
-0.01691
-0.04063
-0.08356
-0.026070000000000003
-0.01832
-0.07025
-0.13432
-0.19289
-0.025929999999999998
-0.03368
0.01431
-0.10465999999999999
-0.14032999999999998
-0.10003999999999999
-0.09999000000000001
-0.12603
-0.13047
-0.08977
-0.10237
-0.007039999999999999
0.00994
-0.03021
-0.06139
-0.03318
0.0922
0.0644
0.11155
0.06845
-0.00886
0.01532
-0.00871
0.06318
0.08059
0.08015
0.09384
0.13441
0.11247
0.09101000000000001
0.08054
0.09851000000000001
0.13849
0.08327999999999999
0.12833
0.00831
-0.02484
0.00863
0.02302
0.06283
0.012580000000000001
-0.015109999999999998
-0.0042899999999999995
-0.07175
-0.02781
0.02343
0.0453
0.09595000000000001
0.041210000000000004
0.05434
0.04086
0.08069000000000001
0.0942
0.09862
0.11669
0.1167
0.16414
0.18812
0.26549
0.33710999999999997
0.17756
0.162
0.14279
0.21899999999999997
0.20239000000000001
0.15509
0.14526
0.08153
0.10638
0.08266
0.06324
-0.03627
0.01932
0.02096
0.02119
-0.13095
-0.10452
-0.05106
-0.01786
-0.03962
-0.13851000000000002
-0.09695000000000001
-0.11606
-0.13352
-0.14942
-0.10554999999999999
-0.1184
-0.03226
-0.06642
-0.059379999999999995
-0.12821
-0.047729999999999995
0.08109
0.03335
0.00184
-0.08268
0.057
0.04988000000000001
0.06548
-0.05459
-0.01422
0.00955
0.0241
0.00421
-0.06682
-0.06391
-0.09507
-0.13574999999999998
-0.06159
-0.061079999999999995
-0.04796
-0.13927
-0.16762
-0.11199999999999999
-0.10334
0.00094
-0.08359
-0.07611
-0.08698
-0.07789
-0.07673
-0.037290000000000004
-0.06913
0.01875
-0.00989
-0.040170000000000004
-0.10824
-0.03116
0.10795
0.046349999999999995
0.047619999999999996
-0.07357999999999999
-0.005540000000000001
0.00425
0.0005
-0.04755
0.00804
0.020739999999999998
0.0596
0.11037000000000001
0.0834
0.0626
0.11516
0.06808
-0.06793
-0.01818
-0.055869999999999996
0.07654
0.17145
0.14379
0.17713
0.24526
0.17562999999999998
0.13917
0.16352
0.16508
0.13858
0.12999
0.12011
-0.03132
0.08959
0.11245
0.16859000000000002
0.14431
0.08
0.09580999999999999
0.12167
0.13121
0.035910000000000004
0.02136
-0.036989999999999995
-0.14482
-0.05535999999999999
-0.04277
-0.025539999999999997
-0.09756000000000001
-0.09912000000000001
-0.061989999999999996
-0.01474
-0.02351
-0.14839
-0.08984
-0.09378
-0.0746
-0.09239000000000001
-0.05759
-0.08499000000000001
0.02168
0.01075
-0.0236
-0.03783
-0.05779
0.01115
0.01665
0.011040000000000001
-0.08714000000000001
-0.03862
-0.00489
-0.00666
-0.00196
-0.02666
-0.02767
-0.03005
-0.03124
-0.07740999999999999
-0.06469
-0.08712999999999999
-0.08039999999999999
-0.11469
-0.0932
-0.14037
0.00311
0.01958
-0.045599999999999995
-0.0596
-0.049690000000000005
-0.01781
-0.04749
-0.04916
-0.09105
-0.04832
-0.03664
-0.07113
0.01558
0.14178000000000002
0.08151
0.14223
0.13641
0.10805999999999999
0.08114
0.12175000000000001
0.04555
0.04035999999999999
0.06083
0.10579000000000001
0.0862
0.06334
0.07527
0.14829
0.12122999999999999
-0.07107000000000001
-0.03692
-0.06205
-0.06362
-0.11428
-0.07597999999999999
-0.14481
-0.0496
0.046310000000000004
0.00167
-0.00668
-0.023690000000000003
0.03267
0.01496
0.04195
-0.09253
-0.04247
-0.00295
0.03292
0.037040000000000003
-0.033159999999999995
-0.0134
-0.00092
0.09899
-0.0054800000000000005
-0.02856
-0.05848
-0.14756
-0.08951
-0.06352000000000001
-0.07149
-0.1207
-0.11025
-0.06896
-0.06846000000000001
0.00319
-0.07218
-0.07728
-0.12825
-0.05101
-0.02373
-0.05152999999999999
-0.08287000000000001
-0.08432
0.006540000000000001
-0.029759999999999998
-0.02349
-0.11410999999999999
-0.07062
-0.04703
-0.048920000000000005
-0.13014
-0.01481
0.031
0.07372
0.08308
0.02857
0.04801999999999999
0.03634
0.11053
0.14590999999999998
0.11326
0.13254
0.12835000000000002
0.06638
0.07192
0.07755
0.09067
0.0286
0.025830000000000002
0.00127
-0.09287000000000001
-0.041550000000000004
-0.03081
-0.02771
-0.09939999999999999
-0.11338
-0.08206
-0.06518
-0.04919
-0.12356
-0.11289999999999999
-0.14093999999999998
-0.12347
-0.06018
-0.06288
-0.07214999999999999
-0.11546
-0.07497
-0.045720000000000004
-0.05119
-0.11367000000000001
-0.06556000000000001
-0.0059
-0.00128
0.04807
0.0375
0.047380000000000005
0.03254
0.15886
0.14702
0.09747
0.11006
0.12958999999999998
0.07695
0.03911
0.0035399999999999997
-0.0371
0.046020000000000005
0.021349999999999997
0.00489
-0.07968
0.0369
0.03779
0.07687000000000001
-0.02162
-0.05191
-0.00373
0.01711
0.053970000000000004
-0.0034300000000000003
0.00123
-0.01214
-0.03919
-0.01933
0.0021
0.03778
0.04188
-0.0197
-0.00037999999999999997
0.0025700000000000002
0.1121
0.01787
-0.00784
-0.06001
-0.00457
0.049690000000000005
0.01594
-0.00358
-0.02706
0.08279
0.07125
0.11126
0.04152
0.07232999999999999
0.09128
0.12863
0.01272
-0.01027
0.03447
0.06075
0.09247
-0.04275
-0.04593
-0.06377
-0.045380000000000004
-0.08654
-0.10019
-0.11204
-0.17434000000000002
-0.18047000000000002
-0.14340999999999998
-0.17043
-0.17087
-0.17528
-0.14772
-0.17608000000000001
-0.12515
-0.09342
-0.0924
-0.12281
-0.16626000000000002
-0.09872
-0.09106
-0.1048
-0.03195
0.03088
0.00299
0.027280000000000002
0.03422
0.0554
0.03542
0.03579
-0.013540000000000002
0.00014000000000000001
0.01642
-0.00197
0.04026
0.11397
0.09955
0.13425
0.11768
0.03546
0.048799999999999996
0.040229999999999995
0.10164999999999999
0.10707000000000001
0.0824
0.09624
0.08578
0.09057
0.08346
0.11118
0.14221999999999999
0.08396
0.06813
0.05722000000000001
0.15055
0.15938
0.11332
0.11701
0.11571999999999999
0.17192
0.13364
0.18565
0.11474000000000001
0.06668
0.08343
0.12380000000000001
0.11228999999999999
0.027919999999999997
0.03827
0.05606
0.01706
-0.0556
-0.04396
-0.037759999999999995
0.025339999999999998
-0.0106
-0.01566
0.01394
0.07441
0.05033000000000001
0.02529
0.02718
-0.04118
-0.01207
0.00647
0.023620000000000002
-0.05547
-0.0008100000000000001
0.03358
0.06985000000000001
0.04226
0.0012900000000000001
0.01053
0.033889999999999997
-0.0116
-0.10618999999999999
-0.06115
-0.05334
0.07334
0.00559
-0.03913
-0.04396
-0.10439
-0.11073000000000001
-0.09208999999999999
-0.08544
-0.10561999999999999
-0.13596
-0.09605000000000001
-0.12183
-0.08259999999999999
-0.027919999999999997
-0.04194
-0.05151
-0.13122999999999999
-0.08313000000000001
-0.04606
-0.022940000000000002
-0.0013800000000000002
0.00877
0.01887
0.02781
0.03712
0.0072699999999999996
-0.0034899999999999996
0.0033900000000000002
-0.01634
-0.043739999999999994
-0.01047
-0.0073
0.06764
0.00983
-0.00035999999999999997
-0.04617
-0.04797
-0.00252
0.00656
-0.01692
0.02894
0.08302
0.05314
0.023090000000000003
-0.04229
0.05499
0.04099
0.06938
0.09942000000000001
0.03604
0.015880000000000002
0.012809999999999998
0.05106
0.03869
0.00924
0.02505
-0.06697
-0.060270000000000004
-0.044500000000000005
-0.034319999999999996
-0.102
-0.09935000000000001
-0.040940000000000004
-0.03169
0.02147
-0.02458
-0.00464
-0.040979999999999996
0.040519999999999994
0.07886
0.06291000000000001
0.07449
0.12919
0.1761
0.15153
0.17504999999999998
0.16401
0.12747999999999998
0.10401999999999999
0.10378
0.04878999999999999
0.08709
0.10166
0.11544
0.08529999999999999
0.05963
0.042809999999999994
0.03791
-0.03309
-0.07257
-0.05468
-0.055839999999999994
-0.13202999999999998
-0.11664999999999999
-0.06267
-0.06974999999999999
-0.04034
-0.05527
-0.04341999999999999
-0.051609999999999996
0.00484
0.00197
-0.00252
0.00705
0.07226
0.02721
0.00155
-0.03971
-0.08895
-0.01137
-0.02459
-0.03058
-0.08916
-0.02117
-0.00681
0.02181
-0.01447
-0.0701
-0.06221
-0.09974999999999999
-0.15689
-0.10124000000000001
-0.07801
-0.04954
0.00871
-0.0161
-0.014450000000000001
0.01704
0.06164
-0.02231
-0.01746
-0.05235
-0.02222
0.03637
0.029609999999999997
0.0215
0.04682
0.02239
-0.01754
-0.04764
-0.10314999999999999
-0.05755
-0.06333
-0.06155
-0.14358
-0.0889
-0.052199999999999996
-0.03239
0.04106
0.01704
-0.01536
-0.00887
-0.0152
-0.0331
-0.0315
-0.04192
-0.03288
0.01859
0.02328
0.03622
0.11852
0.08534000000000001
0.054139999999999994
0.06393
0.022850000000000002
0.025
0.03597
0.060090000000000005
0.01272
-0.01012
0.00935
0.00878
0.0802
0.04698
0.01621
0.03363
0.06802
0.04058
0.02384
0.03535
0.044539999999999996
-0.002
-0.02092
-0.03676
-0.08041000000000001
-0.05179
-0.030830000000000003
-0.02477
-0.03125
-0.03436
-0.02625
-0.012809999999999998
0.05914
-0.03086
-0.05697
-0.06332
0.01492
0.00636
-0.03429
-0.01524
-0.040330000000000005
-0.08349000000000001
-0.07686
-0.09474
-0.06655
0.03323
0.0034999999999999996
0.029679999999999998
-0.07666
-0.04091
0.00105
0.04188
0.08336
0.01824
0.02597
0.03802
0.0987
0.07623
0.05738000000000001
0.09582
0.04675
-0.00758
0.011930000000000001
0.013500000000000002
-0.02924
-0.09112999999999999
-0.07299
-0.11268
-0.0867
-0.0537
-0.06387
-0.07305
-0.08082
-0.08741
-0.10067999999999999
-0.11911
-0.15713
-0.10801
-0.08091
-0.07063
-0.11903000000000001
-0.06484
-0.0437
-0.038290000000000005
-0.09512999999999999
-0.059000000000000004
-0.01437
0.0197
0.026389999999999997
-0.02864
0.0054600000000000004
-0.0009
0.10502
0.04735
0.02375
-0.014199999999999999
0.041319999999999996
0.06178
0.0268
-0.00887
-0.04594
0.0446
0.02379
0.03627
-0.036989999999999995
-0.03826
-0.01691
-0.01508
0.04412
0.036680000000000004
0.01659
0.04167
0.04117
0.047670000000000004
0.045419999999999995
0.07465
0.02637
-0.013819999999999999
0.01594
0.00922
0.09494999999999999
0.1143
0.08506
0.10531
0.09978
0.03273
0.02025
0.02697
0.02553
-0.01168
-0.01176
-0.01106
-0.03252
-0.02017
-0.01316
0.00381
-0.060270000000000004
-0.07493
-0.03515
-0.04185
-0.057370000000000004
-0.006790000000000001
0.00367
0.00822
-0.03422
0.00023
0.023450000000000002
0.07857
0.10253
-0.01397
0.00555
-0.00808
0.03708
-0.0319
-0.03339
-0.07099
-0.0346
-0.012960000000000001
-0.03113
-0.0622
-0.1251
-0.08175
-0.06538000000000001
-0.07889
-0.12313
-0.05979
-0.02855
-0.005809999999999999
0.02242
-0.036989999999999995
-0.027970000000000002
-0.06005
-0.00645
0.01517
-0.00411
-0.03656
-0.02725
0.07838
0.03997
0.05207
-0.025910000000000002
-0.04854
-0.027610000000000003
-0.04057
-0.050519999999999995
-0.062220000000000004
-0.048780000000000004
-0.07742
-0.06285
-0.04606
-0.03954
-0.061340000000000006
-0.022029999999999998
0.009170000000000001
-0.01056
-0.038650000000000004
-0.021920000000000002
0.051660000000000005
0.03755
0.04671
0.08804000000000001
0.07535
0.04811
0.055990000000000005
0.10465999999999999
0.07543
0.03454
0.01894
-0.03354
0.02244
0.02702
0.05872
0.07443
-0.037149999999999996
-0.045880000000000004
-0.07867
-0.01955
-0.01635
-0.032639999999999995
-0.06248
-0.0557
0.004719999999999999
-0.00808
0.00627
0.09498
0.0719
0.03976
0.06158
0.09293
0.09066
0.06933
0.09481999999999999
0.08119
0.0335
0.03873
0.0364
0.0703
0.09005
0.07447
0.06791
0.01351
0.06289
0.05559
0.06516
0.00024
0.01774
0.04401
0.06965
0.11432
0.029220000000000003
0.0225
0.010589999999999999
0.04013
-0.00217
-0.01831
-0.04784
-0.10217000000000001
-0.02538
-0.01451
0.0070599999999999994
-0.0567
-0.062169999999999996
-0.03611
-0.0345
-0.03968
-0.04196
-0.01133
-0.030019999999999998
0.0165
0.04874
0.02537
0.0124
-0.031200000000000002
0.01678
0.02347
0.03385
0.013859999999999999
0.023250000000000003
0.04692
0.06859
0.10737000000000001
0.0345
0.02725
0.01663
0.02705
0.01598
0.01257
0.0245
-0.01393
-0.040060000000000005
-0.016739999999999998
-0.05777
-0.01661
0.02563
0.00891
-0.01198
0.00269
0.07966000000000001
0.05502
0.06557
0.02259
0.04776
0.04471
0.062119999999999995
0.01897
0.04498
0.06607
0.11021
0.15142
0.06341000000000001
0.059219999999999995
0.052750000000000005
0.06576
0.06527999999999999
0.06475
0.06322
0.06559999999999999
0.06931
0.05225
0.062240000000000004
0.03646
0.015780000000000002
0.017390000000000003
0.03855
0.044219999999999995
-0.01699
-0.02254
-0.0256
-0.0364
-0.01975
-0.01127
-0.01601
0.02392
0.0273
0.0025700000000000002
0.01757
-0.039220000000000005
-0.04502
-0.016319999999999998
0.012929999999999999
-0.03672
-0.08010999999999999
-0.04232
-0.0429
-0.024329999999999997
-0.07024
-0.043949999999999996
-0.04582
0.04354
0.02129
0.00104
-0.035089999999999996
-0.06812
-0.011000000000000001
-0.014190000000000001
-0.03298
-0.01717
0.0499
0.03512
0.04322
-0.03357
-0.03984
-0.022799999999999997
-0.0067800000000000004
-0.06518
-0.09754
-0.05487
-0.06631999999999999
-0.03153
-0.02374
-0.02099
-0.0101
0.03058
-0.025750000000000002
-0.02282
-0.05995
0.00084
0.0326
0.01306
-0.014190000000000001
-0.0103
0.07021
0.058339999999999996
0.06969
0.0291
-0.01008
-0.00888
-0.035019999999999996
-0.03915
-0.00515
-0.00739
-0.01627
-0.03299
-0.0020599999999999998
-0.02008
-0.01863
-0.02766
-0.02818
-0.01217
0.00456
0.04715
0.0278
0.0189
0.00722
-0.0076100000000000004
-0.0297
-0.01806
-0.03991
-0.00851
0.00504
0.00334
-0.018260000000000002
0.009399999999999999
0.01986
-0.00271
-0.02037
-0.01221
0.01008
-0.0064
0.0031
-0.00083
-0.01376
-0.02021
-0.03473
-0.03107
-0.00035999999999999997
-0.01709
-0.026699999999999998
-0.06860000000000001
-0.04612
-0.03713
-0.04301
-0.04046
-0.01268
-0.02497
-0.01525
-0.08111
-0.10917
-0.0741
-0.06509999999999999
-0.0044800000000000005
-0.03429
-0.033319999999999995
-0.04666000000000001
-0.04057
-0.01601
-0.03056
-0.0409
-0.03846
-0.00376
-0.0016
0.00054
0.01997
0.03335
0.00549
-0.00582
-0.06863999999999999
-0.03451
-0.03541
-0.01732
-0.11302
-0.12147000000000001
-0.07857
-0.07788
-0.07998999999999999
-0.10375
-0.08432
-0.09151999999999999
-0.05359
-0.05655
-0.05699
-0.07472000000000001
-0.02857
-0.015229999999999999
-0.04093
-0.055670000000000004
-0.08726
-0.04517
-0.03281
-0.0338
-0.010700000000000001
0.01712
0.011120000000000001
0.018600000000000002
0.03079
0.03703
0.0215
0.03424
0.0325
0.01171
0.01226
0.03473
0.04919
0.014190000000000001
0.021429999999999998
0.01513
0.06257
0.058550000000000005
0.03609
0.03581
0.048339999999999994
0.02759
0.019459999999999998
0.01652
0.05778
0.02067
-0.01165
-0.03672
-0.03621
0.009170000000000001
-0.0046500000000000005
0.02984
0.0556
0.0294
0.014879999999999999
0.03823
0.00219
-0.05608
-0.04118
-0.06202
-0.06530999999999999
-0.0015199999999999999
-0.0035399999999999997
-0.00078
-0.01115
0.00653
0.01655
0.04468
0.07883
0.00598
0.01044
-0.00855
0.03948
0.04086
0.02081
0.010920000000000001
0.030510000000000002
0.052320000000000005
0.03361
0.053399999999999996
0.02048
-0.01924
-0.01947
-0.04298
-0.07125
-0.02157
-0.02033
-0.02204
-0.04311
-0.03339
-0.034089999999999995
-0.02721
-0.061040000000000004
-0.036230000000000005
-0.01833
-0.01109
-0.017390000000000003
-0.027919999999999997
-0.01958
-0.02766
0.01437
0.01008
-0.00248
0.00494
0.00203
-0.00953
-0.01122
-0.009300000000000001
0.00982
0.00023
-0.008199999999999999
-0.005849999999999999
-0.01095
-0.019950000000000002
-0.019110000000000002
-0.02358
-0.042969999999999994
-0.02399
-0.014419999999999999
-0.01536
-0.01172
0.017589999999999998
0.017150000000000002
0.02068
0.017509999999999998
0.02888
0.02757
0.03848
0.02557
0.020710000000000003
0.02371
0.02697
0.0271
0.009300000000000001
0.0102
0.00877
0.00897
0.0011
0.0013900000000000002
-0.0040999999999999995
-0.0049499999999999995
-0.0041199999999999995
-0.00251
-0.006540000000000001
-0.00821
0.006840000000000001
0.00695
0.00749
-0.0010299999999999999
0.0010299999999999999
0.005180000000000001
0.00627
0.009519999999999999
0.010509999999999999
0.010249999999999999
0.009559999999999999
0.00498
0.0046
0.00406
0.0028199999999999996
-0.00191
-0.00127
0.0017100000000000001
0.0017000000000000001
0.0023799999999999997
0.00017
-0.00018999999999999998
-0.0032600000000000003
-0.00272
-0.00034
0.00055
0.00035999999999999997
0.00075
0.00252
0.00212
0.00134
0.0011
0.0010299999999999999
0.00135
0.0013900000000000002
0.0014199999999999998
0.00146
0.0013700000000000001
0.00111
0.00082
0.00063
0.00042
0.0002
0.0
0.0
0.0
0.0
0.0
0.0
0.0
0.0
0.0
0.0
0.0
0.0
0.0
0.0
0.0
0.0
0.0
0.0
0.0
0.0
0.0
0.0
0.0
0.0
0.0
0.0
0.0
0.0
0.0
0.0
0.0
0.0
0.0
0.0
0.0
0.0
0.0
0.0
0.0
0.0
0.0
0.0
0.0
0.0
0.0
0.0
0.0
0.0
0.0
0.0
0.0
0.0
0.0
0.0
0.0
0.0
0.0
0.0
0.0
0.0
0.0
0.0
0.0
0.0
0.0
0.0
0.0
0.0
0.0
0.0
0.0
0.0
0.0
0.0
0.0
0.0
0.0
0.0
0.0
0.0
0.0
0.0
0.0
0.0
0.0
0.0
0.0
0.0
0.0
0.0
0.0
0.0
0.0
0.0
0.0
0.0
0.0
0.0
0.0
0.0
0.0
0.0
0.0
0.0
0.0
0.0
0.0
0.0
0.0
0.0
0.0
0.0
0.0
0.0
0.0
0.0
0.0
0.0
0.0
0.0
0.0
0.0
0.0
0.0
0.0
0.0
0.0
0.0
0.0
0.0
0.0
0.0
0.0
0.0
0.0
0.0
0.0
0.0
0.0
0.0
0.0
0.0
0.0
0.0
0.0
0.0
0.0
0.0
0.0
0.0
0.0
0.0
0.0
0.0
0.0
0.0
0.0
0.0
0.0
0.0
0.0
0.0
0.0
0.0
0.0
0.0
0.0
0.0
0.0
0.0
0.0
0.0
0.0
0.0
0.0
0.0
0.0
0.0
0.0
0.0
0.0
0.0
0.0
0.0
0.0
0.0
0.0
0.0
0.0
0.0
0.0
0.0
0.0
0.0
0.0
0.0
0.0
0.0
0.0
0.0
0.0
0.0
0.0
0.0
0.0
0.0
0.0
0.0
0.0
0.0
0.0
0.0
0.0
0.0
0.0
0.0
0.0
0.0
0.0
0.0
0.0
0.0
0.0
0.0
0.0
0.0
0.0
0.0
0.0
0.0
0.0
0.0
0.0
0.0
0.0
0.0
0.0
0.0
0.0
0.0
0.0
0.0
0.0
0.0
0.0
0.0
0.0
0.0
0.0
0.0
0.0
0.0
0.0
0.0
0.0
0.0
0.0
0.0
0.0
0.0
0.0
0.0
0.0
0.0
0.0
0.0
0.0
0.0
0.0
0.0
0.0
0.0
0.0
0.0
0.0
0.0
0.0
0.0
0.0
0.0
0.0
0.0
0.0
0.0
0.0
0.0
0.0
0.0
0.0
0.0
0.0
0.0
0.0
0.0
0.0
0.0
0.0
0.0
0.0
0.0
0.0
0.0
0.0
0.0
0.0
0.0
0.0
0.0
0.0
0.0
0.0
0.0
0.0
0.0
0.0
0.0
0.0
0.0
0.0
0.0
0.0
0.0
0.0
0.0
0.0
0.0
0.0
0.0
0.0
0.0
0.0
0.0
0.0
0.0
0.0
0.0
0.0
0.0
0.0
0.0
0.0
0.0
0.0
0.0
0.0
0.0
0.0
0.0
0.0
0.0
0.0
0.0
0.0
0.0
0.0
0.0
0.0
0.0
0.0
0.0
0.0
0.0
0.0
0.0
0.0
0.0
0.0
0.0
0.0
0.0
0.0
0.0
0.0
0.0
0.0
0.0
0.0
0.0
0.0
0.0
0.0
0.0
0.0
0.0
0.0
0.0
0.0
0.0
0.0
0.0
0.0
0.0
0.0
0.0
0.0
0.0
0.0
0.0
0.0
0.0
0.0
0.0
0.0
0.0
0.0
0.0
0.0
0.0
0.0
0.0
0.0
0.0
0.0
0.0
0.0
0.0
0.0
0.0
0.0
0.0
0.0
0.0
0.0
0.0
0.0
0.0
0.0
0.0
0.0
0.0
0.0
0.0
0.0
0.0
0.0
0.0
0.0
0.0
0.0
0.0
0.0
0.0
0.0
0.0
0.0
0.0
0.0
0.0
0.0
0.0
0.0
0.0
0.0
0.0
0.0
0.0
0.0
0.0
0.0
0.0
0.0
0.0
0.0
0.0
0.0
0.0
0.0
0.0
0.0
0.0
0.0
0.0
0.0
0.0
0.0
0.0
0.0
0.0
0.0
0.0
0.0
0.0
0.0
0.0
0.0
0.0
0.0
0.0
0.0
0.0
0.0
0.0
0.0
0.0
0.0
0.0
0.0
0.0
0.0
0.0
0.0
0.0
0.0
0.0
0.0
0.0
0.0
0.0
0.0
0.0
0.0
0.0
0.0
0.0
0.0
0.0
0.0
0.0
0.0
0.0
0.0
0.0
0.0
0.0
0.0
0.0
0.0
0.0
0.0
0.0
0.0
0.0
0.0
0.0
0.0
0.0
0.0
0.0
0.0
0.0
0.0
0.0
0.0
0.0
0.0
0.0
0.0
0.0
0.0
0.0
0.0
0.0
0.0
0.0
0.0
0.0
0.0
0.0
0.0
0.0
0.0
0.0
0.0
0.0
0.0
0.0
0.0
0.0
0.0
0.0
0.0
0.0
0.0
0.0
0.0
0.0
0.0
0.0
0.0
0.0
0.0
0.0
0.0
0.0
0.0
0.0
0.0
0.0
0.0
0.0
0.0
0.0
0.0
0.0
0.0
0.0
0.0
0.0
0.0
0.0
0.0
0.0
0.0
0.0
0.0
0.0
0.0
0.0
0.0
0.0
0.0
0.0
0.0
0.0
0.0
0.0
0.0
0.0
0.0
0.0
0.0
0.0
0.0
0.0
0.0
0.0
0.0
0.0
0.0
0.0
0.0
0.0
0.0
0.0
0.0
0.0
0.0
0.0
0.0
0.0
0.0
0.0
0.0
0.0
0.0
0.0
0.0
0.0
0.0
0.0
0.0
0.0
0.0
0.0
0.0
0.0
0.0
0.0
0.0
0.0
0.0
0.0
0.0
0.0
0.0
0.0
0.0
0.0
0.0
0.0
0.0
0.0
0.0
0.0
0.0
0.0
0.0
0.0
0.0
0.0
0.0
0.0
0.0
0.0
0.0
0.0
0.0
0.0
0.0
0.0
0.0
0.0
0.0
0.0
0.0
0.0
0.0
0.0
0.0
0.0
0.0
0.0
0.0
0.0
0.0
0.0
0.0
0.0
0.0
0.0
0.0
0.0
0.0
0.0
0.0
0.0
0.0
0.0
0.0
0.0
0.0
0.0
0.0
0.0
0.0
0.0
0.0
0.0
0.0
0.0
0.0
0.0
0.0
0.0
0.0
0.0
0.0
0.0
0.0
0.0
0.0
0.0
0.0
0.0
0.0
0.0
0.0
0.0
0.0
0.0
0.0
0.0
0.0
0.0
0.0
0.0
0.0
0.0
0.0
0.0
0.0
0.0
0.0
0.0
0.0
0.0
0.0
0.0
0.0
0.0
0.0
0.0
0.0
0.0
0.0
0.0
0.0
0.0
0.0
0.0
0.0
0.0
0.0
0.0
0.0
0.0
0.0
0.0
0.0
0.0
0.0
0.0
0.0
0.0
0.0
0.0
0.0
0.0
0.0
0.0
0.0
0.0
0.0
0.0
0.0
0.0
0.0
0.0
0.0
0.0
0.0
0.0
0.0
0.0
0.0
0.0
0.0
0.0
0.0
0.0
0.0
0.0
0.0
0.0
0.0
0.0
0.0
0.0
0.0
0.0
0.0
0.0
0.0
0.0
0.0
0.0
0.0
0.0
0.0
0.0
0.0
0.0
0.0
0.0
0.0
0.0
0.0
0.0
0.0
0.0
0.0
0.0
0.0
0.0
0.0
0.0
0.0
0.0
0.0
0.0
0.0
0.0
0.0
0.0
0.0
0.0
0.0
0.0
0.0
0.0
0.0
0.0
0.0
0.0
0.0
0.0
0.0
0.0
0.0
0.0
0.0
0.0
0.0
0.0
0.0
0.0
0.0
0.0
0.0
0.0
0.0
0.0
0.0
0.0
0.0
0.0
0.0
0.0
0.0
0.0
0.0
0.0
0.0
0.0
0.0
0.0
0.0
0.0
0.0
0.0
0.0
0.0
0.0
0.0
0.0
0.0
0.0
0.0
0.0
0.0
0.0
0.0
0.0
0.0
0.0
0.0
0.0
0.0
0.0
0.0
0.0
0.0
0.0
0.0
0.0
0.0
0.0
0.0
0.0
0.0
0.0
0.0
0.0
0.0
0.0
0.0
0.0
0.0
0.0
0.0
0.0
0.0
0.0
0.0
0.0
0.0
0.0
0.0
0.0
0.0
0.0
0.0
0.0
0.0
0.0
0.0
0.0
0.0
0.0
0.0
0.0
0.0
0.0
0.0
0.0
0.0
0.0
0.0
0.0
0.0
0.0
0.0
0.0
0.0
0.0
0.0
0.0
0.0
0.0
0.0
0.0
0.0
0.0
0.0
0.0
0.0
0.0
0.0
0.0
0.0
0.0
0.0
0.0
0.0
0.0
0.0
0.0
0.0
0.0
0.0
0.0
0.0
0.0
0.0
0.0
0.0
0.0
0.0
0.0
0.0
0.0
0.0
0.0
0.0
0.0
0.0
0.0
0.0
0.0
0.0
0.0
0.0
0.0
0.0
0.0
0.0
0.0
0.0
0.0
0.0
0.0
0.0
0.0
0.0
0.0
0.0
0.0
0.0
0.0
0.0
0.0
0.0
0.0
0.0
0.0
0.0
0.0
0.0
0.0
0.0
0.0
0.0
0.0
0.0
0.0
0.0
0.0
0.0
0.0
0.0
0.0
0.0
0.0
0.0
0.0
0.0
0.0
0.0
0.0
0.0
0.0
0.0
0.0
0.0
0.0
0.0
0.0
0.0
0.0
0.0
0.0
0.0
0.0
0.0
0.0
0.0
0.0
0.0
0.0
0.0
0.0
0.0
0.0
0.0
0.0
0.0
0.0
0.0
0.0
0.0
0.0
0.0
0.0
0.0
0.0
0.0
0.0
0.0
0.0
0.0
0.0
0.0
0.0
0.0
0.0
0.0
0.0
0.0
0.0
0.0
0.0
0.0
0.0
0.0
0.0
0.0
0.0
0.0
0.0
0.0
0.0
0.0
0.0
0.0
0.0
0.0
0.0
0.0
0.0
0.0
0.0
0.0
0.0
0.0
0.0
0.0
0.0
0.0
0.0
0.0
0.0
0.0
0.0
0.0
0.0
0.0
0.0
0.0
0.0
0.0
0.0
0.0
0.0
0.0
0.0
0.0
0.0
0.0
0.0
0.0
0.0
0.0
0.0
0.0
0.0
0.0
0.0
0.0
0.0
0.0
0.0
0.0
0.0
0.0
0.0
0.0
0.0
0.0
0.0
0.0
0.0
0.0
0.0
0.0
0.0
0.0
0.0
0.0
0.0
0.0
0.0
0.0
0.0
0.0
0.0
0.0
0.0
0.0
0.0
0.0
0.0
0.0
0.0
0.0
0.0
0.0
0.0
0.0
0.0
0.0
0.0
0.0
0.0
0.0
0.0
0.0
0.0
0.0
0.0
0.0
0.0
0.0
0.0
0.0
0.0
0.0
0.0
0.0
0.0
0.0
0.0
0.0
0.0
0.0
0.0
0.0
0.0
0.0
0.0
0.0
0.0
0.0
0.0
0.0
0.0
0.0
0.0
0.0
0.0
0.0
0.0
0.0
0.0
0.0
0.0
0.0
0.0
0.0
0.0
0.0
0.0
0.0
0.0
0.0
0.0
0.0
0.0
0.0
0.0
0.0
0.0
0.0
0.0
0.0
0.0
0.0
0.0
0.0
0.0
0.0
0.0
0.0
0.0
0.0
0.0
0.0
0.0
0.0
0.0
0.0
0.0
0.0
0.0
0.0
0.0
0.0
0.0
0.0
0.0
0.0
0.0
0.0
0.0
0.0
0.0
0.0
0.0
0.0
0.0
0.0
0.0
0.0
0.0
0.0
0.0
0.0
0.0
0.0
0.0
0.0
0.0
0.0
0.0
0.0
0.0
0.0
0.0
0.0
0.0
0.0
0.0
0.0
0.0
0.0
0.0
0.0
0.0
0.0
0.0
0.0
0.0
0.0
0.0
0.0
0.0
0.0
0.0
0.0
0.0
0.0
0.0
0.0
0.0
0.0
0.0
0.0
0.0
0.0
0.0
0.0
0.0
0.0
0.0
0.0
0.0
0.0
0.0
0.0
0.0
0.0
0.0
0.0
0.0
0.0
0.0
0.0
0.0
0.0
0.0
0.0
0.0
0.0
0.0
0.0
0.0
0.0
0.0
0.0
0.0
0.0
0.0
0.0
0.0
0.0
0.0
0.0
0.0
0.0
0.0
0.0
0.0
0.0
0.0
0.0
0.0
0.0
0.0
0.0
0.0
0.0
0.0
0.0
0.0
0.0
0.0
0.0
0.0
0.0
0.0
0.0
0.0
0.0
0.0
0.0
0.0
0.0
0.0
0.0
0.0
0.0
0.0
0.0
0.0
0.0
0.0
0.0
0.0
0.0
0.0
0.0
0.0
0.0
0.0
0.0
0.0
0.0
0.0
0.0
0.0
0.0
0.0
0.0
0.0
0.0
0.0
0.0
0.0
0.0
0.0
0.0
0.0
0.0
0.0
0.0
0.0
0.0
0.0
0.0
0.0
0.0
0.0
0.0
0.0
0.0
0.0
0.0
0.0
0.0
0.0
0.0
0.0
0.0
0.0
0.0
0.0
0.0
0.0
0.0
0.0
0.0
0.0
0.0
0.0
0.0
0.0
0.0
0.0
0.0
0.0
0.0
0.0
0.0
0.0
0.0
0.0
0.0
0.0
0.0
0.0
0.0
0.0
0.0
0.0
0.0
0.0
0.0
0.0
0.0
0.0
0.0
0.0
0.0
0.0
0.0
0.0
0.0
0.0
0.0
0.0
0.0
0.0
0.0
0.0
0.0
0.0
0.0
0.0
0.0
0.0
0.0
0.0
0.0
0.0
0.0
0.0
0.0
0.0
0.0
0.0
0.0
0.0
0.0
0.0
0.0
0.0
0.0
0.0
0.0
0.0
0.0
0.0
0.0
0.0
0.0
0.0
0.0
0.0
0.0
0.0
0.0
0.0
0.0
0.0
0.0
0.0
0.0
0.0
0.0
0.0
0.0
0.0
0.0
0.0
0.0
0.0
0.0
0.0
0.0
0.0
0.0
0.0
0.0
0.0
0.0
0.0
0.0
0.0
0.0
0.0
0.0
0.0
0.0
0.0
0.0
0.0
0.0
0.0
0.0
0.0
0.0
0.0
0.0
0.0
0.0
0.0
0.0
0.0
0.0
0.0
0.0
0.0
0.0
0.0
0.0
0.0
0.0
0.0
0.0
0.0
0.0
0.0
0.0
0.0
0.0
0.0
0.0
0.0
0.0
0.0
0.0
0.0
0.0
0.0
0.0
0.0
0.0
0.0
0.0
0.0
0.0
0.0
0.0
0.0
0.0
0.0
0.0
0.0
0.0
0.0
0.0
0.0
0.0
0.0
0.0
0.0
0.0
0.0
0.0
0.0
0.0
0.0
0.0
0.0
0.0
0.0
0.0
0.0
0.0
0.0
0.0
0.0
0.0
0.0
0.0
0.0
0.0
0.0
0.0
0.0
0.0
0.0
0.0
0.0
0.0
0.0
0.0
0.0
0.0
0.0
0.0
0.0
0.0
0.0
0.0
0.0
0.0
0.0
0.0
0.0
0.0
0.0
0.0
0.0
0.0
0.0
0.0
0.0
0.0
0.0
0.0
0.0
0.0
0.0
0.0
0.0
0.0
0.0
0.0
0.0
0.0
0.0
0.0
0.0
0.0
0.0
0.0
0.0
0.0
0.0
0.0
0.0
0.0
0.0
0.0
0.0
0.0
0.0
0.0
0.0
0.0
0.0
0.0
0.0
0.0
0.0
0.0
0.0
0.0
0.0
0.0
0.0
0.0
0.0
0.0
0.0
0.0
0.0
0.0
0.0
0.0
0.0
0.0
0.0
0.0
0.0
0.0
0.0
0.0
0.0
0.0
0.0
0.0
0.0
0.0
0.0
0.0
0.0
0.0
0.0
0.0
0.0
0.0
0.0
