-0.0
-0.0001
-0.0001
-0.00013
-0.0001
-0.0001
-0.00021999999999999998
-0.0001
-0.0001
-0.00037
-0.0001
-0.0001
-0.00058
-0.00010999999999999999
-0.00010999999999999999
-0.0008500000000000001
-0.00010999999999999999
-0.00010999999999999999
-0.0011899999999999999
-0.00014000000000000001
-0.00013
-0.00158
-0.00035999999999999997
-0.00026
-0.0011200000000000001
-0.00033
-0.00041
-0.00232
-0.00045
-0.00021
-0.00153
-0.00054
-0.0007000000000000001
-0.00164
-0.00035999999999999997
-0.0007099999999999999
-0.00211
-0.00049
-0.00083
-0.00189
-0.0005099999999999999
-0.0010199999999999999
-0.00252
-0.0006
-0.00122
-0.0034200000000000003
-0.00086
-0.00166
-0.00414
-0.0011899999999999999
-0.0022400000000000002
-0.006959999999999999
-0.0017299999999999998
-0.003
-0.00986
-0.0064
-0.00586
-0.00897
-0.01075
-0.010700000000000001
-0.00528
-0.012549999999999999
-0.009000000000000001
-0.0034599999999999995
-0.00753
-0.00611
-0.009399999999999999
-0.01179
-0.00823
-0.00649
-0.00914
-0.00722
-0.00542
-0.01103
-0.0091
-0.005410000000000001
-0.01195
-0.01787
-0.01134
-0.02099
-0.02043
-0.00748
-0.01541
-0.00522
0.00124
0.00529
0.02465
0.013500000000000002
0.01376
0.01873
0.00908
0.01311
0.028229999999999998
0.01118
0.012470000000000002
0.03011
0.02138
0.02025
0.03204
0.025259999999999998
0.01443
0.0060999999999999995
0.00297
-0.00010999999999999999
-0.00688
-0.02313
-0.03771
-0.036070000000000005
-0.033690000000000005
-0.02007
-0.02799
-0.039689999999999996
-0.03516
-0.04066
-0.0436
-0.02559
-0.03204
-0.027759999999999996
-0.018680000000000002
0.00017
0.01016
-0.02559
-0.04283000000000001
-0.01065
0.00101
0.028679999999999997
-0.0009299999999999999
-0.00154
-0.01695
-0.013540000000000002
-0.013260000000000001
-0.013580000000000002
-0.01963
-0.04299
-0.01325
-0.0104
-0.01988
-0.03525
-0.02113
-0.02946
-0.0345
-0.03463
-0.03361
-0.01927
-0.04644
-0.052199999999999996
0.00135
4e-05
-0.025779999999999997
-0.0366
0.01806
0.03765
0.02479
-0.0326
0.03788
0.06405999999999999
0.07109
0.02942
0.0337
0.04026
0.0587
0.08666
0.04599
0.03261
0.06548
0.05376
0.02004
0.0076
-0.00857
0.03242
-0.00027
-0.010860000000000002
-0.040119999999999996
-0.08163000000000001
-0.039369999999999995
-0.005
0.00838
0.07929
0.07311
0.04716
0.0726
0.10955
0.08033
0.07309
0.09423
0.05775
0.07918
0.09101000000000001
0.07682
0.05423
0.11623
0.08989000000000001
0.10829000000000001
0.0692
0.06347
0.07127
0.06604
0.03017
0.025070000000000002
0.04101
0.061
0.047889999999999995
-0.033889999999999997
-0.0018599999999999999
-0.07017000000000001
-0.024169999999999997
0.032639999999999995
-0.00234
-0.01026
-0.05801
-0.010069999999999999
-0.00086
0.00735
-0.03311
-0.0037099999999999998
0.00557
0.06631999999999999
0.06585
-0.01732
-0.00178
-0.012159999999999999
0.05985
0.07096
0.0605
0.03431
0.13849999999999998
0.17085
0.11384
0.12057999999999999
0.11669
0.03702
0.01618
0.00379
-0.08237
-0.021560000000000003
-0.022189999999999998
-0.01168
-0.017849999999999998
-0.00915
-0.00815
0.02444
-0.014159999999999999
-0.00822
0.0103
0.09513999999999999
0.12930999999999998
0.0677
0.06258
0.09959
0.17213
0.11294
0.11609
0.16843
0.02255
0.01536
0.09401
0.13875
0.12446
0.04279
0.10316
0.16608
0.20815
0.09038
0.0895
0.07571
0.059000000000000004
0.09407
0.11529
0.21597999999999998
0.18422
0.01547
0.05122
0.09191
-0.01042
-0.22949999999999998
-0.11295
-0.18073
-0.0268
0.045860000000000005
0.01203
-0.06782
-0.10256
0.03658
0.08872
0.08731
0.1456
0.17021
0.12682000000000002
0.14795999999999998
0.02789
0.0321
0.07975
0.05501
0.21344000000000002
0.25671
0.17001000000000002
0.14215999999999998
-0.00333
0.055069999999999994
0.11623
0.2028
0.19311
0.13303
0.11062
0.14873
0.04019999999999999
-0.033769999999999994
0.04139
0.0779
0.0308
0.01077
0.04183
0.09269999999999999
-0.10629
-0.10949
-0.00975
0.07273
0.15177
-0.03915
0.031349999999999996
0.03889
-0.07619
-0.15656
-0.06194
-0.02022
0.11005000000000001
-0.05712
-0.10397
-0.08275
-0.11152
-0.30722
-0.23324999999999999
-0.34164
-0.37124
-0.30558
-0.25189
-0.32975
-0.38021
-0.2003
-0.14009
-0.17864000000000002
-0.06597
-0.12268000000000001
-0.10525999999999999
-0.23122
-0.08433
0.12927
0.07472000000000001
0.20041
-0.14047
-0.23292000000000002
-0.06966
-0.13152
0.0106
0.07769
0.11746000000000001
0.16017
0.42646
0.23931000000000002
0.08641
0.08446
-0.1405
-0.10407999999999999
-0.01394
0.06389
0.13607
-0.28411000000000003
-0.19817
-0.3346
0.03971
0.09158
-0.01205
-0.05848
-0.08703
0.12795
0.058070000000000004
0.16454000000000002
0.30328
-0.060110000000000004
-0.01149
0.03068
0.0288
-0.2167
-0.29857
-0.43646999999999997
-0.3948
-0.10024
-0.08500999999999999
-0.05066
-0.24569
-0.49533
-0.35712000000000005
-0.4667
-0.08224000000000001
0.10628
0.00985
0.12719
0.20861999999999997
-0.03191
-0.11045999999999999
-0.21756
-0.32915
-0.05801
0.022109999999999998
0.10765000000000001
-0.05857999999999999
-0.23666
-0.26156
-0.25139
-0.29742999999999997
-0.30295
-0.18687
-0.3104
0.07733
0.18345
0.08744999999999999
0.15726
-0.054130000000000005
-0.00332
0.09183
0.23638
0.37815
0.04324
0.02762
-0.07778
-0.03912
0.17453
0.07467
0.25207
0.04947
-0.12044
0.024940000000000004
0.27209
0.37673
-0.16577000000000003
0.00594
0.056870000000000004
0.31978
-0.1033
-0.0747
-0.22779
-0.22783
0.12468
0.058929999999999996
0.14549
0.07216
-0.33912
-0.1322
-0.24653
0.06405999999999999
-0.00079
-0.10189
-0.06554
-0.48792
-0.40747999999999995
-0.16463
-0.2407
0.21326
0.03802
-0.04301
-0.22820000000000001
-0.28026
-0.00855
0.02157
0.16885000000000003
0.31931
-0.15892
-0.17337
-0.28378
-0.17948
-0.1864
-0.08573
-0.3063
0.1451
0.23179
0.07531
-0.08404
-0.26587
0.25038
0.20986000000000002
0.25428
0.65155
0.46098
0.30530999999999997
0.26367
-0.056369999999999996
-0.11303
-0.13051000000000001
-0.07011
-0.61348
-0.6144
-0.38523
-0.59793
-0.8094899999999999
-0.60037
-0.30822
-0.25353000000000003
0.38272
-0.08654999999999999
-0.20608
-0.47035
-0.1484
0.16198
-0.01269
-0.02505
-0.42481
-0.3502
-0.23562999999999998
-0.51185
-0.5629500000000001
-0.22648
-0.26352
-0.2119
0.01936
-0.03644
-0.09068
-0.24771
0.33545
0.24300999999999998
0.09983
-0.10379
-0.041550000000000004
0.5058400000000001
0.26333
0.28824
-0.15331
0.03778
0.02841
0.09734
-0.00297
-0.16382000000000002
-0.12481999999999999
-0.17428000000000002
-0.37793
-0.57663
-0.41655000000000003
-0.51569
-0.49119
-0.041120000000000004
-0.06855
-0.17946
-0.16082999999999997
0.01771
0.03505
0.21045000000000003
0.05133
-0.25933
-0.20559000000000002
-0.30677
0.04412
0.08274
0.054169999999999996
0.10525999999999999
0.6631199999999999
0.11744
-0.07328
-0.49113999999999997
-0.31148
0.33033
-0.0207
-0.0066
-0.3747
0.02935
-0.050519999999999995
0.26143
0.17758
-0.41455
-0.27341
-0.33164
-0.23184000000000002
0.009250000000000001
0.031560000000000005
0.3335
0.67559
0.0072299999999999994
-0.045810000000000003
0.0021
0.13047
0.06827
-0.04545
0.00943
-0.22683
-0.19879000000000002
-0.06394
0.30914
0.63256
-0.09072
-0.02803
-0.06969
0.18718
0.016659999999999998
0.05465
0.07022
0.81829
0.63193
0.35239
0.35521
0.21853999999999998
0.28175
0.21694
0.60382
0.37203
-0.37906999999999996
-0.32067
-0.38833
-0.7088800000000001
-0.89324
-0.61022
-0.91498
-0.84043
-0.16588
-0.10598
-0.00962
0.12848
-0.03616
-0.06838
0.11529
-0.23751999999999998
-0.36814
-0.21512
-0.25608000000000003
-0.53642
-0.71276
-0.52776
-0.8506
-1.2851599999999999
-0.6666599999999999
-0.43341
-0.22019
0.59229
-0.30696
-0.37646
-0.45891
0.12029
0.23954999999999999
0.0005899999999999999
-0.14296
-1.3425
-0.536
0.025160000000000002
0.13788
0.6429
0.26686
0.19541
0.31498000000000004
0.6665000000000001
0.18953
0.15073
0.22099
0.58377
0.40573
0.30301
0.33163
-0.6738299999999999
-0.56622
-0.08829000000000001
-0.15588
0.00094
-0.27189
-0.0953
-0.04085
0.5569
-0.01758
-0.25495999999999996
-0.63458
-0.9428
-0.85844
-0.52463
-0.9314199999999999
-1.3003399999999998
-0.29112
-0.13363
0.05072
0.44256
0.5116499999999999
0.58106
0.54321
1.18577
1.09755
0.94545
1.25526
1.55161
0.05344
0.0116
-0.17781
0.09712
-0.14333
-0.17007000000000003
-0.16906
-0.27957
-0.76632
-0.44893
-0.88874
-0.27055
0.08938
-0.12292
-0.24819
0.71481
0.67601
0.2121
0.46973
0.62201
-0.57205
-0.5505599999999999
-1.20092
-1.37428
-0.43392000000000003
-0.48066000000000003
-0.72131
-0.8011
-0.7394
-0.73989
-1.0626
-0.71488
-0.45909
-0.6313300000000001
-0.85551
-1.04926
0.13857
0.03999
0.28425
-0.80034
-0.7569499999999999
-0.19405
-0.19075
0.95902
0.36548
-0.03695
-0.1225
0.13013
-0.55048
-0.48323
-0.7617100000000001
-0.25932
-0.14962
-0.20983000000000002
-0.39222
0.53596
0.27447
-0.24422
-0.40756
-0.43494
-0.23786000000000002
-0.36145000000000005
-0.7677200000000001
-0.87957
-0.38033
-0.38223999999999997
-0.8339300000000001
-0.19103
0.7363500000000001
0.27096
0.41155
0.053200000000000004
0.31553000000000003
0.29986999999999997
0.3881
0.8133400000000001
0.46104999999999996
0.21152
0.13510999999999998
-1.07832
-0.88295
-0.44604
-0.45685000000000003
0.28296
-0.02867
-0.25571
-0.27187
0.8037000000000001
0.62987
0.26417
0.24772
-0.9046299999999999
-0.37692
-0.08154
-0.12533
0.58797
0.43719
0.33811
0.32372999999999996
1.22582
0.93491
0.57433
0.66634
0.54111
0.6089800000000001
0.38473999999999997
0.64015
0.23507
-0.6522199999999999
-0.4397
-0.70092
-0.7539
-0.4081
-0.31407
-0.5049
-0.1566
-0.01798
-0.35084000000000004
-0.28143999999999997
-0.60098
-0.80586
-0.45045
-1.06423
-0.78302
-0.19792
-0.45539
-0.50474
-0.33393999999999996
0.35950000000000004
0.05252
-0.042249999999999996
-0.58924
-0.32321
-0.28071
-0.51173
-0.69735
0.12517
0.07312
0.46336
-0.16716
-0.9535899999999999
-0.61712
-1.03732
-0.9177299999999999
0.00017999999999999998
-0.04423
-0.07955
0.8225100000000001
0.4901
0.12103
0.07796
-0.01949
0.86024
0.66818
1.0810899999999999
0.39509
-0.33941000000000004
-0.05009
-0.18157
0.57199
0.8617900000000001
0.6205700000000001
0.9595
0.98572
0.5029399999999999
0.37514000000000003
0.3898
-0.01709
-0.22105
-0.0696
-0.09063
-0.9219499999999999
-0.8743899999999999
-0.5338499999999999
-0.9897499999999999
-0.00852
0.35387
-0.11163000000000001
-0.10152
-0.9433
-0.9588500000000001
-0.68714
-1.2118
-1.44082
-0.48402
-0.45701
-0.3764
-0.47228000000000003
0.14096
-0.01153
0.00449
-0.2198
0.040350000000000004
0.15787
0.20388
-0.76969
-0.49337000000000003
-0.18731
-0.05728
0.58205
-0.27102
-0.36351
-0.7175499999999999
-0.45165
0.07801
-0.13014
-0.31178
-0.6442
-0.17152
0.0023699999999999997
0.05441
0.07734
0.75969
0.4261
0.75589
0.94545
0.12469
-0.008369999999999999
0.0005899999999999999
-1.02314
-0.9585899999999999
-0.53888
-0.64113
-1.30982
-1.15846
-0.69667
-0.8443
0.04761
0.41176999999999997
0.14434
0.42195
0.42673
0.13507999999999998
0.19249
0.34709
-0.16627
-0.05226
0.21754
0.45028
0.276
-0.60808
-0.44813000000000003
-0.96794
0.2024
0.54887
0.15799
0.22478
-0.7620600000000001
-0.92635
-0.40542
-0.7831
-0.28634
0.23143
0.0285
-0.25882
0.32651
0.40371
-0.08733
-0.3145
-0.56614
0.32101
0.19251000000000001
0.24994
-0.66646
-0.33640000000000003
-0.07957
-0.02514
0.7372
0.49882
0.39770000000000005
0.36715000000000003
0.45308
0.35973999999999995
0.14794000000000002
0.37748
0.50563
0.03595
0.06952
-0.08309
-0.6505500000000001
-0.97843
-0.9943899999999999
-1.3518000000000001
-0.85762
0.28314
-0.03667
0.31859000000000004
-0.56959
-0.7707200000000001
-0.35646
-0.34969
-0.20937
-0.40673000000000004
-0.20796
-0.58914
0.30194
0.53425
0.00567
0.19093
-0.38709000000000005
-0.42076
-0.24824000000000002
-0.56461
-0.9112600000000001
-0.57921
-0.58916
-0.69075
-0.60051
0.02247
-0.1524
-0.14332
0.48455
0.47995
0.25294
0.37126
0.97801
0.6148899999999999
0.35904
0.04249
-0.23953
0.19510000000000002
-0.00746
-0.12246
0.59473
1.14174
0.46936999999999995
0.80875
-0.5602
-0.79306
-0.36871000000000004
-0.24951
-0.33640000000000003
0.15694
0.08567
0.57189
0.38761
0.06910999999999999
0.19874
0.32602
0.27399
0.03318
0.28569
0.8786400000000001
0.75262
-0.24722999999999998
-0.045739999999999996
0.19598
1.02972
0.26393
0.09425
0.17686
-0.27468
-0.57778
-0.37314
-0.22999
-0.53864
-0.9868899999999999
-0.60622
-0.84824
-0.53002
0.11989000000000001
0.04054
-0.051399999999999994
0.48856
0.21356999999999998
0.09327
-0.00295
-1.04241
-0.20299
0.00376
-0.08753
-0.80194
-0.31622
0.0397
0.07742
0.80545
0.46811
0.14585
0.20273
-0.90295
-0.41115
0.07905999999999999
0.46984000000000004
0.40968000000000004
0.04439
0.39554
0.42442
0.6555200000000001
-0.27716999999999997
-0.20367000000000002
-0.5993999999999999
0.07793
0.9323
0.39883
0.67617
-0.33692
-1.08303
-0.58097
-1.02715
-0.63778
-0.25455
-0.36933
-0.43646
-0.9164100000000001
-0.51211
-0.56808
-0.56378
-0.77183
-0.39765
-0.10049
-0.16892
-0.44616999999999996
-0.44095999999999996
-0.44256999999999996
-0.3533
-1.06612
-0.60519
-0.27248
-0.02704
-0.29769
-1.12476
-0.62368
-1.30571
-0.40486
0.42008
0.06459
-0.1507
-0.63198
0.31153
0.08885
0.40090000000000003
0.48359
-0.21757
-0.048369999999999996
-0.33804
-1.07304
-0.94523
-0.6945399999999999
-1.16678
-0.9841
0.051289999999999995
-0.08148
-0.25399
0.20332999999999998
0.19285
0.006500000000000001
0.00039
-0.40958
-0.00893
0.07547
0.15717
0.09925
0.15065
0.14746
-0.08993000000000001
0.62356
0.7298
0.56462
0.5642
1.3766399999999999
1.36629
0.76873
1.2394
0.70836
-0.06226
0.02183
-0.05295
0.21938
-0.14582
-0.15309
-0.45598
-0.5423
-0.22925
-0.4628
-0.12058999999999999
-0.39205
-0.5808800000000001
-0.30278
-0.59445
-0.02194
0.41708
0.17325
0.53362
0.21297
0.04933
0.26672
0.6121500000000001
0.68387
-0.013080000000000001
0.02783
-0.29164999999999996
-0.1241
0.36148
0.29887
0.54235
0.42866
-0.44426000000000004
-0.60644
-0.6697700000000001
-1.18917
-0.69314
-0.25448
-0.32746000000000003
0.22918
-0.01544
-0.12141
-0.58103
-0.6540900000000001
0.7385200000000001
0.36829
0.86117
0.1433
-0.36712000000000006
-0.16529
0.04231
-0.17948
-0.55426
-0.23800000000000002
-0.24998
-0.7111700000000001
-0.43268
-0.29276
-0.26077
0.052300000000000006
-0.09659000000000001
-0.06935
0.29769
0.55742
-0.5530700000000001
-0.46946
-0.92836
-0.45728
0.51815
0.25582
0.55516
0.55011
0.37816000000000005
0.24288
0.14375
0.45774000000000004
0.53454
0.45887
0.8357399999999999
-0.52355
-0.7483299999999999
-0.46915
-0.5966
-1.11753
-0.61197
-0.0933
0.26614
0.33569000000000004
-0.29297999999999996
-0.17168
-0.37142000000000003
-1.21702
-1.19934
-0.69388
-0.7456900000000001
-0.74897
-0.57374
-0.48439
-0.85458
-0.56594
-0.68324
-0.42386
-0.43877000000000005
0.1948
0.10432000000000001
-0.19097999999999998
-0.20186
-0.69985
-1.1433
-0.84268
-1.44859
-1.10463
0.00166
-0.0904
-0.042069999999999996
0.52622
0.061989999999999996
-0.05808
-0.14322
0.55244
0.63367
0.33909
0.09212999999999999
0.7830400000000001
0.59629
0.25394
-0.16143999999999997
0.38338
0.95711
0.29717
0.30782
-0.73544
-0.1725
-0.07998999999999999
0.27722
-0.06096
-0.38498
-0.28519
-0.46085
-1.1227
-1.0292700000000001
-0.77914
-0.93053
-1.15988
-0.6347999999999999
-0.52807
-0.61519
-0.6994199999999999
-0.63154
-0.49329
-0.6012
0.06527
0.47822000000000003
0.16687000000000002
0.26837
-0.43966
-0.23344
-0.04356
0.19587
0.0632
-0.12417
0.08453
0.05843
0.9259999999999999
0.68128
0.15939
0.07195
-0.7719
-0.33258000000000004
-0.22496
-0.14016
-0.61612
-0.94521
-0.53616
-0.76511
0.29564
0.46163
0.0124
0.04353
0.50774
0.90931
0.511
0.7827
0.9183
0.80676
0.6372599999999999
0.99911
-0.1462
-0.16725
0.20976
0.4315
0.90679
0.48192999999999997
0.29669
0.38008000000000003
-0.14879
-0.41422
-0.006959999999999999
0.14125
0.40110999999999997
-0.09920999999999999
-0.25683
-0.2198
-0.64876
-0.30774
-0.19096
0.08135999999999999
-0.34244
-0.37829999999999997
0.01428
0.19161
0.02785
-0.17268999999999998
0.13089
0.6061
0.50642
-1.0079900000000002
-0.45214
-0.97747
0.0151
0.45353
0.12818
-0.07748000000000001
-1.20126
-0.6064200000000001
-0.38226999999999994
-0.48534
-0.96107
-0.5628
-0.39456
-0.5297
-0.20234000000000002
-0.06695999999999999
-0.25876
-0.29835999999999996
-0.67636
-0.83416
-0.39552
-0.65928
-1.05786
-0.70002
-0.47156
-0.86638
-0.28901
0.8752
0.49767000000000006
0.8258
-0.49899
-0.75357
-0.47867
-0.49126
-1.0306199999999999
-0.89615
-0.34314999999999996
-0.41092
0.35306
-0.14608000000000002
-0.13836
-0.43811999999999995
-0.24109999999999998
-0.00874
-0.17605
-0.40369
-0.26451
0.07833
-0.043550000000000005
-0.07824
-0.6242
-0.12411
0.22405
0.40839
1.14096
0.38248
0.13746
-0.25964
-0.54455
0.41704
0.42471
0.42341
0.44582
0.62834
0.64481
0.74021
1.04241
0.98089
0.6512399999999999
1.09254
0.14224
-0.43729999999999997
0.01373
0.35343
1.14943
-0.10407
-0.1549
-0.38475000000000004
-0.9605400000000001
-1.02648
-0.84004
-1.09278
-1.02193
-0.55484
-0.48584000000000005
-0.54838
-0.01224
-0.36077
-0.24461
-0.30890999999999996
0.42046
0.18141
-0.12351000000000001
-0.7058199999999999
-1.1926
0.00444
-0.07997
0.01168
0.8779699999999999
0.7315
0.32520000000000004
0.44598
0.14691
-0.20193000000000003
-0.26136
0.02405
-0.38991
-0.69293
-0.33511
-0.47747
-0.47888
-0.26344
0.05126
0.07533000000000001
1.06538
1.31776
0.8277899999999999
1.25007
1.09735
0.19267
0.16716999999999999
0.10732
-0.18183
-0.41847999999999996
-0.33608
-0.42729
-1.13352
-1.15666
-0.9482299999999999
-1.15929
-1.2166
-0.60421
-0.41087
-0.48247
-0.89075
-0.96289
-0.5547
-0.60579
-0.06867
0.11757
-0.03231
-0.06172
0.12828
0.019950000000000002
0.057190000000000005
-0.22093
0.03265
0.33036
0.25075
0.09692
0.31584
0.6651600000000001
0.32323999999999997
0.56462
0.93593
0.17052
0.059960000000000006
-0.24294000000000002
0.11042
0.63498
0.39011
0.3531
-0.7098
-0.28190000000000004
-0.14031000000000002
-0.00043999999999999996
-0.44217
-0.8872599999999999
-0.6371600000000001
-0.9632
-0.63485
-0.23425
-0.27215
-0.22441
-0.38423
0.43796
0.51819
1.16844
0.85423
-0.17192
0.18566
0.09816000000000001
1.10129
0.93266
0.6892100000000001
0.72831
0.52262
0.21811
0.14462999999999998
-0.08898999999999999
-0.36183
0.11402
0.16269999999999998
0.29563
0.41229999999999994
-0.20121
-0.28214
-0.47412
-1.31137
-0.5891299999999999
-0.32029
-0.41519
-0.45819000000000004
-0.09909000000000001
0.0647
0.24884
0.8266100000000001
0.57579
0.45049
0.89471
0.6584300000000001
-0.01725
0.027229999999999997
-0.10905
-0.75605
-0.7332599999999999
-0.22533
-0.05373
-0.053079999999999995
-0.53869
-0.43174999999999997
-0.43167
0.67295
0.49604
0.24269
0.44118
0.20065000000000002
-0.01853
0.08298
0.16079999999999997
0.21544
-0.33446
-0.24168
-0.18139
0.13638
-0.44682
-0.46901000000000004
-0.77807
0.08767
0.15077
-0.0355
-0.25306
-0.8256600000000001
0.32332
0.30558
0.76956
0.18467
-0.23825
0.11746000000000001
0.32972
0.66375
0.36576000000000003
0.26361
0.39645
-0.24831
-0.36225999999999997
0.12766
0.4449
0.90071
-0.20257000000000003
-0.19215
-0.5204099999999999
-0.21752
-0.37901
-0.36460000000000004
-0.57016
-1.27285
-0.95916
-0.7007899999999999
-0.79849
-1.02237
-1.0795000000000001
-0.82235
-0.89338
-0.4637
-0.34307000000000004
-0.30609000000000003
-0.47402
-1.08057
-0.39088999999999996
-0.00932
0.035750000000000004
0.84339
0.77577
0.70137
0.9563299999999999
1.2875
0.16940000000000002
0.20907
0.0032700000000000003
0.8851300000000001
0.54799
0.13284
-0.03041
-0.6965600000000001
-0.74855
-0.50037
-0.9719599999999999
-0.93132
0.15286
0.08993999999999999
0.31304
0.8002400000000001
0.46869
0.23363
0.31782
-0.67267
-0.59555
-0.049569999999999996
0.06315
0.03413
-0.41738
0.0001
-0.09167
1.2394
0.35383000000000003
0.006959999999999999
-0.41131999999999996
-0.0239
0.70297
0.45864
0.64282
0.82192
0.40332
0.30975
0.52994
0.27428
-0.27664
-0.08692
-0.39115
-0.59591
-0.28073
-0.08951
-0.14941000000000002
0.9688
0.96691
0.62018
0.6641800000000001
0.23865999999999998
-0.28800000000000003
-0.2468
-0.34274
-1.26532
-0.5404399999999999
-0.23207
-0.04938
-0.29021
-0.75484
-0.34976
-0.5469700000000001
0.24745999999999999
0.27092
0.01692
-0.11644
-0.16341999999999998
-0.3776
-0.48424
-0.63226
-1.07151
-0.31371
-0.06184
0.15975
-0.03605
-0.94527
-0.72398
-1.07401
-0.54999
-0.20286
-0.18453
-0.03734
0.85764
0.31997
0.11691000000000001
0.15642
0.63831
0.7994199999999999
0.60995
0.92928
0.34668999999999994
-0.42111
-0.07797
-0.2725
0.16052
-0.25051
-0.15447
-0.43098
0.12949
-0.18236
-0.30178
-0.6533599999999999
0.04536
0.37424999999999997
0.14525
-0.03943
-0.14423
0.6434799999999999
0.5378000000000001
0.71732
1.02254
0.96589
0.80796
1.06955
0.81596
0.16438
0.23024999999999998
0.05392
1.08013
0.9721899999999999
0.7364400000000001
1.11053
0.55498
-0.18019
0.06309999999999999
0.058499999999999996
0.54793
0.05508
-0.00052
-0.17518999999999998
0.37646
0.47829
0.07564
0.34063000000000004
0.56494
-0.13488
-0.02001
0.24197
0.52383
-0.46208
-0.43012999999999996
-0.73395
0.15088
0.00432
-0.09893
-0.64203
-0.67931
0.45584
0.22788
0.5361699999999999
0.18159
-0.25976
-0.18097000000000002
-0.27692
-0.77704
-0.45453000000000005
-0.21660000000000001
-0.36726
-0.57135
-0.38259
-0.22440000000000002
-0.20268
0.6743000000000001
0.70209
0.29658999999999996
0.47351
-0.36345999999999995
-0.50842
-0.03669
0.0725
0.88261
0.20931999999999998
0.00592
0.14288
-0.14585
-0.15601
0.02912
0.08036
0.36034
0.1091
0.2561
0.13584
0.58727
0.71517
0.5555100000000001
0.8963500000000001
0.53773
0.41988
0.6537099999999999
0.90089
1.35556
0.18366
0.34149
0.26919
1.04776
0.39649
0.15015
0.03696
-0.57236
-0.9007599999999999
-0.75822
-0.78306
-0.35092
-1.02704
-0.8197
-1.3310400000000002
-0.97665
-0.61731
-0.7451000000000001
-1.1526
-1.0641800000000001
0.59363
0.47473
0.9206300000000001
1.6399000000000001
0.36985
0.5004
0.30191
1.1593600000000002
1.2209699999999999
0.74837
0.64736
0.23234000000000002
0.56343
0.37711
0.37303
-0.04484
-0.13223000000000001
-0.0232
-0.08320999999999999
-1.2952000000000001
-1.15819
-0.7260899999999999
-0.58659
-1.0405
-1.0979999999999999
-0.57237
-0.8615200000000001
0.34371
0.37281
0.43485999999999997
0.42564
1.2499500000000001
0.83328
0.36927
0.20514
-0.51782
0.25168
0.51635
0.4926
0.86571
0.17751
0.15254
-0.2848
-0.33210999999999996
0.19258
-0.007039999999999999
0.0012
-0.7609600000000001
-0.44652000000000003
-0.20437999999999998
-0.33087000000000005
-0.16838999999999998
-0.37567999999999996
-0.27072
-0.26774000000000003
0.22884000000000002
-0.08413999999999999
-0.24641
-0.17213
-0.28919
-1.06765
-0.63586
-1.21475
0.35932000000000003
0.43033
-0.17021
-0.67392
-0.87032
0.32023
0.02665
0.09198
-0.23254999999999998
0.19788
0.15503
-0.11431
-0.0435
0.75004
0.6622
0.7297199999999999
0.06642
0.30974
0.3818
0.6896599999999999
1.02153
0.15496000000000001
0.30091999999999997
0.46776
1.01882
-0.0113
-0.07825
-0.08112
-0.22634
-0.11853999999999999
-0.08962999999999999
0.17568
0.44319000000000003
-0.26366
-0.32965000000000005
-0.46912
-0.20264
-0.30056
-0.25307999999999997
-0.24713000000000002
-0.35499
-1.1488
-0.83154
-1.26068
0.67525
0.48745
0.00839
-0.46001
-0.09594
0.41723
-0.0038900000000000002
-0.17535
0.12932
1.3031899999999998
0.84919
1.3706299999999998
1.43102
0.70109
0.45457000000000003
0.73238
0.55071
-0.09101000000000001
0.16449999999999998
0.12425000000000001
0.72954
0.0808
0.01528
-0.40720999999999996
0.17122
1.34929
0.9238299999999999
1.51638
1.1245
0.4677
0.46990000000000004
0.9818000000000001
0.70735
-0.12279
0.12301000000000001
0.16743
0.75238
-0.01349
-0.14103
-0.33931
-0.6221800000000001
-0.8191299999999999
-0.67045
-0.9783700000000001
-0.7697499999999999
-0.37159
-0.25198
-0.23831
-0.30215
0.10117000000000001
0.08944
0.46753
0.26323
-0.35808999999999996
0.03325
-0.22249
1.22805
0.99041
0.35338
0.26265
-0.64259
-0.32676
-0.11153
-0.19999
0.06937
0.48241999999999996
0.38669
0.47909
-0.27191
-0.14526999999999998
0.17071000000000003
0.25521
0.38533
0.22640000000000002
0.23598
0.19463
-0.63064
-0.4531
-0.1016
-0.14919000000000002
0.31226
0.03399
-0.08834
-0.00014000000000000001
-1.36946
-0.96193
-0.35667000000000004
-0.18303
-0.01228
-0.77558
-0.20203
-0.28855000000000003
0.7062900000000001
0.46036
0.37964
0.27917000000000003
0.48233
-0.05914
-0.03018
-0.57581
0.07393
0.7367199999999999
0.34765
0.24921
-0.7556100000000001
-0.69756
-0.4157
-0.7861400000000001
-0.7345900000000001
-0.37924
-0.19815000000000002
-0.27678
0.86229
0.15921
-0.08071
-0.6679
-0.38116999999999995
0.38610999999999995
-0.01763
-0.01205
-0.96536
-0.33723
-0.16438
-0.3712
-0.52412
0.20437000000000002
0.30163
0.8225199999999999
0.51538
-0.73881
-0.40188
-0.7655299999999999
0.49566000000000004
-0.06695000000000001
-0.38470999999999994
-1.0032699999999999
-0.9819
-0.29886
-0.52149
-0.95294
-0.95509
0.19848
-0.06001
0.35950000000000004
0.11768
-0.3011
-0.15782
-0.37369
0.56408
0.3962
0.35264
0.32110999999999995
0.9403100000000001
0.9564100000000001
0.52726
0.34574
1.09496
1.40822
0.9633499999999999
1.2830199999999998
0.9113800000000001
0.32049
0.20784
0.21762
-0.34287999999999996
-0.5931799999999999
-0.32162999999999997
-0.5229
0.10933
0.31064
-1e-05
-0.11055
-0.31439
-0.48844
-0.32372
-0.5322399999999999
-0.91057
0.08682000000000001
0.01131
0.27887
-0.5834199999999999
-0.89896
-0.43097
-0.8383700000000001
-0.31396999999999997
0.34567
0.24393
0.47531
0.33398000000000005
0.00388
-0.01548
0.15313000000000002
0.09978999999999999
-0.12494
0.30181
0.16055
1.40609
0.89102
0.63854
0.42719999999999997
0.9879000000000001
1.16705
0.60769
0.84259
0.17944
0.10715
0.21531
0.18986999999999998
-0.09266
-0.38482
-0.23343
-0.2167
-0.47903
-0.67161
-0.5293
-0.7322299999999999
-0.84785
-0.53972
-0.08211
-0.37581000000000003
0.49678
0.3671
0.06394
-0.15954000000000002
-0.60073
0.40875
0.20857
0.61173
-0.21111000000000002
-0.89743
-0.44576
-0.65427
0.14005
-0.39027999999999996
-0.40267000000000003
-0.94438
-1.33161
-0.047510000000000004
-0.07177
-0.18622
0.45131
0.5427000000000001
0.48902999999999996
0.60373
0.82819
0.19057
0.08052
-0.23775
-0.7642100000000001
-0.1361
-0.0737
-0.41368000000000005
-0.15217
0.21087
0.10189999999999999
0.0383
0.84709
0.52825
0.21116
0.1454
0.14357
0.60975
0.51364
0.69624
1.1215300000000001
0.59591
0.66366
0.20423
0.9708100000000001
1.6399000000000001
1.07324
1.34793
1.6399000000000001
1.02609
0.66818
0.79661
0.78729
0.09978
0.09503
-0.51345
-0.9715900000000001
0.20796
0.10695
0.45978
0.62986
0.03733
-0.08323
-0.29117
-0.20024
-0.36021000000000003
-0.36701
-0.57449
-0.61204
-0.67598
-0.6559
-0.91116
-0.30927
0.22959
-0.03125
-0.26343
-0.0697
0.59279
0.50589
0.59526
1.24765
1.0153400000000001
0.68743
0.775
1.10252
1.12977
0.75952
0.86383
1.6399000000000001
1.05619
0.51587
0.44188000000000005
-0.30921
0.43700000000000006
0.30165
0.69714
-0.6571899999999999
-1.34108
-0.73044
-0.8809699999999999
0.0068000000000000005
-0.05045
-0.25501
-0.32271
-0.3342
-0.005829999999999999
-0.10342000000000001
0.03514
-0.04755
0.21253
0.06052
0.30444
-0.63923
-0.7529699999999999
-0.32455
-0.35348999999999997
0.26829000000000003
0.26896000000000003
0.18803
0.26475000000000004
0.48629
0.5575600000000001
0.51183
0.60907
0.64735
0.60333
0.51075
0.50501
-0.03387
0.29332
0.26363
0.39418
-0.21454
-0.09444000000000001
0.21675999999999998
0.46417
0.68215
0.32639
0.26395
0.55013
0.30771
-0.45359
-0.12222
-0.35601
-0.50823
-0.40993999999999997
-0.23571999999999999
-0.41109
-0.16484000000000001
0.42729
0.34454999999999997
0.45039999999999997
0.24170000000000003
0.10352
0.10965
-0.04543
-0.64979
-0.29812
-0.08727
0.01969
-0.51869
-0.61281
-0.23878
-0.16646
0.46781999999999996
-0.31184
-0.28763
-0.68931
-0.43378
0.14596
-0.04859
-0.10295
-0.8773099999999999
-0.03877
0.20643
0.6843699999999999
0.42572000000000004
-0.52386
-0.08928000000000001
-0.37317999999999996
0.62644
0.30772
0.0908
-0.23271999999999998
0.18627
0.7971699999999999
0.53512
0.39074
0.36005000000000004
0.43628
0.38101999999999997
0.24699000000000002
-0.24588000000000002
0.3837
0.31137
0.47029000000000004
0.08505000000000001
0.18515
0.23745999999999998
0.38899
0.42786
-0.42879
-0.29922
-0.7969700000000001
-1.4022700000000001
-0.9765900000000001
-0.74715
-1.07408
-1.32262
-0.19885000000000003
-0.08132999999999999
-0.26039999999999996
-0.37239
0.05868
0.15536
0.14529
0.39801000000000003
1.02354
0.79673
1.07759
0.32494
-0.0815
0.21364999999999998
-0.07740999999999999
0.5080100000000001
0.51444
0.23962
-0.07335
-0.74787
-0.34331
-0.32659
-0.30390999999999996
-0.63427
-0.25751999999999997
-0.18549
-0.08442
-0.14534
-0.51769
-0.25794
-0.33067
-0.19181
0.43987000000000004
0.5244
0.7302200000000001
1.6389500000000001
1.18096
0.8301000000000001
0.701
0.40811
0.605
0.47787
0.69672
-0.06263
-0.4218
-0.09147999999999999
-0.17481000000000002
-0.00919
-0.14128
0.02563
-0.11657000000000001
0.18279
0.12606
0.08653000000000001
-0.21584
0.30155
0.90288
0.45299
0.77061
0.27951
-0.06968
0.17359000000000002
0.13292
-0.21780000000000002
-0.41365999999999997
-0.09832
-0.1283
0.3525
0.27373000000000003
0.22141
0.21592
0.8316500000000001
0.38781
0.03818
-0.37632
-1.40056
-0.36516
-0.15867
0.16905
0.22752
-0.55094
-0.52174
-0.95337
-0.48265
0.13902
0.07306
0.08205
0.5199900000000001
-0.18792999999999999
-0.36302999999999996
-0.7784099999999999
-0.88044
0.28489000000000003
0.15528
0.3868
0.66756
0.73919
0.45681
0.68351
0.33043999999999996
0.039060000000000004
0.11901999999999999
0.19554
-0.26769
-0.2979
-0.11462
-0.26849
0.26843
0.031219999999999998
-0.01436
-0.17684
0.41697
0.41654
-0.04183
0.01887
-0.5227499999999999
-0.27722
-0.21481999999999998
0.03595
-0.5436099999999999
-1.0653700000000002
-0.73476
-0.94155
-0.049729999999999996
0.25268999999999997
0.08994999999999999
0.29344000000000003
0.8755200000000001
0.8260599999999999
0.48569
0.71965
1.06186
0.49151000000000006
0.63751
0.79388
1.06243
0.14018
-0.11346
-0.31546
-0.11111
0.59685
0.42321
0.77764
0.87862
0.17506
0.08018
0.13902
0.07654
-0.16791
-0.11864000000000001
0.24236000000000002
-0.3682
-0.93624
-0.59681
-0.86917
-0.35625999999999997
-0.25478
-0.18867
-0.39033
-0.28876
0.053579999999999996
-0.15238
0.012960000000000001
-0.37512
-0.17808
0.062430000000000006
0.37746999999999997
0.57165
-0.19785
-0.07304000000000001
-0.36168999999999996
0.06546
0.60915
0.39281999999999995
0.76024
0.53397
0.26692
0.34521999999999997
0.63617
0.6471399999999999
-0.21667000000000003
0.01941
0.15342
0.44676000000000005
-0.12639
-0.19925
-0.44988
-0.00897
0.22555
0.18123
0.20332
0.53912
0.19175
-0.00378
-0.18447
-1.08042
-0.5047
-0.31157
-0.19297
-0.43239
-0.00454
0.16485
0.33405999999999997
0.73956
0.10355
0.11262
0.08927
-0.70489
-0.54621
-0.17190000000000003
-0.22911
0.26381
0.22538
0.19614
0.13756000000000002
0.27909
0.42339
0.29336
0.4828
-0.3201
-0.47953
-0.09215
0.11652
0.37376
-0.14528
0.021589999999999998
0.00109
0.46688
-0.2978
-0.27904
-0.60758
-0.7557699999999999
-0.22957
-0.22088999999999998
-0.29079
-0.30402999999999997
-0.10849
0.17793
-0.00741
0.18392
0.1889
0.16386
0.0046700000000000005
0.13962
-0.0836
-0.11577
-0.44655
-0.04458
0.30863
0.13171
-0.10938
-0.42183
0.21959
0.06503
0.0049499999999999995
-0.42625
-0.16436
-0.01533
0.18228999999999998
0.40351
-0.15906
0.11497
-0.19091999999999998
0.9213800000000001
0.7935800000000001
0.40818
0.13313
0.08039
0.6146
0.31009
0.18460000000000001
-0.07074
0.32281999999999994
0.20793
0.34465
-0.055839999999999994
-0.02005
-0.01907
0.13939000000000001
-0.22915
-0.7751399999999999
-0.4313
-0.64704
0.06371
0.18562
0.08893000000000001
0.09799
0.30849
0.00525
-0.10839
-0.16499
-0.66765
-0.38512
-0.3187
-0.51639
-0.69914
-0.27784
-0.24300999999999998
-0.18236999999999998
-0.16147999999999998
-0.28185
-0.24545999999999998
-0.26654
-0.40133
-0.6239399999999999
-0.43828
-0.78226
-0.08115
0.57365
0.24306
0.23247
0.2623
0.28518
0.19036
0.28399
0.25548
0.10278999999999999
0.14882
0.13843
0.37823
0.31681000000000004
0.13496
-0.045759999999999995
0.12382
0.5929
0.45265
0.46703000000000006
0.52787
0.6009899999999999
0.37764000000000003
0.5947
0.49076000000000003
0.41098
0.41953
0.65058
0.14098
-0.59112
-0.25748
-0.54506
0.38232999999999995
0.5582699999999999
0.2187
0.25818
-0.18061
-0.17479
-0.18498
-0.18844999999999998
-0.8007500000000001
-0.63835
-0.36384
-0.53745
-0.7807
-0.16387000000000002
-0.13033
0.18596000000000001
-0.17253
-0.5788
-0.16765
-0.2525
0.1489
-0.43345
-0.413
-0.70053
-0.20940999999999999
0.08872999999999999
-0.24283000000000002
-0.27882
-0.71677
-0.58916
-0.49862
-0.6278
-0.31849
-0.31483
-0.26922
-0.44072
-0.11326
-0.011009999999999999
-0.16218
-0.22922
0.30286
0.6248400000000001
0.38766
0.25276
0.69503
0.75263
0.44465000000000005
0.41109
-0.27851
0.28456
0.3317
0.7648699999999999
0.65305
-0.28600000000000003
-0.12002
-0.42728
0.32406
0.33591
0.06387
-0.00569
-0.5281199999999999
-0.15481999999999999
-0.12204000000000001
0.05633
0.1859
0.20318000000000003
0.24509
0.24574000000000001
0.50924
0.24309
0.26155
0.13625
0.12842
0.30216
0.18969999999999998
0.15548
0.33698
0.56721
0.47161000000000003
0.62392
0.89127
0.46938
0.28445
0.18350999999999998
-0.3987
0.26817
0.28122
0.5679500000000001
0.59678
0.24948
0.3089
0.39758000000000004
0.90701
0.26817
0.27285
0.3059
0.63844
0.53362
0.37573
0.49411
0.89057
0.65631
0.45316
0.5406799999999999
0.59032
0.32853
0.20146
0.24736999999999998
-0.19694
-0.13057
-0.12957000000000002
-0.01722
-0.36571
-0.52754
-0.27841
-0.30998000000000003
-0.26215
-0.7664300000000001
-0.5640999999999999
-0.8029900000000001
-0.41081
-0.05567999999999999
-0.21123999999999998
-0.40476999999999996
-0.80768
0.12526
0.22959
0.47005
0.94646
0.52411
0.30925
0.46907
0.61372
0.42412999999999995
0.35418999999999995
0.61027
0.51042
0.13445000000000001
0.28565999999999997
0.011240000000000002
0.23488
0.70166
0.61382
0.9266200000000001
1.256
0.66518
0.44573999999999997
0.5819
0.27045
0.061529999999999994
0.12443
0.20864999999999997
-0.27623000000000003
-0.11059
0.12403
0.19103
0.30119
0.12387000000000001
0.11624000000000001
0.34047
0.5484100000000001
0.031869999999999996
0.13992000000000002
0.09285
-0.06812
-0.57629
-0.38108
-0.7089300000000001
-0.7201900000000001
-0.02896
-0.08847
-0.10339999999999999
-0.09573000000000001
-0.00487
-0.05257
-0.06841
-0.47625
-0.40476
-0.15417999999999998
-0.14715999999999999
0.18806
0.16495
0.10891999999999999
-0.059660000000000005
0.25249
0.67878
0.4972
0.78606
0.32595999999999997
-0.009399999999999999
0.17043
0.29911
-0.16232
-0.26086
0.08338
0.05192
0.41265999999999997
0.15803
0.13808
0.13888999999999999
0.62044
0.41173000000000004
0.30119
0.36378
-0.20323
-0.03519
0.15259
0.25028
-0.07676
-0.41391
-0.0431
-0.22731
0.35454
0.41981999999999997
0.30197
0.33375
0.6783
0.60364
0.51193
0.59744
0.50245
-0.0344
0.03546
-0.25172
-0.64005
-0.27876
-0.16021000000000002
-0.36188000000000003
0.03118
0.26767
0.08622999999999999
0.15624000000000002
-0.0017499999999999998
-0.20052
-0.10038
-0.28556000000000004
-0.34285
-0.02122
-0.043730000000000005
-0.14898
-0.48712000000000005
-0.05248
0.00132
0.01923
-0.11918
-0.48583
-0.34396
-0.65397
-0.36055
0.17151
-0.03327
0.03373
-0.62385
-0.72799
-0.44713
-0.55315
-0.13471
0.18001999999999999
0.05076
0.01256
0.01268
0.20831
0.20004999999999998
0.33593000000000006
0.28586
0.03794
0.06953000000000001
-0.02252
-0.27508
-0.34663
-0.18736999999999998
-0.30466
-0.32459000000000005
-0.34546999999999994
-0.23736999999999997
-0.38766
-0.1588
-0.37868999999999997
-0.4261
-0.7134999999999999
-0.58289
-0.24562
-0.34952
-0.5838300000000001
-0.68521
-0.1243
-0.09885
-0.057980000000000004
0.47142
0.40285
0.24364999999999998
0.30915
0.48666
0.18474000000000002
0.11975
0.054029999999999995
0.7229099999999999
0.50643
0.31923999999999997
0.16321000000000002
0.58225
0.60413
0.27086
0.21805
0.52247
0.88926
0.5264500000000001
0.82247
0.43638
-0.01849
0.062380000000000005
0.022940000000000002
0.42625
0.20576
0.08077999999999999
0.013260000000000001
0.011699999999999999
0.16933
0.04904
0.29265
0.36171
-0.12227
-0.07159
-0.20115
-0.61953
-0.21739
-0.22666
-0.02648
-0.39604
-0.50508
-0.3031
-0.29453
-0.01947
-0.53624
-0.4257
-0.64116
-0.26419
-0.01574
-0.1678
-0.26773
-0.43988999999999995
-0.02759
-0.14452
-0.06675
-0.28901
-0.40517000000000003
-0.24278
-0.19509
0.27655
0.13498
-0.09583
-0.03627
-0.30996
-0.0002
0.14489000000000002
0.26099
0.7610899999999999
0.35003999999999996
0.28981999999999997
0.26995
0.14521
0.41771
0.27033999999999997
0.62428
0.61893
0.12738
0.1753
0.12198
0.17491
-0.38343000000000005
-0.35211
-0.59275
-0.48433
-0.02323
-0.11975
-0.01524
-0.2852
-0.27673
-0.16777
-0.37555999999999995
-0.28953
0.205
0.21995
0.33757
0.34215
0.31123999999999996
0.24516
0.5802900000000001
0.30256
-0.29292999999999997
0.03971
-0.19344999999999998
0.41837
0.51176
0.26012
0.13429
-0.35134
0.33646
0.35026
0.7770199999999999
0.57808
-0.17139
0.05771
0.01976
0.29725
-0.13301
-0.13483
-0.28839
-0.75617
-0.46825000000000006
-0.40177999999999997
-0.63341
-0.6296
-0.24977
-0.2147
-0.21164000000000002
-0.49750999999999995
-0.59815
-0.41123
-0.36186999999999997
-0.7140000000000001
-0.7572
-0.55515
-0.809
-0.24902000000000002
-0.08818
-0.13043
-0.31811
-0.19584
0.10207000000000001
0.0012900000000000001
-0.05578
-0.0397
0.33365
0.15106
0.22015
0.36441
0.03871
0.04883
-0.048780000000000004
0.31371
0.2614
0.12977
0.01812
-0.011859999999999999
0.19890999999999998
0.09965
0.08602
0.27622
0.30549
0.14898999999999998
0.07193
0.02029
0.54494
0.35857
0.701
0.1566
-0.09141
0.18137
0.16255
0.06654
0.01562
0.15505000000000002
0.02691
0.19837
0.33254
0.22367
0.41467
0.39122
-0.0069299999999999995
-0.08211
-0.2563
-0.71163
-0.12067
0.0395
0.25614000000000003
0.31051
-0.02067
-0.008409999999999999
0.05437
0.07678
-0.26311
-0.19265000000000002
-0.26209
-0.019
-0.01357
-0.00309
-0.11084
-0.14923999999999998
0.19317
0.23406
0.48617
0.7652800000000001
0.41600000000000004
0.32863
0.35085
0.14727
-0.20537
-0.11013999999999999
-0.24933
-0.17085999999999998
0.00713
-0.07924
-0.17341
-0.00937
-0.07947
-0.25266
-0.27433
-0.62802
-0.47634
-0.26122
-0.25773
-0.19204000000000002
-0.17051
-0.11900000000000001
-0.24004
-0.04385
0.48218000000000005
0.39453000000000005
0.53906
0.43776000000000004
0.2639
0.2854
0.48890999999999996
0.49512
0.09239000000000001
0.09819000000000001
0.02119
-0.54936
-0.40415999999999996
-0.15441000000000002
-0.30919
-0.03268
0.2054
0.14784
0.14287
0.14889
0.20634
0.20245999999999997
0.37198
0.26681
0.09956
0.14717
0.14257
0.17748999999999998
-0.0512
0.00756
-0.12138
-0.13946999999999998
0.12165
0.27103
0.34732
0.7153400000000001
0.51638
0.33075000000000004
0.39915999999999996
0.58471
0.52136
0.47698
0.49404000000000003
0.44027
0.33082
0.26924
0.24230000000000002
0.04089
-0.04966
0.02881
0.12112
0.23422
-0.37704
-0.42136
-0.7226699999999999
-0.62507
-0.27219
-0.29624
-0.34806
-0.66668
-0.3344
-0.17032
-0.12772
-0.18458
-0.24133
-0.14984
-0.22888999999999998
0.09025999999999999
0.28209
0.13634000000000002
0.09022000000000001
-0.08242000000000001
0.26239999999999997
0.30216
0.43701999999999996
0.1012
0.048949999999999994
0.21922
0.39527999999999996
0.747
0.02986
0.09666999999999999
0.02548
0.45813000000000004
0.20962
0.038130000000000004
-0.08959
0.0934
0.22669
0.10346
0.02613
-0.10061999999999999
0.09847
0.11066000000000001
0.29086
0.6353300000000001
0.33021999999999996
0.18583
0.22248
0.09379
-0.15721
-0.1043
-0.24705
-0.34515
-0.23257000000000003
-0.15875
-0.06945
0.28976
0.04901
-0.14395
-0.05256
-0.4669
-0.49665
-0.30269999999999997
-0.32006
0.12303000000000001
-0.11326
-0.11874000000000001
-0.28919
0.15872999999999998
0.24606999999999998
0.0195
0.09358000000000001
0.36088000000000003
0.16381
0.024169999999999997
-0.09632
-0.19428
0.01972
-0.05244
-0.01566
-0.10301
0.22495
0.11332
0.36423
0.28461
-0.02658
0.04475
0.25196
0.02577
-0.50531
-0.19948
-0.24108000000000002
0.24811
0.01437
-0.14944000000000002
-0.23440000000000003
-0.46568
-0.35433
-0.26349
-0.19993
0.01533
-0.25664000000000003
-0.25351
-0.37305
-0.6058
-0.24916
-0.16679
-0.045860000000000005
0.2386
-0.20207
-0.14443
-0.36228
0.09464
0.28354
0.06649
0.051210000000000006
-0.27876999999999996
0.07048
0.16219999999999998
0.27323000000000003
0.47021
0.34678
0.26098
0.32927
0.42132
0.21853999999999998
0.26034
0.45783
0.59697
0.18278
0.05367
0.00452
-0.05238
-0.06061
-0.04636
-0.044199999999999996
-0.00953
-0.30449000000000004
-0.34563000000000005
-0.34735999999999995
-0.6122099999999999
-0.63739
-0.49478
-0.64835
-0.83654
-0.69467
-0.4253
-0.66526
-0.42188000000000003
0.03739
-0.1185
-0.11008
-0.41531999999999997
-0.08027
-0.07479
0.07953
-0.24638000000000002
-0.3256
-0.0636
-0.17120000000000002
-0.06384000000000001
0.04429
0.05824
0.18265
0.32618
0.08067
0.08227999999999999
0.14073
0.51137
0.04872
0.013959999999999998
-0.15328
0.02471
0.20786000000000002
0.10061999999999999
0.17756
-0.00582
-0.00423
-0.01065
-0.053689999999999995
-0.19047
-0.018340000000000002
0.054169999999999996
0.17711
0.17265999999999998
-0.12522
-0.13532
-0.14505
-0.6912999999999999
-0.7369199999999999
-0.41753999999999997
-0.42863999999999997
0.00459
-0.48046
-0.42969999999999997
-0.7048000000000001
-0.47719
-0.11152
-0.17557999999999999
-0.21300999999999998
-0.371
-0.12607
-0.00445
-0.029369999999999997
0.49245
0.33742
0.26313
0.21547
0.38432
0.42494
0.29746
0.22145
0.48601
0.51967
0.33682
0.10409
-0.19908
0.14292
0.17642
0.10575
-0.07069
-0.0060799999999999995
0.03604
0.006889999999999999
0.0028000000000000004
0.05312
-0.04995
-0.10933999999999999
-0.31825
-0.1266
-0.05346
-0.10715999999999999
-0.47354
-0.13591
-0.02839
0.12928
0.32893
0.08117
0.14956
0.13546
0.58975
0.34473
0.19503
0.13756000000000002
0.29691
0.28453
0.19937000000000002
0.09878
-0.024169999999999997
-0.02981
-0.07607
-0.17263
-0.21108000000000002
0.06347
-0.02053
0.03785
-0.13411
-0.2109
-0.16857
-0.15697
-0.3081
-0.07115
0.048310000000000006
0.18056999999999998
0.12645
-0.23981000000000002
-0.05288
-0.10048
0.5398
0.33859
0.23527
0.19874
0.56928
0.35603999999999997
0.1684
0.03737
-0.15281
0.15789999999999998
0.14909
0.18608
0.30006
0.10308
-0.0025900000000000003
-0.04151
-0.00058
0.02114
-0.04645
-0.10744
-0.34331
-0.33399
-0.22236999999999998
-0.30535
-0.29455
-0.1963
-0.13262000000000002
-0.10453
0.02733
-0.05574
-0.11044999999999999
-0.00801
-0.0039900000000000005
-0.3337
-0.22841999999999998
-0.39596
-0.11849
-0.05743
-0.12262
-0.24364999999999998
-0.05851
0.05196
-0.06572
-0.03073
0.20719
0.06816
0.01735
-0.13594
0.16593
0.35006
0.1654
0.13387000000000002
0.11651
0.17094
0.09281
0.12340999999999999
0.37848
0.26186
0.14276
0.1306
0.17334
0.12401
0.05766
0.06564
0.08894
0.18411000000000002
0.08111
0.12385
-0.18822
-0.1391
-0.02008
0.11763
0.46037999999999996
0.12678
0.014910000000000001
0.00775
-0.29815
-0.35145000000000004
-0.24850999999999998
-0.39731
-0.17342
-0.01928
-0.08707000000000001
-0.15227000000000002
-0.24968
-0.16815000000000002
-0.1843
-0.19018999999999997
-0.58721
-0.35914
-0.26356999999999997
-0.37113999999999997
-0.25451
0.034910000000000004
0.00718
0.03205
-0.22448
-0.37313
-0.23036
-0.31264
-0.11510999999999999
-0.12307
-0.15493
-0.25398
-0.07788
0.16742
0.07715
0.00664
-0.00521
0.24334
0.16787
0.34058
0.31005
0.12016
0.08093
0.13451000000000002
0.16884
-0.22623000000000001
-0.09292
-0.1968
0.40313000000000004
0.30171
-0.024409999999999998
-0.13093
-0.5187700000000001
-0.17017
-0.09496
0.05394
0.08497
-0.1067
-0.01474
0.0196
0.24319
-0.00063
-0.00312
0.0012900000000000001
0.37378999999999996
0.22633
0.11973
-0.023119999999999998
0.25522
0.34203000000000006
0.21134
0.16440000000000002
0.048799999999999996
0.19294
0.08099
0.09344
-0.22765999999999997
-0.21608
-0.12990000000000002
-0.15557
0.11119
-0.13381
-0.15664
-0.38134999999999997
-0.19682
0.053869999999999994
-0.07376
-0.07779
-0.26956
-0.11900000000000001
-0.11821999999999999
-0.16261
0.06358
0.23185
0.17800000000000002
0.22738
0.24361999999999998
0.30723
0.21402000000000002
0.36367
0.45966999999999997
0.0434
0.05501
-0.04856
0.19002
0.10743
0.025910000000000002
-0.14319
-0.01858
0.28822
0.13757
0.1567
0.2132
0.48218000000000005
0.29375
0.35912999999999995
0.11787
0.19963
0.28038
0.43516
0.52861
0.14486000000000002
0.07486
-0.052329999999999995
-0.15813
-0.026549999999999997
0.0034000000000000002
-0.06326999999999999
-0.0556
0.12048
0.01956
0.012430000000000002
-0.31978
-0.10632
-0.07304000000000001
0.01922
-0.35774
-0.3469
-0.14651999999999998
-0.22637000000000002
0.06806
0.04306
0.04338
-0.01436
0.20018999999999998
0.17415
0.05154
-0.06343
-0.14761
0.2151
0.14861000000000002
0.19853
-0.14301
0.042409999999999996
0.1856
0.3048
0.56154
0.29777000000000003
0.28892
0.35239
0.41938000000000003
0.21061
0.13619
0.06775
0.18029
0.1518
0.11199999999999999
0.07868
-0.06442
0.057699999999999994
0.00135
0.04583
-0.22066
-0.2699
-0.12371
-0.10353
0.29916
-0.0547
-0.14
-0.37284
-0.51208
-0.19566
-0.19405
-0.26905999999999997
-0.30761
0.02613
-0.07653
-0.08346
-0.46202
-0.35784999999999995
-0.16995000000000002
-0.19635000000000002
0.01582
-0.010780000000000001
-0.08889
-0.18126
-0.21221
-0.09398999999999999
-0.07657
-0.11153
0.08868000000000001
0.1308
0.08457
-0.05266
0.20321
0.44704
0.23832
0.31942
0.03854
-0.02452
0.03343
-0.08715999999999999
0.01171
0.24201
0.12879
0.04091
-0.09391999999999999
0.26222
0.18100000000000002
0.2681
0.03616
-0.13774
-0.08786
-0.15037
-0.17489999999999997
-0.09151
-0.11048
-0.18322
-0.16036999999999998
-0.07502
-0.11735
-0.12161
-0.27561
-0.00308
-0.03734
0.02935
-0.13942
-0.18803
-0.08301
0.048339999999999994
0.23617000000000002
-0.032189999999999996
-0.07148
-0.26841000000000004
-0.08641
0.23087
0.13080999999999998
0.16306
0.24062
0.31473
0.24925
0.34347
0.19621
-0.04407
-0.00978
-0.053239999999999996
0.08782
0.14147
0.04079
-0.05189
-0.22696000000000002
0.01348
0.031259999999999996
0.0787
-0.09583
-0.12481999999999999
-0.042039999999999994
-0.04016
-0.07403
-0.08271
-0.05487
-0.10421
0.021110000000000004
0.19503
0.15502000000000002
0.12075
0.36231
0.23124
0.13323000000000002
0.08275
0.16752
0.28891
0.15167999999999998
0.09806
0.04485
0.10404999999999999
0.05118
-0.03854
-0.0034000000000000002
0.27477
0.15784
0.184
-0.02458
0.1429
0.12337
0.25079999999999997
0.31318999999999997
0.14945
0.09173
0.06894
-0.10758
-0.10785
-0.10003999999999999
-0.15615
-0.1015
0.15158
0.09672
0.20526
0.08986000000000001
-0.050789999999999995
0.014199999999999999
0.0037099999999999998
0.14007999999999998
0.3164
0.18334
0.23545000000000002
0.07461000000000001
0.13034
0.12497
0.1875
0.15203
-0.04119
0.01282
-0.12211999999999999
-0.14324
0.15189
0.05617
0.17859999999999998
0.08282
0.0005099999999999999
0.050839999999999996
0.01019
0.08792
0.15778999999999999
0.1259
0.12381
-0.044059999999999995
0.04165
0.025920000000000002
0.13051000000000001
-0.055839999999999994
-0.08753999999999999
-0.04386
-0.09823
-0.11458
-0.02086
-0.05212
-0.03816
-0.30846
-0.28697
-0.18765
-0.16745000000000002
-0.19146000000000002
-0.13516
-0.05706000000000001
-0.15045999999999998
0.17195
0.2184
0.05704
-0.00714
-0.21385
0.1292
0.06213
0.17969000000000002
-0.25018
-0.21597999999999998
-0.06858
-0.03061
0.13078
-0.0017399999999999998
0.01758
0.03281
0.04922
0.16948
0.10519
0.15875999999999998
0.12647
0.06480999999999999
0.07841999999999999
0.08208
0.042960000000000005
0.06341000000000001
0.10689
0.14562
-0.01513
-0.01394
0.021259999999999998
-0.005829999999999999
0.21134
0.39521
0.27022999999999997
0.36694000000000004
0.07383
-0.08848
-0.01466
-0.02073
-0.26638
-0.11025
-0.043609999999999996
0.059219999999999995
-0.05958
-0.23203
-0.09387000000000001
-0.16998999999999997
0.14661
0.07219
0.03076
-0.0057599999999999995
0.017390000000000003
0.16033
0.09586
0.11702
-0.053419999999999995
0.07717
0.13478
0.11939
0.24023
0.26788
0.15478999999999998
0.22972
0.15874
-0.01022
-0.0375
-0.06353
-0.22593
-0.21056
-0.11379
-0.17601
-0.15621000000000002
-0.09348000000000001
-0.04131
-0.07682
0.09553
0.25394
0.12714999999999999
0.21643
0.22824000000000003
0.19669
0.15536
0.13898
-0.11694
-0.08911
-0.03003
-0.06333
-0.07553
0.188
0.19097999999999998
0.32603000000000004
0.38821
0.13835
0.14183
0.19210999999999998
0.23829999999999998
0.1586
0.14528
0.10028000000000001
-0.12680999999999998
-0.03396
-0.0315
0.030699999999999998
0.04356
-0.04749
-0.06445000000000001
-0.09908
-0.31798
-0.30045
-0.22271999999999997
-0.2243
-0.36634
-0.3274
-0.22209
-0.31501999999999997
-0.21742999999999998
-0.10436999999999999
-0.07939
-0.06626
0.08651
0.11460000000000001
0.04673
0.04736
0.09726000000000001
0.09464
0.02844
0.0054600000000000004
-0.15435000000000001
0.02395
0.05449
0.07257
0.25403
0.12266
0.05832
0.11218
0.2833
0.26542
0.174
0.23385999999999998
0.17078
0.07074
0.06192
0.08288000000000001
0.11635999999999999
0.18777999999999997
0.14169
0.27435
0.15671
-0.15031
-0.09612
-0.11574999999999999
0.04392
0.08295999999999999
-0.009649999999999999
0.01034
-0.18212
-0.25384
-0.20729
-0.27052
-0.35847999999999997
-0.16597
-0.13949
-0.11294
-0.35283000000000003
-0.17626
-0.0784
-0.0096
0.06998
0.04046
0.06375
0.07529
-0.07407
-0.07351
-0.02416
0.04169
0.07817
0.00869
0.0035299999999999997
-0.00803
-0.12607
-0.16258
-0.11298
-0.12641
-0.15367
-0.09176999999999999
-0.05866
-0.06562
-0.047720000000000005
0.03727
0.04577
0.14956
0.19146000000000002
0.02213
0.06482
0.00245
0.073
0.11778000000000001
0.040650000000000006
0.04173
-0.21420000000000003
-0.03809
0.02782
0.10101
-0.05791
-0.28748
-0.21966999999999998
-0.28376
-0.20656
-0.08351000000000001
-0.10487
-0.08285999999999999
-0.27235
-0.27324000000000004
-0.18895
-0.23817
-0.19932
0.00456
-0.00555
-0.00373
-0.21187
-0.11461
-0.03864
0.07486
0.09354
-0.06105000000000001
-0.048920000000000005
-0.1153
-0.20549
-0.13115
-0.08804000000000001
-0.04359
-0.055709999999999996
-0.17742000000000002
-0.15869999999999998
-0.25543
-0.38208
-0.17782
-0.1423
-0.09912000000000001
-0.04806
-0.11315
-0.08242000000000001
-0.11484
-0.18109000000000003
-0.15742
-0.09949999999999999
-0.11768
0.06164
0.09007
0.05666
0.08151
0.20184000000000002
0.07302
0.03019
0.034820000000000004
0.05113
0.15076
0.12522
0.12541
0.27581
0.18577000000000002
0.10826000000000001
0.13815
0.17038
0.15897
0.14846
0.20092
0.20878
-0.05989
-0.08827
-0.19016
-0.2119
0.00121
-0.03703
-0.02624
-0.14165
-0.10954000000000001
-0.08378999999999999
0.01802
0.11132999999999998
0.01913
-0.0076300000000000005
0.08084
0.01414
-0.14307
-0.08788
-0.09625
0.16176
0.12609
0.0827
0.09836
0.19716999999999998
0.12343
0.0874
0.16960999999999998
0.185
0.05033000000000001
0.05817
0.00485
0.0653
0.21043
0.15151
0.28902
0.25934
0.132
0.15803
0.24172000000000002
0.23514
0.02911
0.04748
0.09313
0.16588999999999998
-0.04437
-0.0215
-0.06804
-0.007189999999999999
0.02508
-0.03862
0.00963
-0.2447
-0.28495000000000004
-0.17367999999999997
-0.16989
-0.2515
-0.33936999999999995
-0.24103000000000002
-0.31166
-0.13589
0.08781
-0.0069
0.028149999999999998
-0.13971
-0.18869
-0.08864000000000001
-0.1258
-0.12144
0.045759999999999995
0.08571999999999999
0.16385000000000002
0.1303
0.023
0.04117
0.07433
0.14915
0.06657
0.09547
0.08343
0.01985
-0.007189999999999999
0.021429999999999998
0.01985
0.07956
0.15219
0.11725
0.20004000000000002
0.05257
-0.1128
-0.04643
-0.07017999999999999
-0.00753
-0.04902
0.02289
0.01637
0.06948
-0.00732
0.01283
0.011279999999999998
0.08109
-0.11324
-0.08353999999999999
-0.22322
-0.04561
0.11855
-0.01366
0.01226
-0.30797
-0.22539
-0.11569000000000002
-0.15295999999999998
-0.19771
-0.18108000000000002
-0.15109
-0.14736000000000002
-0.07219
-0.14297
-0.10722
-0.14999
-0.07873000000000001
-0.12122
-0.11173
-0.20616
-0.10253
0.13332
0.08445
0.15452
0.03475
-0.07792
-0.06295
-0.0617
0.043230000000000005
0.11297
0.10332000000000001
0.10122
0.09713
-0.07411
-0.07155
-0.14703
-0.050069999999999996
0.05836
0.02506
0.09606999999999999
0.059519999999999997
-0.05529
-0.03913
-0.059370000000000006
0.08410999999999999
0.11715999999999999
0.10083
0.15187
0.15088
0.060469999999999996
0.03754
0.07153999999999999
0.22633
0.07943
0.03583
-0.0083
-0.00246
0.02091
-0.026949999999999998
-0.04319
-0.28165
-0.18738
-0.08955
-0.09852999999999999
0.0728
0.06432
0.04853
0.06655
0.21269
0.16826
0.12735
0.11696999999999999
0.07862
0.13853
0.09713
0.15679
-0.01234
0.02661
0.08549
0.18346
0.10515000000000001
-0.15301
-0.09927
-0.13394
-0.11698
-0.04934
0.02121
0.07411
0.15662
-0.06226
-0.0126
-0.046150000000000004
0.15686999999999998
0.14041
0.08656000000000001
0.12029
0.09494999999999999
-0.06713
-0.028370000000000003
-0.09182
0.11614000000000001
0.13007
0.08123
0.02973
0.060430000000000005
0.11099
0.08527
0.09562
0.11177
0.09613
0.08449
0.0441
-0.07533000000000001
0.07139000000000001
0.08877
0.10449
0.06067
-0.014490000000000001
0.01272
-0.02862
-0.07754
-0.08204
-0.06105000000000001
-0.12281
-0.09941000000000001
0.01782
0.00898
-0.01735
-0.24452000000000002
-0.19854
-0.11295999999999999
-0.16341
-0.14548
-0.060629999999999996
-0.04806
-0.09555
-0.18522
-0.12815
-0.09337
-0.14967
-0.23024
-0.09936
-0.0475
-0.09214
-0.11417
-0.10275000000000001
-0.059699999999999996
-0.11593
-0.07646
0.041440000000000005
0.04535
0.03891
0.16506
0.09276
0.03894
-0.02398
0.10286
0.09266
0.01283
-0.04492
-0.15682000000000001
-0.049850000000000005
-0.02479
-0.07074
0.07542
0.11034000000000001
0.06454
-0.00768
0.04414
0.16946000000000003
0.15381
0.19568000000000002
0.30461
0.21211
0.12481
0.07892
0.14935
0.20079999999999998
0.1366
0.14356
0.057839999999999996
0.0152
-0.014690000000000002
-0.03178
-0.02038
-0.01295
-0.03229
0.00781
-0.06126
-0.19868
-0.13842000000000002
-0.21725000000000003
-0.11649
-0.059960000000000006
-0.07582
-0.12186999999999999
-0.011779999999999999
0.03484
-0.0053
-0.01863
0.06972
-0.007039999999999999
-0.020550000000000002
-0.07931
0.05787
0.14566
0.03718
0.02978
0.043680000000000004
0.11824
0.08699
0.09417999999999999
0.21738
0.18719999999999998
0.12985
0.13415
0.1891
0.1641
0.13205
0.19283
0.30193000000000003
0.12473000000000001
0.04309
-0.04995
-0.00551
0.14568
0.10456
0.18911
0.25132
0.03651
-0.03436
-0.06892999999999999
-0.05224
0.05776
0.02357
0.046790000000000005
0.08355
0.05535999999999999
0.03235
0.00955
-0.062279999999999995
0.027770000000000003
0.02735
0.13164
0.053739999999999996
-0.02754
0.00265
-0.013680000000000001
0.07978
-0.07563
-0.08132
-0.11462
-0.026099999999999998
0.04932
-0.01664
-0.03727
-0.08909
0.02352
0.05634
0.08648
0.21992
0.23491
0.22417
0.24021
0.44897
0.38362999999999997
0.26484
0.317
0.2321
0.25797000000000003
0.25599
0.28865999999999997
0.23009000000000002
0.058710000000000005
0.07765
0.05112
-0.0325
0.02012
-0.00672
0.02138
-0.12321
-0.22543
-0.14995
-0.17472000000000001
-0.01492
-0.08821
-0.13158
-0.24617999999999998
-0.43869
-0.22011
-0.18268
-0.14538
-0.2486
-0.22954
-0.14531
-0.19351
-0.012549999999999999
-0.01918
-0.05192
-0.12317
-0.11949
0.06071
0.04168
0.07299
0.11907999999999999
0.04262
0.03744
-0.00528
0.15892
0.16782
0.10638
0.0839
0.06965
0.06788
-0.013680000000000001
-0.05726
-0.08207
0.06314
0.041260000000000005
0.08308
0.05602
-0.10041
-0.08599
-0.12498
-0.05289
0.03711
-0.00245
-0.04003
0.00776
0.05441
0.0074199999999999995
-0.05264
-0.00147
0.10891
0.04533
0.068
-0.11153
-0.1188
-0.13364
-0.18918
-0.15869999999999998
0.02928
-0.006500000000000001
-0.01204
-0.16799
-0.09439
-0.08118
-0.06488000000000001
-0.09676
-0.06684999999999999
-0.04841
-0.02469
0.00635
-0.005430000000000001
-0.03483
-0.02152
-0.0366
-0.04748
-0.0352
-0.02092
0.04852
0.06544
0.00834
0.03844
0.01999
-0.01472
0.0172
-0.00819
0.1309
0.20328
0.11249
0.17031
0.1935
0.13974999999999999
0.0857
0.11406000000000001
-0.04819
-0.12625
-0.10448
-0.13204000000000002
-0.23971
-0.16265000000000002
-0.13659000000000002
-0.1124
-0.17538
-0.19669
-0.15848
-0.17574
-0.02954
0.05448
0.027759999999999996
0.06344
0.06312000000000001
0.04047
0.044219999999999995
0.038740000000000004
0.01927
0.08416
0.055229999999999994
0.07848
0.03476
0.029990000000000003
0.01685
-0.00818
-0.14801
-0.05696
-0.02104
0.038849999999999996
-0.11277
-0.18742
-0.12016
-0.14144
-0.14349
-0.18455
-0.14691
-0.20357
-0.15778999999999999
-0.06527999999999999
-0.08315
-0.10454000000000001
-0.18369
-0.08435000000000001
-0.08627000000000001
-0.07578
-0.14665
-0.07005
-0.02108
0.02352
0.16344999999999998
0.05953
0.03853
-0.02573
0.04423
0.2489
0.18370999999999998
0.20433
0.16079999999999997
0.14056
0.11569000000000002
0.1263
0.09476000000000001
0.054619999999999995
0.01717
-0.02198
-0.19516999999999998
-0.059539999999999996
-0.01917
0.01974
-0.01631
-0.046639999999999994
-0.011009999999999999
-0.0028499999999999997
0.02635
0.01329
0.01975
0.02754
0.03765
0.10132999999999999
0.09378
0.13522
0.13115
0.0301
0.02423
-0.01065
-0.09718
-0.04734
0.00479
-0.00707
0.03417
-0.021269999999999997
-0.042199999999999994
-0.11493
-0.18404
-0.060739999999999995
-0.051089999999999997
-0.08331
-0.09664
0.011859999999999999
-0.03618
-0.0358
-0.13394999999999999
-0.0519
-0.03314
0.00813
-0.10459
-0.15456
-0.09180999999999999
-0.13095
-0.04113000000000001
-0.02426
-0.0023799999999999997
-0.03011
0.11776
0.15011
0.09323000000000001
0.08947
0.16818000000000002
0.24953
0.18623
0.20151
0.03256
0.08211
0.08795
0.1198
0.2259
0.08692
0.028820000000000002
-0.04629
-0.15299
-0.05309
-0.06982000000000001
-0.10199
-0.14795999999999998
-0.07365000000000001
-0.055549999999999995
-0.059640000000000006
-0.12866
-0.09462999999999999
-0.09962
-0.10224
-0.15735
-0.04954
-0.01643
0.01577
0.04288
-0.00764
-0.03262
-0.07033
-0.09281
-0.008020000000000001
-0.00754
-0.0159
0.022269999999999998
0.03297
-0.04516
-0.11008
-0.26373
-0.10354
-0.04322
-0.04064
-0.07992
-0.035590000000000004
-0.07609
-0.13355
-0.11086
0.05392
0.02125
0.10046
0.00989
-0.09284
-0.07638
-0.10082
-0.16696000000000003
-0.0346
0.00385
0.07399
0.12178000000000001
0.08605
0.08907
0.1103
0.28807
0.19243
0.14142
0.14295
0.23406
0.297
0.18015
0.2158
0.11738
-0.03266
0.00454
-0.041319999999999996
0.03235
0.0424
-0.04182
-0.06861
-0.147
-0.06948
-0.05496
-0.03438
0.01206
0.06524
0.024
-0.00241
-0.01383
0.15713
0.13872
0.25994
0.22499
0.17718
0.13921
0.18484
0.07586
0.02574
0.10549
0.11444000000000001
0.25749
0.24457
0.16791
0.18999
0.07418999999999999
0.12755
0.14455
0.2339
0.30489
0.18461
0.13242
0.11364
-0.01918
0.0725
0.06979
0.16702000000000003
0.01607
-0.01357
0.02204
0.08010999999999999
0.06527
-0.08993999999999999
-0.03727
-0.01031
0.07224
0.07336000000000001
0.05679
0.11047000000000001
0.0601
0.07034
0.08878
0.16719
0.07546
0.016319999999999998
0.06105000000000001
0.12714999999999999
0.11448
-0.01353
0.0169
0.05337
0.04456
-0.07783000000000001
-0.08132999999999999
-0.13944
-0.20981000000000002
-0.17544
-0.13371
-0.14822
-0.24308
-0.10243000000000001
-0.08127000000000001
-0.06827
-0.21014
-0.06496
0.02476
0.10939
0.07558
-0.01885
0.03331
0.04476
0.03226
0.06927
0.11884
0.15827
0.15686
0.07321
0.07198
0.046849999999999996
-0.09852999999999999
-0.00322
0.057409999999999996
0.09651
0.03334
-0.03786
0.00769
0.01944
0.16577000000000003
0.07707
0.04646
0.04263
-0.057460000000000004
-0.08872
-0.05867
-0.06125
-0.2145
-0.18375
-0.10711999999999999
-0.07447
-0.13714
-0.18361999999999998
-0.13097
-0.18406
-0.25207
-0.14148
-0.06732
-0.03749
0.03834
-0.08733
-0.06609
-0.11006
-0.07099
-0.03267
-0.03678
-0.07602
-0.13198000000000001
-0.0663
-0.09945999999999999
-0.12673
-0.2444
-0.16408
-0.11099
-0.09808
-0.10106
-0.17542000000000002
-0.12815
-0.18736999999999998
-0.06817000000000001
-0.03938
-0.06145
-0.08567999999999999
-0.15864
-0.047880000000000006
-0.025390000000000003
-0.061340000000000006
-0.05511
0.08718
0.06625
0.14783
0.11164
0.02867
0.04061
0.02476
0.05971
0.08434
0.09695999999999999
0.13003
0.21921
0.10525000000000001
0.09781000000000001
0.08979
0.14704
0.04413
0.02661
-0.02067
-0.01996
0.03614
-0.019530000000000002
-0.01283
-0.028690000000000004
-0.07395
-0.08914
-0.0779
-0.20668
-0.16255
-0.1118
-0.10027
-0.062119999999999995
-0.09701
-0.04287
-0.06562
0.06017
0.13105
0.08410000000000001
0.11009000000000001
0.18513000000000002
0.11778000000000001
0.07404
0.10398
-0.0008100000000000001
-0.08757999999999999
-0.06529
-0.0742
-0.15527
-0.1386
-0.08936
-0.10478
0.01381
-0.0047599999999999995
-0.022109999999999998
-0.00628
0.13251
0.06897
0.05303
0.05251
0.12548
0.14168
0.07533000000000001
0.12404
0.06129
-0.04806
-0.02021
-0.04298
-0.03629
-0.06915
-0.06547
-0.10029
-0.11265
-0.02357
-0.01532
0.01428
0.01114
0.00534
0.03646
0.03737
0.18544
0.17278
0.10603
0.12292
0.08099
0.043289999999999995
0.03461
0.03123
-0.08836000000000001
-0.11222
-0.06839
-0.10419
-0.05319
-0.04232
-0.05853
-0.06994
-0.09747
-0.02718
-0.00136
0.00402
0.036309999999999995
0.10603
0.09301999999999999
0.12016
0.09634000000000001
0.12918
0.12422000000000001
0.17415
0.17132999999999998
0.12563000000000002
0.12237
0.1496
0.19694
0.04562
0.05576
0.060590000000000005
0.17379
0.07411
0.02931
-0.032549999999999996
-0.05627
0.0226
0.0008
-0.0028699999999999997
-0.01894
0.02504
0.0179
0.038
-0.09154999999999999
-0.09066
-0.042910000000000004
0.0028599999999999997
0.0924
-0.04853
-0.045739999999999996
-0.10233
-0.056260000000000004
-0.015700000000000002
-0.02809
-0.03625
-0.13034
0.00043999999999999996
0.008579999999999999
0.059969999999999996
0.03825
-0.06439
-0.05981
-0.08576
-0.11073000000000001
-0.10859
-0.08906
-0.11095000000000001
-0.11829
-0.16701
-0.16082000000000002
-0.20437000000000002
-0.25117
-0.20735
-0.18361999999999998
-0.25168
-0.21861999999999998
-0.08391
-0.09624
-0.08762
-0.052000000000000005
0.07869
0.0529
0.1469
0.17670000000000002
0.04867
0.07365000000000001
0.09369999999999999
0.27373000000000003
0.17899
0.11093
0.13217
0.09837
0.08062
0.06413
0.09375
0.11326
0.04173
0.03987
0.04462
0.07809
0.03716
0.02483
0.05817
0.12908
0.01398
-0.02365
-0.01512
-0.060739999999999995
-0.09914999999999999
-0.08852
-0.15078
-0.11114
-0.06148
-0.08939
-0.10651
-0.20867000000000002
-0.042249999999999996
-0.05663
-0.00042
-0.17896
-0.14104
-0.04019999999999999
0.02242
0.06679
-0.02251
0.00409
0.045110000000000004
0.08642
0.015189999999999999
0.029670000000000002
0.05411
0.12603
0.041769999999999995
0.01188
0.029769999999999998
0.017669999999999998
-0.06965
-0.06526
-0.04934
-0.14634
-0.10288
-0.047569999999999994
-0.028849999999999997
0.04958
0.012490000000000001
0.04292
0.08879
0.20754999999999998
0.058929999999999996
0.06605
0.07085
0.10942
0.08141
0.06497
0.08879
0.13528
0.06952
0.06262
0.09647
-0.007019999999999999
-0.13548
-0.06658
-0.08434
0.061079999999999995
0.021070000000000002
0.00922
-0.02561
0.05824
0.03085
0.00464
-0.03438
-0.028919999999999998
0.0724
0.04253
0.05667
-0.08689999999999999
-0.12379
-0.07848
-0.07952
-0.06613000000000001
-0.08781
-0.04827
-0.10585000000000001
-0.1149
-0.03368
-0.00943
0.00409
0.11023
0.17522
0.1598
0.17106000000000002
0.16868
0.19085000000000002
0.15945
0.20629999999999998
0.08749000000000001
0.02565
0.07261000000000001
0.09987
0.10744999999999999
-0.0694
-0.06285
-0.12672
-0.06409
-0.04804
-0.0412
-0.04555
0.00075
-0.050620000000000005
-0.05426
-0.06872
-0.04568
0.01349
0.020569999999999998
0.04269
0.09934
-0.00244
-0.008539999999999999
-0.05653
-0.10522000000000001
-0.0424
-0.02874
-0.03853
-0.08955
-0.07654
-0.05237
-0.07110999999999999
-0.08789
-0.0796
-0.031400000000000004
-0.08297
-0.0032500000000000003
0.052809999999999996
0.01238
0.00847
0.03693
0.043890000000000005
0.01905
0.025750000000000002
-0.06988
-0.13618
-0.08513
-0.15789999999999998
0.01748
0.04886
-0.0011200000000000001
-0.02396
-0.06563
0.03656
0.0466
0.06615
0.15191000000000002
0.12749
0.13879
0.12839
0.21811
0.24230000000000002
0.1663
0.18532
0.09558
0.049139999999999996
0.08294
0.08859
0.14121
-0.00753
-0.03133
-0.09083000000000001
-0.13845000000000002
-0.10093999999999999
-0.0602
-0.11067
-0.10676999999999999
0.0007099999999999999
-0.022789999999999998
-0.010329999999999999
0.11709
0.045759999999999995
0.01804
-0.00185
0.00964
-0.00869
-0.03391
-0.05051
-0.07581
-0.02993
-0.03167
-0.0562
0.00943
0.01889
-0.01691
-0.04503
-0.09478
-0.01464
0.00167
-0.00097
0.06426
0.04476
0.006690000000000001
-0.03646
-0.07229000000000001
0.05365
0.03524
0.06344999999999999
0.03852
-0.07066
-0.07812000000000001
-0.10812
-0.09681
-0.06863999999999999
-0.05981
-0.08606
-0.01909
0.00933
0.005370000000000001
-0.00292
0.09283
0.08094
0.06071
0.07019
0.17053000000000001
0.17062999999999998
0.1161
0.10428000000000001
0.08353999999999999
0.14715
0.12737
0.16669
0.19463999999999998
0.07447
0.03724
0.00479
0.07689
0.10696
0.04705
0.09398
0.0271
-0.06434000000000001
-0.04476
-0.060570000000000006
-0.00297
-0.05426
-0.05489
-0.07128
0.00978
0.03182
-0.02488
-0.0134
-0.00624
-0.02015
-0.0212
-0.01084
-0.06191
-0.06072
-0.0528
-0.05534
-0.12180999999999999
-0.06724999999999999
-0.02843
0.00431
0.14636
0.05774
0.02931
0.00357
0.13897
0.11608
0.05053
0.06964000000000001
-0.02244
-0.03717
-0.05012
-0.05495
-0.05118
-0.05535
-0.04826
-0.054329999999999996
-0.0953
-0.09996000000000001
-0.08012000000000001
-0.06271
-0.05811
-0.02025
0.01199
0.03669
0.15904
0.09945
0.07348
0.07167
0.13376
0.17148
0.10984
0.15708
0.01195
-0.00417
0.02496
0.06218
0.02215
-0.12006
-0.08088
-0.12167
-0.05314
-0.02628
-0.058730000000000004
-0.07776
-0.17223
-0.08742000000000001
-0.04218
-0.022629999999999997
0.009260000000000001
-0.01824
-0.011279999999999998
-0.0179
-0.06833
0.0028199999999999996
0.01721
0.05518
-0.00311
-0.06105000000000001
-0.01242
-0.01279
0.10603
0.06924000000000001
0.06508
0.04428
-0.03246
-0.026629999999999997
0.018000000000000002
-0.01329
0.09240999999999999
0.10281000000000001
0.05009
0.0308
-0.01838
0.026680000000000002
0.02924
0.022109999999999998
-0.07542
-0.09617
-0.05411
-0.06836
-0.00931
-0.02645
-0.0381
-0.08403000000000001
-0.08445
-0.02395
-0.01502
-0.032549999999999996
-0.05404
-0.01139
-0.009399999999999999
-0.038130000000000004
-0.07339000000000001
-0.02366
-0.00603
-0.01428
-0.09028
-0.07131
-0.03397
-0.06514
0.02758
-0.016399999999999998
-0.04009
-0.09221
-0.08744999999999999
0.00755
-0.01303
-0.04616
-0.06677
0.056749999999999995
0.0475
0.07078999999999999
0.14915
0.12719
0.10119
0.10345
0.10675000000000001
0.07517
0.07344
0.06331
0.09162000000000001
0.09301999999999999
0.08614000000000001
0.05608
0.08753
0.10468999999999999
0.08326
0.045419999999999995
0.050039999999999994
0.16523
0.11707000000000001
0.14671
0.11766
0.07985
0.0756
0.06188
0.09199
0.09461
0.06636
0.06735000000000001
0.05618
0.01697
-0.006059999999999999
-0.040119999999999996
-0.05226
0.031059999999999997
0.0207
0.041710000000000004
-0.017150000000000002
-0.03664
-0.01201
-0.030379999999999997
0.013260000000000001
0.08867000000000001
0.07753
0.1035
0.11320000000000001
0.11182
0.11091
0.12283
0.18951
0.12
0.08837999999999999
0.09388999999999999
0.028380000000000002
0.0116
0.0008500000000000001
-0.028990000000000002
-0.01276
0.032010000000000004
0.02423
0.03614
-0.02503
-0.01668
-0.0049499999999999995
0.00823
-0.00245
-0.01815
0.01809
0.02373
0.10496
0.08736000000000001
0.0673
0.05722000000000001
0.11941
0.10233
0.08842
0.08861000000000001
0.09439
0.13169
0.09827
0.13223000000000001
0.11434
0.06483
0.06869
0.02859
0.015969999999999998
0.10005000000000001
0.08882999999999999
0.11355
0.04823
0.02632
0.04748
0.05375
0.04861
0.0101
0.01462
-0.00484
-0.08637
-0.05337
-0.02098
-0.04569
-0.06423
0.012410000000000001
0.03015
0.044660000000000005
0.07498
0.0638
0.07368000000000001
0.05989
0.12125999999999999
0.0962
0.07859
0.05157
0.04077
0.10406
0.06698
0.06478
-0.017929999999999998
-0.01616
0.01057
-0.01387
-0.00873
0.02116
0.00845
-0.00338
0.03664
0.12779
0.08685999999999999
0.09651
0.02843
0.02995
0.06829
0.08840999999999999
0.12603
0.09191
0.08857
0.08778999999999999
0.09388999999999999
0.06785999999999999
0.05274
0.06126
0.07263
0.0518
0.052539999999999996
0.01057
0.06361
0.08039
0.05425
0.05726
-0.00127
0.03468
0.05301
0.05013
0.11458
0.06972
0.04092
0.011359999999999999
0.03068
0.07945
0.041580000000000006
0.06443
-0.03859
-0.06932
-0.03557
-0.042190000000000005
-0.02549
0.00125
0.00024
-0.02141
0.050839999999999996
0.048490000000000005
0.0333
0.005520000000000001
0.01853
0.11269
0.07207
0.07277
0.01458
0.03486
0.06432
0.07984
0.08638
0.057030000000000004
0.045380000000000004
0.0316
0.09615
0.1124
0.08356
0.09019
0.12946
0.15286
0.11388
0.14042
0.053
0.046130000000000004
0.06562
0.09266999999999999
0.19567
0.15946
0.09624
0.12075
0.03635
-0.027370000000000002
0.0192
0.007209999999999999
0.08321999999999999
0.06093
0.03129
0.0223
-0.04632
-0.00226
0.01921
0.03754
0.07423
0.09457
0.07482
0.08427
0.10585000000000001
0.12663
0.09754
0.1447
0.10308
0.029849999999999998
0.03659
0.008199999999999999
-0.0022
0.046349999999999995
0.03988
0.052000000000000005
0.03932
0.05299
0.058499999999999996
0.06186
-0.02346
0.0174
0.03884
0.07261000000000001
0.08013999999999999
0.0889
0.092
0.11341
0.04566
0.02045
0.057539999999999994
0.0958
0.10918
0.05276
0.05337
0.03779
0.04428
0.00624
0.020489999999999998
0.0161
-0.0255
-0.01914
-0.00047
0.0047599999999999995
-0.0593
-0.04769
-0.01918
-0.00482
-0.040389999999999995
-0.060919999999999995
-0.02789
-0.051089999999999997
-0.03141
-0.01986
-0.032029999999999996
-0.04737
-0.10017
-0.06424
-0.05045
-0.06033
-0.13263999999999998
-0.10424
-0.05579
-0.06689
-0.0031
-0.00193
-0.02161
-0.04506
-0.06423
-0.01688
-0.00153
0.00797
0.006770000000000001
-0.04232
-0.042839999999999996
-0.08155
-0.07892
0.00068
-0.01577
-0.01634
-0.10826000000000001
-0.05958
-0.02916
-0.024169999999999997
-0.04838
-0.06783
-0.0489
-0.06721
-0.04217
0.0020399999999999997
-0.015780000000000002
-0.01564
-0.02391
-0.028650000000000002
-0.039830000000000004
-0.03702
-0.08567
-0.10143
-0.08224000000000001
-0.09602000000000001
-0.15012999999999999
-0.17878
-0.13871
-0.15821
-0.09648
-0.08088
-0.09339
-0.13845000000000002
-0.08682000000000001
0.0038900000000000002
-0.02836
-0.01766
-0.08444000000000002
-0.049
-0.03641
-0.02316
-0.0163
-0.03537
-0.04923
-0.07746
-0.09187
-0.07125
-0.08712
-0.09977
-0.13635999999999998
-0.09924
-0.09234
-0.10039
-0.10214000000000001
-0.07636
-0.07599
-0.07816
-0.08402
-0.05984
-0.05391
-0.05624
-0.03237
-0.004050000000000001
-0.013859999999999999
-0.01994
0.03725
0.04048
0.01044
0.0302
-0.02842
-0.05367
-0.05025
-0.039529999999999996
-0.0781
-0.09035
-0.0723
-0.07904
-0.06891
-0.07503
-0.07239
-0.07104
-0.08128
-0.10278999999999999
-0.09992000000000001
-0.10751
-0.10541
-0.08696999999999999
-0.08092
-0.06032
-0.02289
-0.07611
-0.07400999999999999
-0.1025
-0.07207
0.009340000000000001
-0.01722
0.005829999999999999
-0.01168
-0.044050000000000006
-0.03136
-0.01521
-0.00345
-0.0415
-0.05742
-0.06797
-0.10336000000000001
-0.06947
-0.0726
-0.0692
-0.12039
-0.14432
-0.12328
-0.1512
-0.13763
-0.07475
-0.07432
-0.06
-0.039689999999999996
-0.0443
-0.05762
-0.05252
-0.04409
-0.02398
-0.020470000000000002
-0.01861
0.02012
0.011899999999999999
-0.0014399999999999999
0.028399999999999998
-0.019039999999999998
-0.0852
-0.05826
-0.08248
-0.03738
7.000000000000001e-05
-0.02699
-0.04806
-0.09501
-0.037970000000000004
-0.02804
-0.00793
-0.04666000000000001
-0.06274
-0.06093
-0.07386999999999999
-0.09019
-0.06674000000000001
-0.06606
-0.07024
-0.0663
-0.04856
-0.06292
-0.05867
-0.07131
-0.04124
-0.0463
-0.02866
-0.048470000000000006
-0.05762
-0.048010000000000004
-0.057679999999999995
-0.08832000000000001
-0.05098
-0.028290000000000003
-0.010780000000000001
0.0022
-0.0302
-0.03211
-0.02242
-0.06862
-0.08632
-0.05386
-0.049
-0.00957
-0.033690000000000005
-0.04415
-0.040810000000000006
-0.00153
-0.01724
-0.02928
-0.01158
-0.03573
-0.07873000000000001
-0.06024
-0.06694
-0.00439
-0.02352
-0.03058
-0.03178
-0.02101
-0.01343
-0.01933
-0.0368
0.0057599999999999995
0.02683
0.01758
0.03169
0.048179999999999994
0.0384
0.02399
0.01637
0.00077
0.03836
0.02963
0.05008
0.07125
0.01044
-0.00862
-0.02308
-0.02189
-0.01925
-0.030590000000000003
-0.04646
-0.08721999999999999
0.0028399999999999996
-0.01122
-0.0014000000000000002
-0.09335
-0.0564
-0.01854
0.01478
-0.01226
-0.00972
0.01528
0.04046
0.049139999999999996
0.03788
0.0492
0.06913
0.08668
0.048920000000000005
0.06656
0.06847
0.08896000000000001
0.05578
0.04718
0.06404
0.0742
0.04063
0.03411
0.0223
-0.021709999999999997
-0.02743
-0.01993
-0.03025
-0.042
0.00135
-0.007209999999999999
0.013540000000000002
-0.023719999999999998
-0.03341
-0.01254
0.0028399999999999996
0.00544
-0.04407
-0.015029999999999998
-0.03213
-0.02992
0.01045
0.016890000000000002
0.017150000000000002
0.014690000000000002
0.04511999999999999
0.04645
0.05981
0.04642
0.0064600000000000005
0.011120000000000001
-0.011899999999999999
-0.06017
0.00065
0.02352
0.02918
0.00425
-0.03629
-0.013009999999999999
-0.04119
-0.00202
0.0333
0.025929999999999998
0.03818
0.00766
0.01655
0.02178
0.04903
0.038060000000000004
-0.010509999999999999
0.0213
0.027690000000000003
0.0827
0.05038
0.04904
0.03769
0.06921000000000001
0.09417
0.07989
0.09748
0.12752
0.0525
0.043280000000000006
0.00094
-0.014159999999999999
0.01171
0.01743
0.00623
0.027360000000000002
0.01824
0.00146
-0.02579
-0.00852
0.03907
0.02473
0.02114
0.02244
0.08599
0.060250000000000005
0.08948
0.02912
0.041589999999999995
0.05886
0.06868
0.06492
0.03567
0.05366
0.04393
0.0553
0.0409
0.03617
0.03248
-0.00659
0.01763
0.02904
0.0287
0.02212
0.03034
0.03852
0.05104
0.07126
0.05179
0.04341999999999999
0.04115
0.08977
0.06977
0.05776
0.043840000000000004
0.00658
0.033319999999999995
0.04165
0.03709
0.01355
0.0319
0.03716
0.051710000000000006
0.05229
0.04289
0.05391
0.06022
0.08458
0.06558
0.05698
0.05389
0.04707
0.04045
0.044180000000000004
0.043120000000000006
0.0553
0.032959999999999996
0.026789999999999998
0.01745
0.01886
0.02097
0.01322
0.01601
0.0029
0.0074
0.01402
0.01348
0.00813
0.00875
0.0171
0.020550000000000002
0.03331
0.03455
0.03216
0.031349999999999996
0.022000000000000002
0.01586
0.01887
0.01656
0.02751
0.03345
0.02796
0.03015
0.02139
0.01608
0.02023
0.021920000000000002
0.01809
0.0121
0.01509
0.00987
0.016810000000000002
0.01452
0.01183
0.00935
0.007189999999999999
0.00728
0.00747
0.005829999999999999
0.00513
0.00732
0.00513
0.00404
0.0046700000000000005
0.0054600000000000004
0.0057599999999999995
0.00457
0.00496
0.007209999999999999
0.00632
0.00462
0.00657
0.00661
0.00631
0.0062900000000000005
0.0042699999999999995
0.00363
0.00387
0.0031
0.0027
0.0020599999999999998
0.0016200000000000001
0.00156
0.0013
0.0005600000000000001
0.0005899999999999999
0.00045
0.00035000000000000005
0.00018999999999999998
0.0
0.0
0.0
0.0
0.0
0.0
0.0
0.0
0.0
0.0
0.0
0.0
0.0
0.0
0.0
0.0
0.0
0.0
0.0
0.0
0.0
0.0
0.0
0.0
0.0
0.0
0.0
0.0
0.0
0.0
0.0
0.0
0.0
0.0
0.0
0.0
0.0
0.0
0.0
0.0
0.0
0.0
0.0
0.0
0.0
0.0
0.0
0.0
0.0
0.0
0.0
0.0
0.0
0.0
0.0
0.0
0.0
0.0
0.0
0.0
0.0
0.0
0.0
0.0
0.0
0.0
0.0
0.0
0.0
0.0
0.0
0.0
0.0
0.0
0.0
0.0
0.0
0.0
0.0
0.0
0.0
0.0
0.0
0.0
0.0
0.0
0.0
0.0
0.0
0.0
0.0
0.0
0.0
0.0
0.0
0.0
0.0
0.0
0.0
0.0
0.0
0.0
0.0
0.0
0.0
0.0
0.0
0.0
0.0
0.0
0.0
0.0
0.0
0.0
0.0
0.0
0.0
0.0
0.0
0.0
0.0
0.0
0.0
0.0
0.0
0.0
0.0
0.0
0.0
0.0
0.0
0.0
0.0
0.0
0.0
0.0
0.0
0.0
0.0
0.0
0.0
0.0
0.0
0.0
0.0
0.0
0.0
0.0
0.0
0.0
0.0
0.0
0.0
0.0
0.0
0.0
0.0
0.0
0.0
0.0
0.0
0.0
0.0
0.0
0.0
0.0
0.0
0.0
0.0
0.0
0.0
0.0
0.0
0.0
0.0
0.0
0.0
0.0
0.0
0.0
0.0
0.0
0.0
0.0
0.0
0.0
0.0
0.0
0.0
0.0
0.0
0.0
0.0
0.0
0.0
0.0
0.0
0.0
0.0
0.0
0.0
0.0
0.0
0.0
0.0
0.0
0.0
0.0
0.0
0.0
0.0
0.0
0.0
0.0
0.0
0.0
0.0
0.0
0.0
0.0
0.0
0.0
0.0
0.0
0.0
0.0
0.0
0.0
0.0
0.0
0.0
0.0
0.0
0.0
0.0
0.0
0.0
0.0
0.0
0.0
0.0
0.0
0.0
0.0
0.0
0.0
0.0
0.0
0.0
0.0
0.0
0.0
0.0
0.0
0.0
0.0
0.0
0.0
0.0
0.0
0.0
0.0
0.0
0.0
0.0
0.0
0.0
0.0
0.0
0.0
0.0
0.0
0.0
0.0
0.0
0.0
0.0
0.0
0.0
0.0
0.0
0.0
0.0
0.0
0.0
0.0
0.0
0.0
0.0
0.0
0.0
0.0
0.0
0.0
0.0
0.0
0.0
0.0
0.0
0.0
0.0
0.0
0.0
0.0
0.0
0.0
0.0
0.0
0.0
0.0
0.0
0.0
0.0
0.0
0.0
0.0
0.0
0.0
0.0
0.0
0.0
0.0
0.0
0.0
0.0
0.0
0.0
0.0
0.0
0.0
0.0
0.0
0.0
0.0
0.0
0.0
0.0
0.0
0.0
0.0
0.0
0.0
0.0
0.0
0.0
0.0
0.0
0.0
0.0
0.0
0.0
0.0
0.0
0.0
0.0
0.0
0.0
0.0
0.0
0.0
0.0
0.0
0.0
0.0
0.0
0.0
0.0
0.0
0.0
0.0
0.0
0.0
0.0
0.0
0.0
0.0
0.0
0.0
0.0
0.0
0.0
0.0
0.0
0.0
0.0
0.0
0.0
0.0
0.0
0.0
0.0
0.0
0.0
0.0
0.0
0.0
0.0
0.0
0.0
0.0
0.0
0.0
0.0
0.0
0.0
0.0
0.0
0.0
0.0
0.0
0.0
0.0
0.0
0.0
0.0
0.0
0.0
0.0
0.0
0.0
0.0
0.0
0.0
0.0
0.0
0.0
0.0
0.0
0.0
0.0
0.0
0.0
0.0
0.0
0.0
0.0
0.0
0.0
0.0
0.0
0.0
0.0
0.0
0.0
0.0
0.0
0.0
0.0
0.0
0.0
0.0
0.0
0.0
0.0
0.0
0.0
0.0
0.0
0.0
0.0
0.0
0.0
0.0
0.0
0.0
0.0
0.0
0.0
0.0
0.0
0.0
0.0
0.0
0.0
0.0
0.0
0.0
0.0
0.0
0.0
0.0
0.0
0.0
0.0
0.0
0.0
0.0
0.0
0.0
0.0
0.0
0.0
0.0
0.0
0.0
0.0
0.0
0.0
0.0
0.0
0.0
0.0
0.0
0.0
0.0
0.0
0.0
0.0
0.0
0.0
0.0
0.0
0.0
0.0
0.0
0.0
0.0
0.0
0.0
0.0
0.0
0.0
0.0
0.0
0.0
0.0
0.0
0.0
0.0
0.0
0.0
0.0
0.0
0.0
0.0
0.0
0.0
0.0
0.0
0.0
0.0
0.0
0.0
0.0
0.0
0.0
0.0
0.0
0.0
0.0
0.0
0.0
0.0
0.0
0.0
0.0
0.0
0.0
0.0
0.0
0.0
0.0
0.0
0.0
0.0
0.0
0.0
0.0
0.0
0.0
0.0
0.0
0.0
0.0
0.0
0.0
0.0
0.0
0.0
0.0
0.0
0.0
0.0
0.0
0.0
0.0
0.0
0.0
0.0
0.0
0.0
0.0
0.0
0.0
0.0
0.0
0.0
0.0
0.0
0.0
0.0
0.0
0.0
0.0
0.0
0.0
0.0
0.0
0.0
0.0
0.0
0.0
0.0
0.0
0.0
0.0
0.0
0.0
0.0
0.0
0.0
0.0
0.0
0.0
0.0
0.0
0.0
0.0
0.0
0.0
0.0
0.0
0.0
0.0
0.0
0.0
0.0
0.0
0.0
0.0
0.0
0.0
0.0
0.0
0.0
0.0
0.0
0.0
0.0
0.0
0.0
0.0
0.0
0.0
0.0
0.0
0.0
0.0
0.0
0.0
0.0
0.0
0.0
0.0
0.0
0.0
0.0
0.0
0.0
0.0
0.0
0.0
0.0
0.0
0.0
0.0
0.0
0.0
0.0
0.0
0.0
0.0
0.0
0.0
0.0
0.0
0.0
0.0
0.0
0.0
0.0
0.0
0.0
0.0
0.0
0.0
0.0
0.0
0.0
0.0
0.0
0.0
0.0
0.0
0.0
0.0
0.0
0.0
0.0
0.0
0.0
0.0
0.0
0.0
0.0
0.0
0.0
0.0
0.0
0.0
0.0
0.0
0.0
0.0
0.0
0.0
0.0
0.0
0.0
0.0
0.0
0.0
0.0
0.0
0.0
0.0
0.0
0.0
0.0
0.0
0.0
0.0
0.0
0.0
0.0
0.0
0.0
0.0
0.0
0.0
0.0
0.0
0.0
0.0
0.0
0.0
0.0
0.0
0.0
0.0
0.0
0.0
0.0
0.0
0.0
0.0
0.0
0.0
0.0
0.0
0.0
0.0
0.0
0.0
0.0
0.0
0.0
0.0
0.0
0.0
0.0
0.0
0.0
0.0
0.0
0.0
0.0
0.0
0.0
0.0
0.0
0.0
0.0
0.0
0.0
0.0
0.0
0.0
0.0
0.0
0.0
0.0
0.0
0.0
0.0
0.0
0.0
0.0
0.0
0.0
0.0
0.0
0.0
0.0
0.0
0.0
0.0
0.0
0.0
0.0
0.0
0.0
0.0
0.0
0.0
0.0
0.0
0.0
0.0
0.0
0.0
0.0
0.0
0.0
0.0
0.0
0.0
0.0
0.0
0.0
0.0
0.0
0.0
0.0
0.0
0.0
0.0
0.0
0.0
0.0
0.0
0.0
0.0
0.0
0.0
0.0
0.0
0.0
0.0
0.0
0.0
0.0
0.0
0.0
0.0
0.0
0.0
0.0
0.0
0.0
0.0
0.0
0.0
0.0
0.0
0.0
0.0
0.0
0.0
0.0
0.0
0.0
0.0
0.0
0.0
0.0
0.0
0.0
0.0
0.0
0.0
0.0
0.0
0.0
0.0
0.0
0.0
0.0
0.0
0.0
0.0
0.0
0.0
0.0
0.0
0.0
0.0
0.0
0.0
0.0
0.0
0.0
0.0
0.0
0.0
0.0
0.0
0.0
0.0
0.0
0.0
0.0
0.0
0.0
0.0
0.0
0.0
0.0
0.0
0.0
0.0
0.0
0.0
0.0
0.0
0.0
0.0
0.0
0.0
0.0
0.0
0.0
0.0
0.0
0.0
0.0
0.0
0.0
0.0
0.0
0.0
0.0
0.0
0.0
0.0
0.0
0.0
0.0
0.0
0.0
0.0
0.0
0.0
0.0
0.0
0.0
0.0
0.0
0.0
0.0
0.0
0.0
0.0
0.0
0.0
0.0
0.0
0.0
0.0
0.0
0.0
0.0
0.0
0.0
0.0
0.0
0.0
0.0
0.0
0.0
0.0
0.0
0.0
0.0
0.0
0.0
0.0
0.0
0.0
0.0
0.0
0.0
0.0
0.0
0.0
0.0
0.0
0.0
0.0
0.0
0.0
0.0
0.0
0.0
0.0
0.0
0.0
0.0
0.0
0.0
0.0
0.0
0.0
0.0
0.0
0.0
0.0
0.0
0.0
0.0
0.0
0.0
0.0
0.0
0.0
0.0
0.0
0.0
0.0
0.0
0.0
0.0
0.0
0.0
0.0
0.0
0.0
0.0
0.0
0.0
0.0
0.0
0.0
0.0
0.0
0.0
0.0
0.0
0.0
0.0
0.0
0.0
0.0
0.0
0.0
0.0
0.0
0.0
0.0
0.0
0.0
0.0
0.0
0.0
0.0
0.0
0.0
0.0
0.0
0.0
0.0
0.0
0.0
0.0
0.0
0.0
0.0
0.0
0.0
0.0
0.0
0.0
0.0
0.0
0.0
0.0
0.0
0.0
0.0
0.0
0.0
0.0
0.0
0.0
0.0
0.0
0.0
0.0
0.0
0.0
0.0
0.0
0.0
0.0
0.0
0.0
0.0
0.0
0.0
0.0
0.0
0.0
0.0
0.0
0.0
0.0
0.0
0.0
0.0
0.0
0.0
0.0
0.0
0.0
0.0
0.0
0.0
0.0
0.0
0.0
0.0
0.0
0.0
0.0
0.0
0.0
0.0
0.0
0.0
0.0
0.0
0.0
0.0
0.0
0.0
0.0
0.0
0.0
0.0
0.0
0.0
0.0
0.0
0.0
0.0
0.0
0.0
0.0
0.0
0.0
0.0
0.0
0.0
0.0
0.0
0.0
0.0
0.0
0.0
0.0
0.0
0.0
0.0
0.0
0.0
0.0
0.0
0.0
0.0
0.0
0.0
0.0
0.0
0.0
0.0
0.0
0.0
0.0
0.0
0.0
0.0
0.0
0.0
0.0
0.0
0.0
0.0
0.0
0.0
0.0
0.0
0.0
0.0
0.0
0.0
0.0
0.0
0.0
0.0
0.0
0.0
0.0
0.0
0.0
0.0
0.0
0.0
0.0
0.0
0.0
0.0
0.0
0.0
0.0
0.0
0.0
0.0
0.0
0.0
0.0
0.0
0.0
0.0
0.0
0.0
0.0
0.0
0.0
0.0
0.0
0.0
0.0
0.0
0.0
0.0
0.0
0.0
0.0
0.0
0.0
0.0
0.0
0.0
0.0
0.0
0.0
0.0
0.0
0.0
0.0
0.0
0.0
0.0
0.0
0.0
0.0
0.0
0.0
0.0
0.0
0.0
0.0
0.0
0.0
0.0
0.0
0.0
0.0
0.0
0.0
0.0
0.0
0.0
0.0
0.0
0.0
0.0
0.0
0.0
0.0
0.0
0.0
0.0
0.0
0.0
0.0
0.0
0.0
0.0
0.0
0.0
0.0
0.0
0.0
0.0
0.0
0.0
0.0
0.0
0.0
0.0
0.0
0.0
0.0
0.0
0.0
0.0
0.0
0.0
0.0
0.0
0.0
0.0
0.0
0.0
0.0
0.0
0.0
0.0
0.0
0.0
0.0
0.0
0.0
0.0
0.0
0.0
0.0
0.0
0.0
0.0
0.0
0.0
0.0
0.0
0.0
0.0
0.0
0.0
0.0
0.0
0.0
0.0
0.0
0.0
0.0
0.0
0.0
0.0
0.0
0.0
0.0
0.0
0.0
0.0
0.0
0.0
0.0
0.0
0.0
0.0
0.0
0.0
0.0
0.0
0.0
0.0
0.0
0.0
0.0
0.0
0.0
0.0
0.0
0.0
0.0
0.0
0.0
0.0
0.0
0.0
0.0
0.0
0.0
0.0
0.0
0.0
0.0
0.0
0.0
0.0
0.0
0.0
0.0
0.0
0.0
0.0
0.0
0.0
0.0
0.0
0.0
0.0
0.0
0.0
0.0
0.0
0.0
0.0
0.0
0.0
0.0
0.0
0.0
0.0
0.0
0.0
0.0
0.0
0.0
0.0
0.0
0.0
0.0
0.0
0.0
0.0
0.0
0.0
0.0
0.0
0.0
0.0
0.0
0.0
0.0
0.0
0.0
0.0
0.0
0.0
0.0
0.0
0.0
0.0
0.0
0.0
0.0
0.0
0.0
0.0
0.0
0.0
0.0
0.0
0.0
0.0
0.0
0.0
0.0
0.0
0.0
0.0
0.0
0.0
0.0
0.0
0.0
0.0
0.0
0.0
0.0
0.0
0.0
0.0
0.0
0.0
0.0
0.0
0.0
0.0
0.0
0.0
0.0
0.0
0.0
0.0
0.0
0.0
0.0
0.0
0.0
0.0
0.0
0.0
0.0
0.0
0.0
0.0
0.0
0.0
0.0
0.0
0.0
0.0
0.0
0.0
0.0
0.0
0.0
0.0
0.0
0.0
0.0
0.0
0.0
0.0
0.0
0.0
0.0
0.0
0.0
0.0
0.0
0.0
0.0
0.0
0.0
0.0
0.0
0.0
0.0
0.0
0.0
0.0
0.0
0.0
0.0
0.0
0.0
0.0
0.0
0.0
0.0
0.0
0.0
0.0
0.0
0.0
0.0
0.0
0.0
0.0
0.0
0.0
0.0
0.0
0.0
0.0
0.0
0.0
0.0
0.0
0.0
0.0
0.0
0.0
0.0
0.0
0.0
0.0
0.0
0.0
0.0
0.0
0.0
0.0
0.0
0.0
0.0
0.0
0.0
0.0
0.0
0.0
0.0
0.0
0.0
0.0
0.0
0.0
0.0
0.0
0.0
0.0
0.0
0.0
0.0
0.0
0.0
0.0
0.0
0.0
0.0
0.0
0.0
0.0
0.0
0.0
0.0
0.0
0.0
0.0
0.0
0.0
0.0
0.0
0.0
0.0
0.0
0.0
0.0
0.0
0.0
0.0
0.0
0.0
0.0
0.0
0.0
0.0
0.0
0.0
0.0
0.0
0.0
0.0
0.0
0.0
0.0
0.0
0.0
0.0
0.0
0.0
0.0
0.0
0.0
0.0
0.0
0.0
0.0
0.0
0.0
0.0
0.0
0.0
0.0
0.0
0.0
0.0
0.0
0.0
0.0
0.0
0.0
0.0
0.0
0.0
0.0
0.0
0.0
0.0
0.0
0.0
0.0
0.0
0.0
0.0
0.0
0.0
0.0
0.0
0.0
0.0
0.0
0.0
0.0
0.0
0.0
0.0
0.0
0.0
0.0
0.0
0.0
0.0
0.0
0.0
0.0
0.0
0.0
0.0
0.0
0.0
0.0
0.0
0.0
0.0
0.0
0.0
0.0
0.0
0.0
0.0
0.0
0.0
0.0
0.0
0.0
0.0
0.0
0.0
0.0
0.0
0.0
0.0
0.0
0.0
0.0
0.0
0.0
0.0
0.0
0.0
0.0
0.0
0.0
0.0
0.0
0.0
0.0
0.0
0.0
0.0
0.0
0.0
0.0
0.0
0.0
0.0
0.0
0.0
0.0
0.0
0.0
0.0
0.0
0.0
0.0
0.0
0.0
0.0
0.0
0.0
0.0
0.0
0.0
0.0
0.0
0.0
0.0
0.0
0.0
0.0
0.0
0.0
0.0
0.0
0.0
0.0
0.0
0.0
0.0
0.0
0.0
0.0
0.0
0.0
0.0
0.0
0.0
0.0
